,날짜,기사 제목,기사 링크,기사 출처,기사 내용
0,2016-12-23,"""진실이 궁금해서, 죄책감 때문에…나는 정덕이 됐다""",https://news.naver.com/main/read.nhn?mode=LSD&mid=shm&sid1=102&oid=032&aid=0002752572,경향신문,"ㆍ정덕 오브 정덕 “내가 정덕이 된 이유”<여기를 누르면 크게 보실 수 있습니다>■최순실 회사 ‘유벨’ 찾은 독일 정덕 ㄱ씨“익숙한 독일 지명들이 언론에…틈날 때마다 최씨 행적 추적심증이 물증으로 바뀌자 한국에 알려야겠다는 사명감 느껴”최순실과 정윤회가 재산을 은닉하기 위해 1990년대 독일에 ‘유벨(Jubel)’이란 회사를 설립한 사실을 밝혀낸 사람은 검찰도, 기자도 아니었다. 독일에 살고 있는 40대 중년의 평범한 교민이었다.박근혜·최순실 게이트의 독일 ‘수사팀장’을 자처하고 있는 트위터리안 아바리스(@abaris)는 최순실 관련 의혹이 한국에서 처음 보도될 때만 해도 ‘대형 스캔들이 또 터졌구나’라는 정도로만 생각했다. 퇴근 후 헬스를 하고, 주말엔 책을 보던 그의 단순한 일상을 흔들어 놓은 것은 최순실이 독일에 유령회사 ‘비덱’을 세웠다는 경향신문의 보도였다. “그때부터 제가 살고 있는 프랑크푸르트의 익숙한 지명들이 언론에 오르내리기 시작하더라고요. 자연스레 관심을 갖게 됐어요. 과연 진실은 무엇일까 하는 호기심도 커졌고요.”오랫동안 독일에서 사업을 해온 그는 거래처 기업 정보를 파악할 때 활용했던 기업정보 사이트 ‘머니하우스’를 토대로 최순실의 차명재산을 찾아보기 시작했다. 의심 가는 업체의 이름이 나오면 독일 뉴스와 SNS를 검색하며 퍼즐을 맞춰나갔다. 최씨의 차명재산으로 추정되는 프랑크푸르트 근교의 부동산은 직접 찾아가 눈으로 확인하기도 했다. “거의 두달간 하루종일 맹렬하게 뒤졌어요. 운전을 하다가도 아이디어가 떠오르면 휴게소에 차를 세우고 자료를 찾아봤죠. 3시간이면 도착할 거리를 5시간 걸려 다니곤 했을 정도였으니까요.”그 과정에서 찾아낸 것이 바로 ‘유벨’이었다. 정유라(Chung Yoo Ra)의 이름을 검색하다가 실수로 ‘정윤(Chung Yoon)’이라고 오타를 쳤더니 예상치 않게 정윤회(Chung Yoon Hoe)가 1992년 최순실과 설립했던 회사 이름이 뜬 것이다. 그는 “역사적 발견을 한 것이라 자부하고 있다”면서 웃었다. “정윤회, 최순실, 정유라의 이름으로 아무리 검색해도 나오지 않던 그 회사를 우연히 찾게 된 것은 최순실이 국민들에게 재산을 돌려줘야 한다는 신의 뜻으로 여기고 있다”고 말했다.그는 자신이 밝혀낸 은밀한 사실들을 한국에 알려야 한다는 사명감으로 트위터에 글을 올리기 시작했다. 그의 트위터를 본 다른 누리꾼들에게서 각종 제보가 쏟아졌다. 독일에서는 회사를 설립할 때 반드시 본인의 서명이 필요한데, 제보를 바탕으로 추정해 본 최씨의 출입국 시기와 유령회사들이 설립된 시기를 대조해보니 정확히 동선이 겹쳐졌다.최씨의 은닉 재산을 찾는 데는 현지 언론을 움직이는 것도 방법이라 생각한 그는 독일 내 모든 신문사의 트위터 계정에 제보도 했다.그는 일반 시민으로서 자신이 할 수 있는 일은 거의 끝나가고 있는 것 같다고 말했다. “특검에서 모든 것을 파헤쳐주길 열망합니다. 만약 최순실의 독일 은닉 재산이 최종적으로 한국으로 환수된다면 ‘내가 한국인으로서 정말 의미 있는 일을 했구나’ 싶은 생각이 들 것 같아요.”■김기춘 거짓말 잡아낸 주갤 정덕 ㄴ씨“얄팍한 변명 일삼는 김기춘 그대로 둬선 안된다는 생각 들어청문회 제보 뒤 나 같은 시민도 할 수 있는 일 있단 걸 깨달아”시종일관 최순실과의 관계를 부정하던 김기춘 전 대통령비서실장의 눈빛이 흔들리던 시각, ‘청문회 스타’로 떠오른 ‘주식갤러리(주갤)’에서는 “해냈다”는 환호가 쏟아졌다. 최순실이 언급되는 2007년 박근혜 한나라당 대선 후보 검증 청문회에 등장한 김기춘의 동영상을 박영선 더불어민주당 의원에게 제보한 ‘○○’에게는 “순대국밥을 쏘겠다”는 감사의 댓글들이 달렸다.제보자 ○○의 정체는 금융권에 종사하는 ‘평범한’ 30대 직장인 ㄴ씨였다. 그는 스스로를 “직업상 여당 성향을 갖고 있어야 성공에 유리하지만 야당 성향을 띤, 그러나 운동권은 아닌 사람”이라고 소개했다. 자신은 박 의원의 전화번호를 수소문해 동영상을 전달하는 역할만 했을 뿐 집단지성의 힘을 보여준 사례라고 강조했다.“사실 이걸 보낸다고 의원이 확인해볼까 하는 의구심은 있었어요. (일개 시민인) 내가 뭘 한다고 세상이 전진하는 것도, 뒤로 가는 것도 아니라고 생각했고요. 그렇지만 얄팍한 변명으로 빠져나가려는 김기춘 같은 사람들을 그대로 둬선 안된다는 생각에 밑져야 본전이란 마음으로 보냈죠.” 그는 그렇게 청문회에 제보를 한 첫번째 시민이 됐고, 평범한 사람들의 분노가 모였을 때 얼마나 큰 힘이 되는지 보여주고 싶었다던 그의 바람은 현실이 됐다.ㄴ씨는 ‘정덕’으로 거듭나게 된 계기에 대해 “그간 진실을 외면하려 했던 것에 대한 죄책감 때문”이라고 말했다. 2014년 정윤회 문건이 유출됐을 때는 ‘행정관 하나 잘린 것이 뭐 그리 대수냐’ 싶었고, 세월호가 침몰했을 때도 가슴은 아팠지만 얼마나 큰 문제인지 잘 몰랐다고 했다. 그런데 이제와 퍼즐을 맞춰보니 그간 그들의 목소리를 들어주지 못했던 것이 너무 미안해졌다는 것이었다.그는 처음에는 자신의 존재가 드러날까 두려워 언론의 인터뷰 요청을 거절했지만 “나와 같은 일개 누리꾼도 할 수 있는 일이 있다”는 걸 알려주고 싶어 응하게 됐다고 말했다.‘주식 빼고 다 잘하는’ 주갤이 박근혜·최순실 게이트에서 명탐정 갤러리로 거듭나게 된 데는 익명의 힘이 컸다고 분석했다. 다른 사이트와 달리 본인 인증절차가 없기 때문에 누구든 자유롭게 글을 올릴 수 있다는 장점이 십분 발휘된 덕이란 것이다. 이후 ‘주갤’은 ‘우병우 찾기’로 또 한 번 스포트라이트를 받았다. “주갤이 원래 정치 이야기를 많이 하는 게시판은 아니었어요. 제가 보기에는 정치에 큰 관심없던 진짜 평범했던 사람들이 나라 돌아가는 꼴 보고 열 받아서 뭐라도 해보자 나서다가 이런 분위기가 형성된 것 같아요.”그는 “감시하지 않는 권력은 무의미하다”는 점을 깨달았다고 역설했다. “네거티브를 공작 정치로만 받아들이는 경향이 있는데, 뽑은 사람을 철저히 검증하는 과정이 반드시 필요해요. 국민들이 지켜보고 있다는 걸 느끼게 해줘야 합니다.”■박근핵닷컴 만든 IT 정덕 강윤모씨“뉴스 보며 답답해하는 사람들 위해 탄핵 참여 사이트 개설박근핵닷컴처럼 정치에 IT 접목한 시도들 많이 생겨났으면”11월 초의 어느 저녁, 회사에서 촛불시위 생중계를 휴대폰으로 보고 있던 한 시민이 있었다. 마음은 이미 광화문 광장에 있었지만 회사 잔업 때문에 갈 수가 없었다. 그때만 해도 촛불시위에 참여하는 사람들이 이렇게 많지 않을 때였다. 네이버 실시간 검색어로 ‘살수차’가 뜨는 등 정부의 강경 진압 우려도 커지고 있었다.‘뉴스만 보며 답답해하는 사람들까지 직접 참여하게 할 수 있는 방법은 없을까. 촛불시위도 중요하지만 우리들이 진짜 해야 할 일은 박근혜 대통령 탄핵안을 통과시키도록 국회의원들을 움직이는 것 아닐까.’ 그로부터 약 한달 후인 12월1일. 익숙하면서도 낯선 단어 하나가 검색어에 올랐다. ‘박근핵닷컴’. 유권자들이 지역구 국회의원에게 e메일을 보내 박 대통령 탄핵을 요청하고 그에 대한 답변을 받을 수 있도록 돕는 웹사이트였다. 22일 오후 현재까지 이 사이트를 통해 청원에 참여한 사람은 92만명이 넘는다. 구글이 발표한 ‘2016년 한국의 뉴스·사회 분야 인기 검색어’에서 ‘박근핵닷컴’은 3위를 차지했다.그 한 시민이 바로 미국 스타트업 기업인 ‘피스컬노트’의 강윤모 한국 지사장이었다. 평소 알고 지내던 개발자 동료 3명이 ‘박근핵닷컴’ 프로젝트에 동참했다. 강씨에 따르면 이들 역시 다른 IT(정보기술) 스타트업에 근무하는 평범한 직장인이다. 특이사항이 있다면 이들은 시국에 대한 분노를 자신들의 재능기부를 통해 풀었다는 점, 그리고 이들 중 한 명의 부모님은 ‘여전한 박근혜 대통령의 지지자’라는 점이다.“우리들끼리 처음부터 했던 이야기가 ‘탄핵을 선동하진 말자’였어요. 다만 탄핵을 원하는 사람들이 저렇게 많으니 그들이 안전하게 자신들의 목소리를 낼 수 있도록 돕자는 것이 우리의 목표였죠.”명확한 목표가 있었기에 기획부터 준비까지 한 달이 채 걸리지 않았다. 의원들의 e메일 주소를 확보하는 데 주력했다. 오가며 받았던 명함들을 활용했고 국회 사이트 등을 참고했다. 홈페이지 도메인은 강씨가 사비를 털어 준비했다. 서버 유지 비용이 늘어나면서 후원금을 받기 시작했다. 그렇게 모인 금액이 3900만원 정도. 이 금액은 정산이 끝나는 대로 사용 내역을 투명하게 공개할 예정이다.그는 “시민들이 인터넷을 통해 직접적인 ‘정치적 액션’을 취할 수 있도록 했다는 데 박근핵닷컴의 의의가 있는 것 같다”고 말했다. 박근핵닷컴은 박 대통령을 끌어내리기 위한 탄핵 투표권이 국회의원들에게 있고, 그 국회의원들을 좌지우지하는 것이 유권자인 시민들이라는 점에 주목했다.“박 대통령의 탄핵안이 통과됐으니 저와 동료들은 이제 각자의 일터로 돌아가야죠앞으로도 박근핵닷컴처럼 정치에 IT를 접목한 새로운 시도들이 많이 생겨났으면 좋겠어요정치 참여는 ‘선택’의 문제가 아닌 것 같아요하면 한 만큼, 안 하면 안 한 만큼 결과를 돌려받게 되니까요.”<김지윤 기자 june@kyunghyang.com>▶ 경향신문 SNS[트위터][페이스북]▶[인기 무료만화 보기]©경향신문(www.khan.co.kr), 무단전재 및 재배포 금지"
1,2016-12-23,"""겨울철 미세먼지는 고농도"" 독성 강해 더 위험",https://news.naver.com/main/read.nhn?mode=LSD&mid=shm&sid1=103&oid=214&aid=0000714792,MBC,"[뉴스데스크]◀ 앵커 ▶12월 들어 전국적으로 미세먼지 주의보가 26번이나 발령됐습니다.다른 시기보다 겨울철 미세먼지는 독성이 훨씬 강해서 뇌졸중 위험을 더 높인다는 연구 결과가 나왔습니다.박영일 기자입니다.◀ 리포트 ▶버스 정류장 옆 판매대에서 일하는 상인들은 미세먼지 때문에 숨쉬기가 불편합니다.[가판대 상인]""매연 때문에 아무래도 많이 텁텁하죠, 여름이나 겨울이나….""정류장 주변의 미세먼지 농도를 재봤더니 '나쁨' 수준인 125마이크로그램이 나왔습니다.특히 요즘 같은 겨울철엔 미세먼지 농도가 짙어지고 독성이 한층 강해집니다.찬 공기가 아래로 깔리면서 대기 순환이 안 돼 오염물질이 그대로 머무는데다, 난방연료 사용이 늘면서 납과 같은 중금속 물질도 20% 이상 증가합니다.[홍유덕/국립환경과학원 대기환경연구과장]""같은 농도라 하더라도 봄철에 나오는 황사에 비해서는 인체에 미치는 영향이 다소 높다고….""석탄 연료 사용이 많은 중국에서 겨울철 편서풍을 타고 건너오는 미세먼지도 독성 증가의 원인입니다.[임영욱/연세대 환경공해연구소 부소장]""니켈이나 카드뮴과 같이 발암성 물질들의 함량이 굉장히 높게 함유되어 있기 때문에 그 먼지의 성분이 훨씬 더 해로운….""이에 따라 뇌졸중 위험도 높아집니다.지난 2011년부터 3년간 전국 12개 병원의 환자 1만여 명을 분석한 결과 미세먼지 농도가 10마이크로그램 높아질 때마다 뇌졸중 위험은 5%씩 커지는 것으로 나타났습니다.[방오영/삼성서울병원 신경과 교수]""(미세먼지가) 혈액 내 흡수되어서 혈관 내벽이라든가 심장에 직접적으로 침착이 되어서 동맥경화증이나 부정맥 같은 즉각적인 합병증을….""미세먼지 주의보가 발령되면 가급적 창문을 열지 말고 외출을 자제할 필요가 있습니다.불가피하게 외출할 경우 황사전용마스크를 착용하는 것이 좋다고 전문가들은 권고합니다.MBC뉴스 박영일입니다.박영일기자 (parkyi75@imbc.com)[저작권자(c) MBC (www.imnews.com) 무단복제-재배포 금지]Copyright(c) Since 1996,MBC&iMBCAll rights reserved."
2,2016-12-23,"58일차 촛불 집회…""내일은 성탄전야 축제로""",https://news.naver.com/main/read.nhn?mode=LSD&mid=shm&sid1=100&oid=055&aid=0000488179,SBS,"<앵커>대통령 즉각 퇴진을 요구하는 촛불집회가 오늘(23일)로 58일째를 맞았습니다. 서울 광화문 광장으로 가봅니다.이성훈 기자, 기온이 뚝 떨어졌는데, 집회는 어떻게 진행됐습니까?<기자>크리스마스이브를 앞둔 금요일 저녁인 데다 매우 추운 날씨인데도 많은 시민들이 이곳 광화문 광장에 나와 촛불을 밝혔습니다.시민들은 박근혜 대통령 즉각 퇴진을 요구하며 내일 열리는 대규모 촛불 집회에도 함께하겠다는 뜻을 밝혔습니다.이곳 광화문 광장에는 트리 대신 대형 촛불이 자리 잡고 있습니다.여기 시민들은 대통령 즉각 퇴진과 각종 의혹에 대한 진상규명을 외치면서 또 성탄절 분위기를 즐기는 모습입니다.앞서 집회 주최 측은 헌법재판소 앞에서 기자회견을 열고 탄핵 심판을 속히 진행하라고 촉구했습니다.[박석운/박근혜 정권 퇴진 비상국민행동 공동 대표 : 하루라도 빨리 조기탄핵을 결정함으로써 국민의 불안을 해소하고 나라의 경제를 살리고 안보를 챙기는….]내일은 9차 주말 촛불집회가 열립니다.성탄전야인 만큼 집회는 '축제' 형식으로 진행되는데요, 오후 4시부터 퇴진 콘서트가 진행되고 본 집회가 끝나는 오후 6시부터는 청와대와 헌법재판소, 총리공관 방면으로 행진이 시작됩니다.이후엔 '하야 크리스마스 콘서트'가 밤 9시까지 이어집니다.박사모 등 친박 보수단체도 내일 오후 4시부터 덕수궁 대한문 앞에서 맞불집회를 열 예정입니다.(영상취재 : 박영일·정상보, 영상편집 : 박춘배)이성훈 기자(sunghoon@sbs.co.kr)※ ⓒ SBS & SBS콘텐츠허브 : 무단복제 및 재배포 금지☞ [스페셜] 박근혜 대통령 - 최순실 게이트의 모든 것"
3,2016-12-23,'세월호 7시간' 열쇠 쥔 간호장교의 거짓말 시리즈,https://news.naver.com/main/read.nhn?mode=LSD&mid=shm&sid1=100&oid=055&aid=0000488171,SBS,"<앵커>세월호 7시간의 의혹을 풀어줄 열쇠를 쥐고 있는 간호장교 조여옥 대위가 어제(22일) 청문회에 나와서 화제가 됐죠. 대통령이 주사를 맞긴 맞았는데, 주사를 놨다는 사람이 안 나와서 그게 조 대위 아니냐는 의혹이 제기돼왔습니다. 현역 군인이니까 청문회 나오기 전에 군 관계자를 만나서 이런저런 이야기를 나누지 않았을까 싶었는데 본인은 부인했습니다. 저희가 오늘부터 시작하는 '사실은?' 코너에서 박세용 기자와 함께 이 문제를 짚어보겠습니다.박 기자, 조여옥 대위가 청문회 나오기 전에 군 관계자를 만난 적이 전혀 없다, 이렇게 얘기를 했잖아요. 사실입니까?<기자>조 대위가 극비리에 귀국한 게 지난 18일 저녁입니다.당시 공항에 기무사가 나와서 조 대위를 바로 데려갔다, 이런 얘기도 있었는데, 어제 청문회에서 뭐라고 얘기했는데 한 번 들어보시죠.[조여옥/세월호 참사 당일 청와대 간호장교 : (귀국 후에 군 관계자나 청와대 관계자 만난 적 있나요?) 없습니다. (통화한 적도 없나요?) 없습니다.]말하는 게 꼭 로보트 같은 느낌이죠.어쨌든 기무사나 군 관계자가 아니라 가족들하고만 같이 있었다는 겁니다.저 얘기를 어제 오전에 했는데, 무려 12시간이나 진술을 번복하지 않고 꿋꿋하게 버텼습니다.그런데 자정 가까이 돼서 반전이 일어났습니다.현장에 있던 취재기자들이 조 대위를 가만히 보니까 어떤 사복을 입은 수상한 여성이 하루 종일 쫓아다니고 있더라, 그래서 좀 정체를 밝혀줬으면 좋겠다, 이렇게 박영선 의원에게 부탁을 했습니다.그 여성이 바로 이 여성(입니다).오늘 종일 포털 검색어 상위권에 올라 있던 이슬비 대위.조여옥 대위와 군 동기인데요, 화제가 된 사진 한 번 같이 보실까요? 어제 청문회장에서 증언하는 조 대위 뒤로 이슬비 대위가 계속 쳐다보는 모습입니다.온라인에선 저 눈빛 때문에 감시자의 눈빛, 이런 얘기까지 나왔습니다.저 이슬비 대위가 청문회 전에 조 대위와 만난 것으로 확인이 됐습니다.<앵커>뭐 그렇게 감시자의 눈빛 정도는 아닌 것 같은 생각은 드는데, 자, 그러면 거짓이군요. (네, 도장을 꽝 찍었습니다.) 좋습니다. 그런데 조 대위가 군 관계자랑 안 만났을 뿐만 아니라 전화 통화한 적도 없다, 이런 얘기를 했잖아요, 이것 사실인가요?<기자>일단 어제 청문회에서 이슬비 대위가 뭐라고 했는지 한 번 들어보겠습니다.[김성태/국조특위 위원장 (새누리당 의원) : 이슬비 대위는 12월 19일 저녁 7시부터 밤 11시 10분까지 조여옥 증인과 저녁식사를 한 사실이 있습니까?][이슬비/간호장교 : 네, 맞습니다.]조 대위를 청문회 전에 4시간 넘게 만났다, 이렇게 시인했습니다.또 이슬비 대위랑 같이 청문회에 나가도 되느냐, 이렇게 국 상부에 물어보기까지 했습니다.결과적으로 또 하나의 거짓말이 금세 탄로가 난 셈입니다.저희가 거짓 도장 이따가 한 번 쾅 찍어 드리겠습니다.이들이 저녁밥만 같이 먹었을까요? 아무래도 군 관계자랑 같이 청문회 전에 발언의 수위, 진술 같은 것들을 맞춘 게 아니냐 이런 의혹이 있을 수밖에 없는 대목입니다.<앵커>지금 방금 박 기자도 얘기를 했지만 조 대위 얘기는 이슬비 대위가 동기기도 하고 친하다고 그러니까 청문회에 같이 가기지고 있으면 좋겠다, 그래도 되겠냐고 국방부에 물어봤다는 거잖아요, 근데 이건 사실인가요?<기자>그것도 참 재미있는 부분인데요, 물론 처음엔 그렇게 얘기를 했는데 자정 가까이 돼서 이슬비 대위의 정체가 밝혀지고 또 두 사람의 말이 점점 길어지면서 스텝이 약간 꼬이기 시작합니다.이슬비 대위가 이런 미묘한 얘기를 했습니다.한 번 들어보시죠.[이슬비/간호장교 : 국방부 측에서 동행해줄 근무자를 붙여주고 싶었는데 동기인 저를 선택했다고 판단합니다.]""국방부가 저를 선택했다, 이렇게 판단한다"" 이런 얘기이거든요, 저런 발언을 보면 조 대위의 말도 거짓일 가능성이 있다, 이렇게 볼 수가 있습니다.조합을 해보면 조 대위가 세월호 당일 청와대 근무에 대해 한 진술들도 신빙성이 상당히 떨어질 수밖에 없다다, 이렇게 볼 수 있습니다.<앵커>잘 들었습니다.▶ 입 열 때마다 거침없는 폭로…'키맨' 노승일▶ ""이젠 밝힐 때가 됐다""…노승일, 추가 폭로 예고박세용 기자(psy05@sbs.co.kr)※ ⓒ SBS & SBS콘텐츠허브 : 무단복제 및 재배포 금지☞ [스페셜] 박근혜 대통령 - 최순실 게이트의 모든 것"
4,2016-12-23,"겨울철 미세먼지는 고농도, 독성 강해 더 위험",https://news.naver.com/main/read.nhn?mode=LSD&mid=shm&sid1=103&oid=214&aid=0000714792,MBC,"[뉴스데스크]◀ 앵커 ▶12월 들어 전국적으로 미세먼지 주의보가 26번이나 발령됐습니다.다른 시기보다 겨울철 미세먼지는 독성이 훨씬 강해서 뇌졸중 위험을 더 높인다는 연구 결과가 나왔습니다.박영일 기자입니다.◀ 리포트 ▶버스 정류장 옆 판매대에서 일하는 상인들은 미세먼지 때문에 숨쉬기가 불편합니다.[가판대 상인]""매연 때문에 아무래도 많이 텁텁하죠, 여름이나 겨울이나….""정류장 주변의 미세먼지 농도를 재봤더니 '나쁨' 수준인 125마이크로그램이 나왔습니다.특히 요즘 같은 겨울철엔 미세먼지 농도가 짙어지고 독성이 한층 강해집니다.찬 공기가 아래로 깔리면서 대기 순환이 안 돼 오염물질이 그대로 머무는데다, 난방연료 사용이 늘면서 납과 같은 중금속 물질도 20% 이상 증가합니다.[홍유덕/국립환경과학원 대기환경연구과장]""같은 농도라 하더라도 봄철에 나오는 황사에 비해서는 인체에 미치는 영향이 다소 높다고….""석탄 연료 사용이 많은 중국에서 겨울철 편서풍을 타고 건너오는 미세먼지도 독성 증가의 원인입니다.[임영욱/연세대 환경공해연구소 부소장]""니켈이나 카드뮴과 같이 발암성 물질들의 함량이 굉장히 높게 함유되어 있기 때문에 그 먼지의 성분이 훨씬 더 해로운….""이에 따라 뇌졸중 위험도 높아집니다.지난 2011년부터 3년간 전국 12개 병원의 환자 1만여 명을 분석한 결과 미세먼지 농도가 10마이크로그램 높아질 때마다 뇌졸중 위험은 5%씩 커지는 것으로 나타났습니다.[방오영/삼성서울병원 신경과 교수]""(미세먼지가) 혈액 내 흡수되어서 혈관 내벽이라든가 심장에 직접적으로 침착이 되어서 동맥경화증이나 부정맥 같은 즉각적인 합병증을….""미세먼지 주의보가 발령되면 가급적 창문을 열지 말고 외출을 자제할 필요가 있습니다.불가피하게 외출할 경우 황사전용마스크를 착용하는 것이 좋다고 전문가들은 권고합니다.MBC뉴스 박영일입니다.박영일기자 (parkyi75@imbc.com)[저작권자(c) MBC (www.imnews.com) 무단복제-재배포 금지]Copyright(c) Since 1996,MBC&iMBCAll rights reserved."
5,2016-12-23,합격률 20%로 '뚝'…25년 운전 경력자도 낙방,https://news.naver.com/main/read.nhn?mode=LSD&mid=shm&sid1=103&oid=055&aid=0000488169,SBS,"<앵커>자동차 면허 기능시험이 확 바뀌면서 합격률이 전보다 크게 낮아졌습니다. 면허증이 이미 있었지만, 이런저런 이유로 새로 시험을 보는 경력 운전자 가운데도 떨어지는 경우가 적지 않았습니다.달라진 면허시험장 풍경, 조기호 기자가 취재했습니다.<기자>적성검사 기간을 놓쳐 다시 운전면허를 따기 위해 나선 이경애 씨.운전 경력이 25년이나 되지만 긴장한 모습이 역력합니다.[이경애/운전경력 25년 차 : 꼭 붙어야겠다는 생각은 분명한데, 많이 떨리네요, 생각보다.]드디어 차에 올랐지만 방향등 켜는 걸 깜박 잊고, 시동마저 꺼트립니다.['시동 꺼짐' 감점입니다.]돌발상황에서는 제동이 늦어서 결국, 시험에 탈락하고 맙니다.[이경애/운전경력 25년 차 : 어렵네요. 진짜 제가 운전을 상당히 많이 해봤는데 ….]기능시험이 어려워지자 초보자들은 시험을 잠시 뒤로 미뤘고, 어제(22일)와 오늘 응시자 대부분 이런저런 이유로 면허를 취소당한 운전 경력자들입니다.하지만, 합격자를 찾기란 쉽지 않습니다.탈락자가 가장 많이 생기는 곳은 바로 직각주차 구간.주차하기도 전에 인도 경계석을 들이받거나, 잘 주차했다 싶었는데 빠져나가다 선을 밟는 경우도 많습니다.저도 면허를 취득한 지 13년 되는 나름 운전을 한다는 사람인데요, 직접 제가 기능 시험을 봐보겠습니다.역시 직각주차가 고비였습니다.차를 앞뒤 좌우로 붙였다 뺐다를 여러 차례 반복한 끝에 겨우 성공했습니다.제가 지금 바뀐 코스를 돌아봤는데요, 물론 합격은 했습니다만 기능 시험 내내 당황하고 긴장했습니다.93%에 달하던 합격률이 시험이 바뀐 어제와 오늘 20% 전후에 그쳤지만, 방법이 없는 건 아닙니다.[최성길/합격자 : 동영상을 많이 봤어요. (교통공단에서) 제작해서 배포한 게 있어서….]변경된 기능시험에 무작정 도전하기보다는 요령을 충분히 익힌 뒤에 응시해야 합니다.(영상취재 : 정상보, 영상편집 : 윤선영)조기호 기자(cjkh@sbs.co.kr)※ ⓒ SBS & SBS콘텐츠허브 : 무단복제 및 재배포 금지☞ [스페셜] 박근혜 대통령 - 최순실 게이트의 모든 것"
6,2016-12-23,호칭은 '의원님' 부르며…말 끊고 지시,https://news.naver.com/main/read.nhn?mode=LSD&mid=shm&sid1=100&oid=449&aid=0000119253,채널A,"녹음파일에 나오는 대화내용을 들어보면 실질적인 결정권을 최순실 씨가 쥐고 있다는 느낌을 강하게 받게됩니다.최순실은 박근혜 대통령의 발언을 중간에 수시로 끊었고, 의견개진도 끝까지 듣는 경우가 거의 없었습니다.당연히 실무진도 최 씨에게 직보했습니다.이어서 서상희 기자의 단독 보돕니다.[리포트]최순실 씨는 박근혜 대통령을 '의원님'이라고 부르면서도 건네는 말투는 사실상 명령조입니다.박근혜 : ""거기도 뭔가 태극기로 잘 보이게 맨 앞에… ""최순실 : ""이게 여론이 불거지기 전에 의원님이 확실하게 결정을 하고 보는 게 나을 거 같아요. 그죠?""박정희 기념관 성금 모금과 관련한 의견을 밝히는 박 대통령의 말을 중간에 끊기까지 합니다.박근혜 : ""국민들이 전국적으로 지금 이렇게 모으면…""최순실 : ""구미 생가는 예산 편성되는 대로 교수님들 이야기로 결정을 하고 여기서 결정된 걸 가져다 부지를 선정하든지…""최순실 씨는 기념관 위치에 대한 의견을 밝히는 박 대통령의 말도 잘라버리고 자기 할 말을 합니다.박근혜 : ""북쪽 방면으로 했으면…""최순실 : ""거기 부근이 어디죠? 그러니까는 ○○가는 양평가는 파주…""함께 있는 실무자 2명은 박 대통령이 아닌 최순실 씨에게 주요 내용을 보고하고, 최 씨는 주로 반말로 지시합니다.최순실 : ""구미에서 뭘 짓는 건데?""실무자 : ""구미에서 (박정희) 기념관 건립 예산입니다.지난번에 말씀드린 사업을 시행하기 위해서 총예산을 700억 원을 잡아놨습니다.""전체 30여 분의 대화 중 박 대통령의 발언시간은 2분 50초 정도.최순실 씨는 매우 빠른 속도로 말하는데도 6분 40초로 박근혜 대통령보다 2배 이상 더 많은 발언을 했습니다.국정농단 사태 이후 ""최순실 씨는 자신의 얼굴도 못 쳐다보던 사람""이라고 말했던 박근혜 대통령.하지만 17년 전 이들의 대화는 정반대의 모습이었습니다.채널A 뉴스 서상희입니다.영상취재 : 이준희영상편집 : 이승근그래픽 : 김태현[특종 기사는 채널A][채널A 뉴스 페이스북][세상에 없는 뉴스쇼, 뉴스 TOP 10]ⓒCHANNEL A(www.ichannela.com), 무단 전재 및 재배포 금지"
7,2016-12-23,박근혜-최순실 육성 대화 최초 공개,https://news.naver.com/main/read.nhn?mode=LSD&mid=shm&sid1=100&oid=449&aid=0000119252,채널A,"여러분 안녕하십니까.오늘 채널A 종합뉴스는 박근혜 대통령과 최순실이 나눈 30분 분량의 대화녹음 파일을 집중보도합니다.현실정치인으로 변신한 뒤 박정희 기념관 추진을 논의하는 내용이 고스란히 담겼습니다.그 당시에도 최순실은 박 대통령을 움직이는 비선실세의 모습 그대로였습니다.첫 소식 김남준 기자의 단독 보도입니다.[리포트]박근혜 대통령과 비선실세 최순실 씨의 육성 대화 녹음 파일을 채널A가 단독입수했습니다.[박근혜 대통령, 최순실 녹음 파일]최순실: 의원님이 그쪽으로 청와대 관계자를 만나셔서는 안 되겠고.박근혜 대통령: 지금 그게 완전히 흐트러져가지고.30분 분량의 이 녹음 파일은 17년 전인 1999년 6월 녹음된 것.박 대통령은 당시 보궐선거로 정계에 입문한 뒤 한나라당 부총재를 맡던 '정치 신인'이었습니다.녹음 파일 속 박 대통령과 최순실 씨, 그리고 남성 두 명은 박정희 기념관 추진위원회 구성 문제 등을 의논하는데,[녹음 파일]박 대통령: 적게라도 해가지고 얼개를 만들어서 나라를 끌고 나가야지. 어떻게 지금 구심점이 있겠어요?최순실: 그럼 이런 분들이 모여서 추진위원장을 뽑는 게 낫지 않아요? 그렇게는 안 하려고?최순실 씨가 대화를 주도할 뿐 아니라 박 대통령 등 회의 참여자들을 다그치는 듯한 모습까지 드러냅니다.[녹음 파일]최순실: 근데 예산이 참 애매해요. 이 사람들이 어떻게 짠거야. 그거 100억, 200억 뭐 300억 이렇게 한걸, 누가 예산편성을 한거야.박근혜 대통령의 정치 신인 시절부터, 그 가장 가까이에는 최순실 씨가 있었습니다.[박 대통령 (11월 4일 2차 대국민 담화)]""제가 가장 힘들었던 시절에 곁을 지켜주었기 때문에 저 스스로 경계의 담장을 낮추었던""채널A뉴스 김남준입니다.영상취재 : 이준희영상편집 : 최동훈[특종 기사는 채널A][채널A 뉴스 페이스북][세상에 없는 뉴스쇼, 뉴스 TOP 10]ⓒCHANNEL A(www.ichannela.com), 무단 전재 및 재배포 금지"
8,2016-12-23,경찰은 바닷가에 차벽을 세워달라,https://news.naver.com/main/read.nhn?mode=LSD&mid=shm&sid1=102&oid=036&aid=0000037482,한겨레21,"[한겨레21] [블루 기획]거문도 사상 첫 촛불집회… ‘4월 퇴진? 갈치가 웃는다’남쪽 바다 멀고 먼 섬 거문도. 여수에서 115km 떨어져 있는, 쾌속선으로도 2시간 반이나 걸리는 변방 중에서도 변방. 남쪽으로는 제주도밖에 없는 곳(우리가 보기에 제주도는 섬이 아니다. 대륙이다). 이곳에서 지난 12월10일(토) 처음으로 촛불집회가 열렸다. 섬사람들은 집회하지 말라는 법 없다. 이렇게 먼 곳에 살고 있지만 납세자이자 주권자인 국민이니까. 이 원고는 그 과정 이야기이다.제5차 촛불집회 때까지 나는 서울 광화문에 있었다. 11월 내내 강원도 횡성의 ‘예버덩 문학의 집’에서 <한겨레21>에 연재했던‘한창훈의 산다이’원고를 정리했는데 거문도보다는 서울 가는 게 용이해서 주말마다 서울에 다녔던 것이다. 그리고 이곳으로 내려와 6차 집회 뉴스를 보았다. 전국 232만 명. 저 도저한 공유와 연대의 강줄기. 우리에게 끈질기게 달라붙어 있던 박정희, 박근혜를 떨어내기 위한 힘찬 몸부림을 지켜보면서 나는 선배에게 말했다.“우리도 하세.”선배는 김무환씨다. 산다이 연재를 읽으신 분들은 어쩌면 기억하실 것이다. ‘아 냅둬, 당구만이라도 내 마음대로 치게!’ 외쳤던 슈퍼 주인 겸 사진작가 말이다. 그도 즉각 동의했다. 속으로는, 상당히 번거롭고 고달프겠군, 생각하면서. 그럴 나이이니까.명색이 집회인데 어디 두 사람 힘으로만 준비되겠는가. 뜻을 같이하는 이들의 의견을 모아 12월6일 저녁 12명이 준비 회의를 했다. 이들은 섬을 지키며 주로 바다 일을 하며 사는 분들이다. 시민운동이 큰 도시 사람들만의 특징이 아니라는 것을 새삼 확인할 수 있는 지점이다. 그 자리에서 태동한 게 ‘박근혜 퇴진 거문도 주민 행동본부’. 대표는 한창훈. 정부가 비정상이면 시민들에게 이렇게 높은 벼슬이 생긴다.‘거문도 주민 행동본부’ 결성그동안 숱한 집회에 참석했었다. 3차 집회 때 나는 <한겨레TV> 광화문 생중계 자리에서 안수찬 <한겨레21> 편집장과 인터뷰를 했다. 그는 나에게 당장의 집회에 대한 소회가 아닌, 80년 5·18과 87년 6월항쟁 때의 기억을 물었다. 그 시절 그 현장에 있었다는 이유로. 아 제기랄, 근대 이후 역사적 사건에 대해 증언하는 사람이 되어버렸다. 안 편집장의 말로는 그날 섭외한 사람들 중에 내가 가장 연장자랬다. 앞서 인터뷰한 이재명 성남시장이 더 나이가 많지 않느냐고 나는 되물었다. 아니었다. 이 시장은 나보다 한 살 적었다.그러니까 그동안 참가했던 집회 횟수를 보태보면 내가 가장 높게 나올 거라는 소리다. 이래서 예전에는 ‘데모하다 청춘이 가네’ 했던 탄식이 요즘은 ‘데모하다 인생이 흘러갔네’로 바뀌었다. 어쨌든 그 숱한 집회에 참가했으나 한 번도 안 해본 게 집회신고이다.나와 김무환씨는 일단 거문도 파출소로 갔다. 거기서는 접수가 안 됐다. 여수경찰서 정보과에 직접 해야 한단다. 다행인 것은 대리인도 가능하다는 것. 파출소를 나서기 직전 나는 젊은 경찰관에게 부탁했다.“우리는 청와대를 목표로 행진할 것이다. 하지만 곧바로 푸른 바다에 가로막힌다. ‘바다가 육지라면’ 걸어서 가겠지만 바다가 육지가 된 적은 한 번도 없었다. 부디 바라건대 바닷가 앞에 차벽을 세워 우리의 행진을 강제로 막아주면 고맙겠다.”하지만 가슴 아프게도 거문도 파출소에 소속된 차량이 달랑 백차 한 대뿐이다. 경찰관은 이렇게 대답했다.“글쎄요, 그나마 전 그때 비번이라서.”수요일 이른 오후. 여수에 살고 있는, 거문도 인근 초도 출신 김진수 시인이 대리인으로 경찰서에 집회신고를 했다. 제2016-1939호 옥외집회(시위·행진) 신고 접수증은 다음날 인편으로 우리에게 전달됐다.집회신고가 접수된 다음 준비해두었던 플래카드를 각 마을에 하나씩 걸었다. ‘박근혜 퇴진 거문도 주민 행동 시국대회’와 ‘국민의 뜻이다 국정파탄 박근혜 퇴진 거문도 주민 촛불 12월10일(토) 오후 6시 백도유람선 선착장 앞 박근혜 퇴진 거문도주민행동본부’ 두 가지. 각 플래카드 뒤로 검푸른 바닷물이 넘실댔다. 집회 장소 또한 그랬으니 아마도 우리나라에서 가장 근사한 집회 공간일 것이다.생전 처음 해본 집회신고전남 여수시 거문도에 박근혜 정권 퇴진을 촉구하는 깃발이 펄럭이고 있다.회의를 하고 플래카드를 걸면서 확인한 것은 주민들 대부분 촛불집회에 대한 소망을 가지고 있었다는 것이다. ‘우리 거문도에서는 촛불집회 안 하나?’ ‘우리도 해야 하지 않을까?’ 이런 이야기가 많았다는 것. 준비는 착착 진행되었다. 무엇보다 큰 도움을 준 이들이 5인조 밴드 ‘등대’이다. 이 밴드는 한 달에 한 번 마을에서 공연을 해왔다. 실력도 상당하다. 이들의 적극적인 동참으로 악기와 음향시설이 깔끔하게 해결됐다.우리의 활동이 소문을 만들어냈다. 잠깐, 나의 파트너 김무환씨 이야기로 돌아간다. 이 양반 친동생이 서울시 노원구 김성환 구청장이다. 노무현 정부 행정조정비서관 출신이다. 그 집에서는 막내이다. 며칠 전 막내며느리한테서 문안 전화가 왔을 때 어머니께서 이렇게 물으셨단다.“어째 요즘 같은 상황에 느네는 이름 석 자가 안 나오냐.”가까운 사이인 안희정 충남지사나 이재명 시장은 뉴스에 자주 나오는데 막내아들 이름은 등장하지 않아서 서운타는 뜻이었다. 그러다 우리에 대한 소문을 들으신 것이다. 둘째아들에게는 걱정 가득한 얼굴로 이렇게 물으셨다.“아범아, 혹시 너 데모 준비하냐?”“예, 여기 한 작가하고요.”“그냥 있지. 왜 그런 것을 하고….”우리는 한참 웃었다. 나를 바라보시는 어머니의 감정은 양가적이다. 나쁜 놈이 아니라는 것은 알겠는데 나 때문에 당신의 아들이 술을 많이 마시는 것으로 봐서 좋은 놈도 아니라는 것. 거기에다 데모 준비까지 하고 있으니.그러는 사이 여수에서 지원 물품이 도착했다. 손팻말과 양초, 종이컵. 주문한 방석과 김해자 시인에게 부탁한 시(詩)도 받았고 행사용 음원도 확보했다. 목요일부터 연습 시작. 초청 가수는 등대밴드 객원가수 최형란. 우리의 최형란 여사는 내가 밥을 먹고 있는 거문식당 당수이다. 부를 노래는 <상록수>와 <아침이슬>. 시 낭송은 초등학생인 이정이와 하늘이, 그리고 중학생 유정이.“아범아, 혹시 데모 준비하냐?”지난 12월10일 거문도 앞바다에서 바닷바람을 가르며 나타난 ‘촛불 함대’(맨 위쪽). 그날 저녁 열린 촛불집회 풍경들.금요일. 234표로 탄핵이 가결되었다. 그날은 풍랑주의보가 발령되어 여객선이 오지 않았다. 깃발을 만들 일명 ‘다우다’ 천도 오지 못했다. 며칠 사이 우리를 지지하는 쪽으로 돌아선 김무환씨 어머니는 아껴두었던 광목천을 내주셨다. 표결이 진행되는 시간에 우리는 ‘불법 대형트롤선과 박근혜, 계속 그러면 확 조사분다’를 페인트로 쓰고 있었다. ‘조사분다’는 말은 ‘심하게 혼내준다’는 뜻의 이곳 방언이다.저녁에 다시 연습 시작. 이정이와 하늘이는 “제비뽑기를 해서 내가 만약 대통령이 된다면, 목을 세운 제복 대신 헐렁한 츄리닝 입고 아이들과 뒹굴리라. 들로 밭으로 함께 쏘다니다, 가만히 누워 하늘을 올려다보게, 이슬 한 방울 바람이 흔드는 쑥잎 하나 가만히 들여다보게 하리라.”는 내용의 ‘내가 대통령이라면’ 시를, 유정이는 “우리가 가만히 있으면 그들도 그 자리에 가만히 앉아 있을 것이다. 가난한 사람은 더 가난해지고 부자들은 더 뻔뻔하게 빼앗아갈 것이다. 우리가 가만히 있으면 대통령은 하던 짓을 계속할 것이다.”의 ‘여기가 광화문이다’ 시 낭송을 연습했는데 조금씩 실력이 늘어갔고 거문식당 당수의 목은 점점 더 쉬어갔다.우리는 또 고민했다. 섬에서 처음 열리는 촛불집회인데 주민들을 독려할 좋은 방법이 없을까. 그때 생각해낸 것이 깃발을 단 어선들의 항해 퍼레이드였다. 즉각 전화를 돌리기 시작했다. 호응은 좋았는데 문제가 하나 있었다. 삼치가 잘 물고 있었던 것이다. 낮에는 모두들 삼치 낚으러 가느라 항내가 텅 빌 정도였으니까.이번 시국 상황에서 박근혜 대통령이 잘한 게 하나 있다. 전 국민에게 정치적 각성을 하게 하고 학생들에게 살아 있는 민주주의 교육 기회를 준 것이다. 거기에 하나 더 생겼다. 수백 마리의 삼치, 불볼락의 목숨을 유지해준 것. 집회 준비가 아니었다면 우리도 불볼락을 낚으러 갔을 테니까 말이다.천은 토요일 아침배로 도착했다. 김무환씨가 일필휘지를 날렸다. 우리 섬에서만 나올 수 있는 것 몇 개 더 소개하면 이렇다. ‘4월 퇴진? 갈치가 웃는다’ ‘용왕님이 노하셨다 오늘 당장 그만둬라’ ‘파도가 쳐도 우리는 나간다’ ‘여객선 공영화 실시하라’ ‘김기춘을 언능 구속하라’ ‘헌재, 우리가 째려보고 있다’‘용왕님이 노하셨다 당장 그만둬라’오후 2시. 초조하게 기다리는 가운데 배가 한 척씩 도착했고 든든하게 깃발을 묶고는 30분경 차례대로 출발했다. 북서풍을 맞아 힘차게 펄럭이는 푸른 바다의 흰 깃발들. 보기에 좋았다. 깃발은 스스로 목소리를 내는 물건이다. 어딘가로 달려가려고 몸부림치는 모습이자 이곳을 떠나지 않고 지키겠다는 혼신의 노력으로도 보이니까. 다음날 지인이 이렇게 문자를 보내왔다. 촛불함대.바람은 깃발을 멋지게 만들기도 하지만 사람들을 추위에 떨게도 한다. 추위 때문에 우리는 걱정했지만 6시가 되자 사람들은 아랑곳하지 않고 모이기 시작했다. 나는 즉석에서 ‘날이 추워 못 살겠다 지금 당장 내려와라’ 구호를 만들기도 했다. 오후 여객선을 타고 들어온 여수 풍물패 ‘우도’의 길놀이가 시작되었다.나도 모처럼 마이크를 잡고 사회를 보았다. 실제 살고 있는 주민이 1천 명 정도의 섬이니 100명이면 아주 많이 모인 것이다. 470km 떨어져 있는 광화문과 청와대에 들리도록 파도를 넘어 육지로 쏘아가는 사람들의 구호와 함성. 중간중간 사물놀이와 밴드의 공연. 즉각 퇴진과 국가 정상화를 요구하는 주민들의 발언들. 그동안 참석했던 어떤 집회보다도 멋지고 근사했다. 거문도가 또 하나의 광화문이 되는 순간이었다.지금 우리는 다들 생업으로 돌아간 상태이다. 삼치와 불볼락을 낚고(결국 죽는다), 가두리 물고기에게 사료를 주고, 기름을 팔고 있다. 그러나 끝이 아니란 것은 잘 알고 있다. 국감과 특검, 그리고 헌재에게서 시선을 떼지 않는다. 집회 현장에 묶어놓은 바다의 깃발들은 또다시 함성이 필요할 때를 기다리며 그 자리에서 펄럭이고 있다.글한창훈 소설가사진김무환 사진작가독자  퍼스트  언론,  <한겨레21>  정기구독으로  응원하기!전화신청▶ 02-2013-1300 (월납 가능)인터넷신청▶http://bit.ly/1HZ0DmD카톡 선물하기▶http://bit.ly/1UELpok공식 SNS[통하니][트위터][미투데이]| 구독신청[한겨레신문][한겨레21]Copyrights ⓒ 한겨레신문사, 무단전재 및 재배포 금지<한겨레는 한국온라인신문협회(www.kona.or.kr)의 디지털뉴스이용규칙에 따른 저작권을 행사합니다.>"
9,2016-12-23,"원·달러 환율 1200원 돌파, 언제까지 오를까?",https://news.naver.com/main/read.nhn?mode=LSD&mid=shm&sid1=101&oid=056&aid=0010399443,KBS,"달러에 대한 원화 환율이 8거래일 연속 오름세를 보이면서 1,200원을 돌파했다. 서울 외환시장에서 원·달러 환율은 어제보다 3.9원 오른 1,203.0원으로 마감했다. 이는 3월 10일 이후 9개월여 만에 가장 높은 수준이다.달러에 대한 원화환율이 오르면 수출에는 도움이 될 수 있다. 하지만 지금처럼 환율 상승 속도가 너무 빠르면 자칫 외화 유출로 금융 불안이 올 수 있다는 문제가 있다.그렇다면 최근 달러에 대한 원화 환율이 급등한 원인은 무엇일까?가장 큰 원인은 미국의 금리인상이 더 빨라질 수 있다는 우려다. 미 연방준비제도 이사회가 지난주 연방기금 금리를 0.25% 인상하면서 금리가 얼마나 오를 것인지 연준 위원들의 전망을 담은 점도표를 공개했다. 그런데 이 점도표에서 내년도 금리인상 전망이 종전의 2차례에서 3차례로 수정되었다.이 때문에 미국의 금리인상 속도가 예상보다 빨라질 것이라는 전망이 커지면서 원화를 팔고 달러를 사려는 수요가 늘고 있다.둘째, 올초 세계 경제를 불안하게 만들었던 중국 경제에 대한 우려가 다시 한 번 불거지고 있기 때문이다. 이 같은 우려를 촉발시킨 것은 중국의 외환보유고 급감이다. 2014년 한 때 4조 달러에 육박했던 중국의 외환보유고는 9천억 달러나 줄어들면서 3조 5백억 달러로 주저앉았다. 이 같은 중국의 외환 보유고는 지난 2011년 3월 이후 5년여 만에 최저치다.더구나 올해 중국 위안화 가치의 낙폭이 20년래 가장 클 것으로 예상될 만큼 위안화 가치가 떨어지고 있다. 위안화 가치가 계속 떨어지면 중국 물가 급등의 원인이 되고 중국이 금리를 올릴 가능성이 커진다. 이 경우 부풀어 오를 만큼 부풀어 오른 중국의 부동산 버블이 꺼지기 시작하는 기폭제가 될 수 있다.중국의 경제가 불안해지면 중국 경제에 대한 의존도가 높은 우리나라도 타격을 받을 수 밖에 없기 때문에 중국에 대한 우려가 커질수록 원화를 팔고 달러를 사려는 수요가 늘면서 원화 약세의 주요 원인이 될 수 있다.셋째, 국내 정치 상황에 대한 불확실성이 해소되지 않고 있다는 점이다. 국내 기업들도 내년 투자계획을 세우기도 어려운 상황에서, 우리나라에 대한 해외 투자자들의 불신이 커질 가능성을 배제하기 어렵다.하지만 단기적으로는 환율 급등세가 진정될 것이라는 전망도 만만치 않다.우선 연말이 되면 네고물량이라고 하는, 수출업체들의 달러 환전 수요가 늘어나는 경향이 있기 때문에 환율의 하락 요인으로 작용할 수 있다. 특히 최근 환율이 급격하게 오르면서 환전을 미루던 수출업체들이 연말인 다음주 한 주 동안 달러를 쏟아낼 가능성도 적지 않다.둘째, 당국의 외환 시장 개입 가능성이다. 환율 상승이 아무리 수출업체에 도움이 되는 측면이 있다고 해도 단기적으로 달러에 대한 원화 환율이 1달러에 1,200원을 돌파한 만큼 외환 당국이 시장 개입을 강화할 가능성이 높아지고 있다.셋째, 트럼프 당선자의 대통령 취임일인 1월 20일을 전후해 달러 급등세가 꺾일 가능성도 있다. 사실 미국내 제조업 강화를 공약으로 내세웠던 트럼프 당선자 입장에서는 미국의 수출 경쟁력을 약화시키는 최근 달러화 급등세가 달가울 리 없기 때문이다.중장기적으로 원·달러 환율에 가장 중요한 변수는 결국 미국의 금리인상 속도와 중국의 경제 불안이다. 미국의 금리인상은 이미 내년에 세 번 인상되는 것이 시장에 반영되어 있는 만큼 금리 인상 속도가 더뎌지는 신호가 보이면 달러화 가치 하락 요인이 될 것이다. 반대로 중국의 경제 불안은 아직 시장에 반영되어 있지 않기 때문에 중국에서 위험 신호가 커지면 달러화 가치의 상승 요인이 될 것이다.박종훈기자 ( jonghoon@kbs.co.kr)▶ [저작권자ⓒ KBS 무단복제-재배포 금지]"
10,2016-12-23,"혐오그림 담배 엇갈리는 시선, '섬뜩vs가리면 될 일'",https://news.naver.com/main/read.nhn?mode=LSD&mid=shm&sid1=102&oid=011&aid=0002943070,서울경제,"[르포]담배 판매 현장 가보니...서울 도심 편의점 5곳 시범 판매 시작, 내년부터 시중에 유통흡연율 낮추나, 담배회사·업주 꼼수에 무력화되나 ‘갑론을박’23일 서울 용산구 동자동의 한 편의점에서 흡연 폐해 경고 그림이 부착된 담배가 시범 판매되고 있다. 경고 그림 삽입 담배는 내년 1월부터 본격적으로 시중에 유통된다./송은석기자"
11,2016-12-23,"""이반카, 당신은 전용기 타라""…난동 승객 '하차조치'",https://news.naver.com/main/read.nhn?mode=LSD&mid=shm&sid1=104&oid=052&aid=0000948760,YTN,"도널드 트럼프 미국 대통령 당선자의 장녀, 이반카와 그녀의 자녀들이 비행기에 탑승했다가 봉변을 당했습니다.이반카는 여객기 일반석에 탑승했는데 한 남성이 이반카 일행에게 소리를 지르고 난동을 피웠습니다.뉴욕 JFK 국제공항에서 이륙을 준비하던 비행기 밖으로 기내 승무원들이 한 남성을 끌어내립니다.비행사 측으로부터 하차 명령을 받은 이 남성.트럼프 대통령 당선자의 딸 이반카와 그녀의 세 자녀가 비행기에 탑승한 모습을 보고 왜 여기 앉아 있느냐며 전용기나 타라고 고함을 지르며 소동을 벌였습니다.황당하고 놀란 표정으로 비행기 좌석에 앉아 있는 이반카의 모습이 찍힌 사진도 공개됐습니다.하차 조치를 받은 이 남성은 SNS에 항공사 측이 표현의 자유를 침해했다는 글을 올리면서 반발했습니다.항공사 측은 기내에서 소동을 피운 승객에 대해 승무원들은 합법적으로 해당 승객을 내리게 할 수 있다면서 섣부른 결정이 아니었다는 입장입니다.▶ [원포인트생활상식] 생활 속 아이디어 공모전▶ 뉴스 덕후들의 YTN페이스북▶ 내가 만드는 뉴스! YTN제보[저작권자(c) YTN(Yes! Top News) 무단전재 및 재배포 금지]"
12,2016-12-23,'샤이 유권자' 2017대선판 흔든다,https://news.naver.com/main/read.nhn?mode=LSD&mid=shm&sid1=100&oid=009&aid=0003861205,매일경제,"여론조사에서 포착 못하는 숨은 `200만표`박근혜 대통령 탄핵열차가 국회를 지나 헌법재판소로 넘어가면서 광화문을 뜨겁게 달궜던 촛불민심이 잠시 숨 고르기에 들어갔다. 대통령 퇴진을 한목소리로 외쳐온 촛불광장에서 밀려났던 박 대통령 지지자들은 기회를 잡은 듯 한편에서 목소리를 키워가고 있다. 광장의 외침에 침묵하고 있던 이른바 '샤이(Shy) 박근혜'들이 움직이기 시작한 것이다. 본인의 정치성향을 공개적으로 밝히길 꺼려하고 조용히 투표를 통해 정치력을 드러내는 이른바 '샤이 보터'들이 보수 진영을 중심으로 존재감을 드러내고 있다. 대통령 탄핵과 보수 분열로 인한 다당 구도 등 예측불허의 19대 대선이 다가오는 가운데 샤이 유권자의 표심이 중요한 변수로 떠오를 전망이다. 2012년 18대 대선은 보수 진영의 박근혜 후보와 진보 진영의 문재인 후보 간 1대1 대결로 치러졌다. 당시 대다수 여론조사기관과 언론사는 두 후보가 1%포인트 안팎의 박빙 승부를 벌일 것이라고 예측했다. 출구조사 결과 문 후보 측의 승리를 점친 조사기관도 있었다. 하지만 박 후보는 문 후보보다 3.6%포인트 앞선 51.6%로 승리를 거뒀다. 108만표 차 신승이었다. 오차범위를 뛰어넘는 결과가 나온 이유 중 하나로 바로 침묵한 보수, 샤이 보수층이 손꼽힌다.샤이 유권자는 주변 시선을 의식해 선뜻 본인의 정치성향을 밝히지 못하는 유권자를 뜻한다. 이러한 경향성은 여론조사에도 반영돼 조사 결과에서도 나타나지 않는 숨은 지지층으로 분류된다. 진심을 드러내지 않는 샤이 유권자로 인해 유력 여론조사기관에서도 번번이 결과 예측에 실패하는 경우가 발생한다. 브렉시트 사태와 도널드 트럼프의 미국 대통령 당선이 대표적인 예다. 대통령 퇴진의 목소리가 드높은 현 시국에서 박 대통령 지지자들이 음지로 숨고 있는 것 역시 마찬가지다.이택수 리얼미터 대표는 ""박 대통령에 대한 지지율이 10% 밑으로 떨어졌음에도 불구하고 대통령 탄핵 가결 당시 탄핵을 반대한다는 국민이 15%에 달했다는 점이 이러한 샤이 유권자의 존재를 방증한다""며 ""보이지 않는 지지층이 생각보다 훨씬 많을 것""이라고 분석했다.◆여론조사 방식도 변수…전화면접서 지지 못 밝혀여론조사 방식도 '샤이' 유권자가 생기는 이유 중 하나다. 전화조사원이 직접 인터뷰하며 신상이 공개되는 방식과 익명성이 보장되는 자동응답 방식에 따라 수치에 차이가 생길 수 있기 때문이다. 대표적 여론조사업체인 한국갤럽과 리얼미터가 최근 내놓은 박 대통령의 국정수행 지지율 차이 역시 익명성 유무에 따라 샤이 박근혜 유권자가 다르게 답변해서 나타난 결과라는 해석도 있다.한국갤럽에 따르면 박 대통령 지지율은 11월 들어 3주 동안 5%에 머물다 11월 마지막 주와 12월 1주는 4%로 떨어졌다. 같은 기간 리얼미터의 경우 9.9~10.9%를 오르내리며 두 여론조사 결과는 약 5%포인트 차이를 보였다. 이에 대해 업계에서는 각 기관들의 여론조사 신뢰성 문제도 있긴 하지만 조사 방법의 차이가 이러한 결과를 빚어냈다고 보고 있다.업계 관계자는 ""한국갤럽과 리얼미터의 조사 방법에는 차이가 있다. 리얼미터는 전화면접과 스마트폰 앱, 유·무선 자동응답 혼용 방식 등을 사용하고, 한국갤럽은 전화조사원이 직접 인터뷰하는 방식으로 조사를 한다""며 ""결국 응답자가 익명성을 갖느냐는 문제인데, 지금 시국에서 박 대통령을 지지한다고 말하기는 어려운 분위기라 전화조사원과 직접적으로 대화를 하는 갤럽의 방식이 박 대통령 지지자 입장에서는 부담스러웠을 수 있다""고 말했다.반대로 리얼미터는 전화조사도 병행하지만 스마트폰 앱, 유·무선 자동응답의 경우 사람과의 대화 없이 익명으로 본인의 의사를 나타낼 수 있어 '샤이 박근혜'를 잡아내기에는 더 용이했을 수 있다는 분석이다. 이에 따르면 샤이 박근혜는 리얼미터에서 갤럽의 박 대통령 지지율을 뺀 약 5%라는 결론에 이르게 된다. 다른 관계자는 ""총선이나 지방선거와 같은 일반적인 선거에서는 더 많은 표본에 직접 전화조사를 하는 한국갤럽의 방식이 보다 더 정확성을 기할 수 있지만 지금과 같은 경우엔 익명이 나을 수 있다""며 ""숨은 표를 걸러내는 데는 유권자가 편하게 느끼는 조사 방법이 더 효과적일 수 있다""고 말했다.◆샤이 보수층 대선 변수 될까…막판 결집 여부에 달려전문가들은 샤이 박근혜보다는 '샤이 보수'가 좀 더 적합하게 현상을 이해하는 틀이라고 입을 모았다. 정통 보수 세력이 박 대통령을 비판하지만 그렇다고 해서 문재인 전 더불어민주당 대표나 야당 후보 또는 진보로 넘어갈 수 없다는 것이다. 새누리당의 지지도가 떨어지는 한편 부동층이 크게 늘어나는 현상은 바로 이들 샤이 보수가 잠시 무당파로 있다가 보수 대선 후보가 나올 경우 언제든 이 후보에게 표를 던질 수 있다는 점을 시사한다.신율 명지대 교수는 ""샤이 박근혜는 이미 세력이 미약하다. 샤이 보수의 표가 어디로 가는지가 차기 대선의 승부를 가를 것""이라며 ""현재 무당층에 속한 유권자 중 상당수가 박 대통령과 새누리당에 실망한 보수 표인데, 결국 이들의 표는 반기문 유엔 사무총장으로 향하게 될 것""이라고 말했다. 신 교수는 ""이 샤이 보수는 현재 새누리당이 분당 위기에 처하면서 갈 곳을 잃었지만 결국은 반 총장으로 결집할 수밖에 없다""며 ""야당 유력 후보인 문재인 전 대표가 최근 '혁명' 등 좌파적인 발언을 하는 등 보수적 성향의 유권자들에 반하는 행보를 보이고 있기 때문에 문 전 대표를 가장 잘 견제할 수 있는 반 총장이 떠오를 수밖에 없다""고 덧붙였다.김형준 명지대 교수는 ""반 총장의 지지율을 밑받침하고 있는 것은 갈 곳 없는 보수층""이라며 ""새누리당 지지율이 10%대 초반으로 떨어졌음에도 불구하고 새누리당이 영입하려고 했었던 반 총장의 지지도는 20%를 유지하고 있다는 점이 이를 시사한다""고 설명했다. 이어 김 교수는 ""반 총장 지지율은 잠시 예전에 새누리당과 반 총장을 함께 지지했던 사람들이 일시적으로 빠져 있는, 다시 얘기해서 '샤이 반기문' 표가 분명히 숨어 있을 가능성이 크다""고 덧붙였다.◆중도층 무당파 샤이 유권자가 대선 향배 가를 듯무당층으로 분류되는 중도 유권자들은 더 큰 변수가 될 수 있다. 리얼미터의 12월 3주 정기조사에 따르면 지지 정당이 없는 무당층은 18.5%에 달한다. 이는 20.2%인 새누리당 지지율과 맞먹는 수준이다. 올 1월 4주 차 리얼미터 정기조사에서 12.6%에 불과했던 무당층은 최근 들어 20%를 오르내리고 있다. 유권자 10명 중 2명은 여전히 지지 진영을 결정하지 못하고 있는 셈이다. 보수 진영에 숨어 있는 샤이 유권자뿐 아니라 중도층이 어느 쪽으로 움직이냐에 따라 대선 지형도 자체가 흔들릴 수 있을 것이란 게 전문가들의 공통된 의견이다. 지금 당장은 진보 진영이 유리한 고지를 점치고 있지만 향후 중도층의 표심이 어디로 가느냐에 따라 그 결과가 뒤바뀔 수 있다는 것이다. 그 연장선에서 새누리당을 떠난 개혁보수를 표방한 보수 신당이 중도층을 놓고 국민의당 등과 치열한 세싸움을 펼칠 것으로 예상된다. 중도층을 잡은 쪽이 보다 유리한 고지를 선점한 상태에서 대선 정국을 이끌어나갈 수 있기 때문이다.[추동훈 기자 / 김태준 기자][매일경제 공식 페이스북][오늘의 인기뉴스][매경 프리미엄][ⓒ 매일경제 & mk.co.kr, 무단전재 및 재배포 금지]"
13,2016-12-23,"""기부는 돈 아닌 마음으로 하는 것…내어줄수록 채워져""",https://news.naver.com/main/read.nhn?mode=LSD&mid=shm&sid1=102&oid=021&aid=0002299636,문화일보,"이문주 요셉의원 원장신부가 29년 동안 이 병원에서 진료한 62만여 명의 환자 진료카드를 모아놓은 방에서 병원의 역사를 설명하며 환하게 웃고 있다. 그는 “우리 병원에서는 매일 기적이 일어난다”고 말했다.    김낙중 기자 sanjoong@아산상 대상 수상 이문주 요셉의원 원장신부29년간 노숙인과 쪽방촌 주민 등 빈자(貧者)들에게 ‘참 의술’을 펼쳐온 요셉의원. 이 병원의 홈페이지에는 ‘가난한 환자들에게 최선의 무료 진료’가 사명으로 명시돼 있다. 100여 명의 의료진을 포함해 연인원 2000여 명의 봉사자가 이 사명에 쓰여 있는 ‘최선’을 실천하고 있으며 8000여 명의 후원자가 병원 운영을 돕고 있다. 이곳을 찾는 하루 평균 100명의 환자는 대부분 약보다 밥이 필요한 사람들이다. 이들을 위해 진료 전 상담 과정에서 목욕을 시키고, 옷과 신발을 나눠주며 채혈 검사 후에는 먹을 것도 제공한다. 또 치료를 마친 환자들이 사회에 나가 자립할 수 있도록 돕는 일도 한다. 서울가톨릭사회복지회 부설인 이 병원은 초대원장인 선우경식 박사가 주축이 돼 지난 1987년 서울 관악구 신림동에서 문을 열었다. 신림동이 재개발되며 영등포역 인근으로 자리를 옮겼고, 2008년 선우 박사가 세상을 떠난 후 지도신부였던 이문주(79) 신부가 원장 자리를 이어받았으며 여의도성모병원 감염내과 과장을 지낸 신완식 박사가 의무원장을 맡아 병원을 꾸리고 있다. 지금까지 62만 명이 넘는 환자를 진료한 이 병원은 지난 11월 25일 아산사회복지재단(이사장 정몽준)에서 주는 아산상 대상을 수상했다. 이 신부는 “고 선우경식 원장의 투철한 봉사 정신을 바탕으로 봉사자와 후원자, 헌신적인 직원들, 그리고 작은 보살핌을 믿고 따라준 가난한 환자들의 소통이 이뤄낸 결실이라고 믿는다”며 “모든 고마운 분들과 함께 기쁨을 나누고 싶다”고 수상 소감을 밝혔다.지난 13일 서울 영등포구 영등포동 요셉의원에서 이문주 원장신부를 만났다. 종로구 혜화동 은퇴 사제 숙소에서 생활하는 이 신부는 오전에 전철을 타고 출근해 봉사자들과 기도를 한 후 병원 일과를 시작한다. 일과를 마치고는 미사를 열어 하루를 정리한다. 의료봉사자들은 대부분 은퇴한 의사들로 구성돼 있으며 현역 의사들은 근무 병원 일을 마친 후 저녁에 요셉의원에 온다. 또 환자 상담과 안내, 목욕 등을 맡은 봉사자들도 노인이 많다. 요셉의원 진료 시간은 오후 1∼5시와 오후 7∼9시다. 내과, 외과, 신경외과, 안과, 피부과, 치과 등 20여 개 진료과목을 운영하며 검사실과 약국도 갖췄다. 또 노숙인들의 정서 순화와 사회 복귀를 돕기 위해 작은 도서관을 비롯해 음악치료, 인문학 강의, 영화포럼, 법률상담 등 다양한 프로그램을 진행하고 있다. 요셉의원 옆 무료급식센터가 쉬는 목요일에는 병원에서 노숙인들에게 점심을 제공한다.의사가 아닌 이 신부는 진료를 하지는 않지만 이 병원에서 가장 바쁜 사람이다. 하루 종일 1층부터 옥상까지 계단을 오르내리며 봉사자들을 격려하고 환자들과 따뜻한 대화를 나눈다. 흰 수염을 길게 늘어뜨린 이 신부가 환한 표정으로 말을 건네면 사람들의 얼굴에 웃음꽃이 핀다. 이날도 1층에서 이발 봉사를 하는 봉사자와 한참 동안 얘기를 나누더니 봉사접수실 직원에게 봉사와 후원 신청이 얼마나 들어오는지 묻고는 약국에서 일하는 프랑스인 수녀의 바뀐 헤어스타일에 대해 덕담을 건넸다. 이어 채혈실에 들러 당뇨 환자들에게 나눠줄 무가당 두유와 구운 달걀을 챙기고, 환자들에게 일일이 불편한 점은 없는지 약은 잘 먹고 있는지 확인했다. 또 옥상 휴게실에서 웃음 치료를 받고 있는 조현병 환자들과 담소를 나눴다.이 신부는 “프랑스인 수녀는 원래 소아과 의사인데 한국에서 의사 면허를 따로 받아야 해 지금은 약국에서 봉사하고 있다. 또 노숙인들에게 이발을 해주는 봉사자는 우리 병원 환자였는데 치료를 마치고 봉사하고 있다”며 “요셉의원에서 도움을 받은 환자들이 사회에 복귀한 후 자신보다 어려운 사람을 돕기 위해 다시 이곳을 찾아올 때 큰 보람을 느낀다”고 말했다. 그는 이어 “요셉의원에서는 매일 기적이 일어난다”며 “노숙인들에게 밥을 해줄 쌀이 떨어진 적이 있었는데 다음 날 문 앞에 쌀 한 가마니가 놓여 있었다. 또 위급한 환자에게 알부민을 놓아야 하는 상황이 있었는데 고가여서 살 수가 없어 안타까워할 때 후원자 한 분이 느닷없이 전화해 알부민을 살 수 있는 액수의 돈을 넣어주겠다고 말하기도 했다”고 소개했다.―요셉의원의 ‘기적’은 우리 사회에 아직 온기가 남아 있다는 방증이라고 생각합니다. 신부님이 보는 우리 사회의 모습은 어떻습니까.“우리나라는 일제강점기와 6·25전쟁을 겪으며 ‘나와 내 가족부터 살아야 한다’는 심리적 강박이 남아 있었습니다. 세계에서 유례없는 경제성장으로 도움을 받는 나라에서 이제는 가난한 나라를 돕는 위치에 서게 됐으나 개인적으로 기부나 자선에 참여하는 비율은 선진국에 비해 저조합니다. 또 강력범죄나 사건 사고가 주요 뉴스로 보도되고 선행이나 미담 사례는 상대적으로 적어 세상이 각박한 것처럼 보이기도 합니다. 그러나 우리나라는 예로부터 두레와 품앗이 등 이웃 간에 어려운 일을 함께하고 가진 것을 서로 나누는 정이 있었습니다. 초기 그리스도교 공동체와 유사한 공동체 정신이라고 할까요. 우리나라를 찾았던 많은 외국인이 한국을 ‘정이 깊은 나라’로 기억합니다. 요셉의원이라는 창을 통해 보면 우리 사회는 따스한 온기가 흐르고 희망이 있는 아름다운 곳입니다. 환자를 보살피기 위해 멀리 천안에서 오는 의료봉사자가 있는가 하면 치료를 받고 고맙다며 정성 들여 만든 색종이 배를 건네는 환자도 있습니다. 어떤 분은 치료를 받고 취직이 된 후 고맙다며 식사 나눔에 쓰라고 큰돈을 보내오기도 했습니다. 일부에서는 요즘 젊은이들이 예의가 없다고 불평합니다. 그러나 우리 젊은이들 사이에서도 봉사와 후원에 대한 관심과 참여가 커져 가고 있는 것을 볼 때 우리 사회는 여전히 희망의 불씨가 살아 있고, 이를 통해 또 다른 기적들이 일어나리라 확신합니다.”―요셉의원은 봉사자와 후원자의 희생과 헌신으로 운영되고 있습니다. 이번 아산상 수상을 계기로 봉사자와 후원자들에게 어떤 말을 해주고 싶은가요.“고맙다는 말씀과 따뜻한 격려를 드립니다. 일하는 병원에서 하루 종일 진료하고 퇴근해서 또 우리 병원에 와서 진료를 해주시는 의료진, 환우를 위한 여러 강의를 비롯해 이발, 식사, 청소 등 온갖 허드렛일을 마다치 않고 거들어주시는 봉사자들, 용돈을 줄여 가난한 이들에게 써달라고 보내주는 학생과 폐지를 모으고 생일잔치 비용을 아껴 후원금을 내주시는 분, 자신은 암에 걸렸어도 가난한 이를 위해 거금을 기탁하신 분 등 한결같은 봉사자와 후원자들이 없었다면 오늘의 요셉의원은 생각할 수도 없을 것입니다. 이분들은 ‘물질이건 마음이건 내가 가진 것을 나누니 나 자신이 기쁘다’는 말을 합니다. 저는 매일 미사 중에 헌신해 주신 봉사자와 후원자 그리고 치료받고 계신 분들과 치료받다 돌아가신 환자들을 기억하며 기도하고 있습니다.”―요셉병원 홈페이지 원장 인사말에 ‘이 공간은 자랑하거나 뽐내는 공간이 아닙니다. 경쟁하여 이기기 위해 과대 포장을 할 필요도 없습니다’라고 쓰여 있습니다. 요셉의원을 지속 가능하게 하는 동력은 무엇입니까.“‘겸손한 봉사’와 ‘사랑의 후원’이 요셉의원을 지탱하는 힘이라고 생각합니다. ‘가난하고 의지할 데 없는 환자를 그리스도의 사랑으로 돌보며, 그들의 자립을 위하여 최선의 도움을 준다’는 요셉의원의 이념에 공감하고 함께하는 분들이 우리 병원을 이끌어가는 버팀목이지요. 저희는 비영리 병원이기 때문에 병원 밖에다 뭔가를 알려 소득을 얻으려고 자랑할 필요가 없고, 병원 안에서도 환자들에게 위세를 부리거나 하는 분위기가 아닙니다. 직원이나 봉사자 모두가 ‘나 이렇게 봉사합니다’라고 내세우는 교만한 마음을 경계하기 위해 출근해서 매일 기도를 함께하고 저녁에는 미사를 함께 드리며 자신을 돌아보는 시간을 갖습니다. 30년 가까이 이어지고 있는 이런 ‘마음 다잡기’를 보고 많은 봉사자와 후원자가 요셉의원을 믿고 후원과 봉사를 해주신다고 생각합니다.”―‘마음 다잡기’는 어떤 의미입니까. 신부님도 교만해질 때가 있나요.“당연하죠. 저도 초심을 잃어버릴 수 있습니다. 그럴 때마다 저 자신을 성찰하고, 기도하고, 채찍질하면서 노력해야 합니다. 저절로 되는 일은 없습니다. 소원도 갈고 닦아야 합니다. 하루도 흐트러지지 않으려 하고, 흔들릴 때마다 하느님께 회심을 합니다. 잘못한 일에 대해서는 용서를 청하고, 자비를 실천하는 삶을 살게 해달라고 기도합니다.”―원장직을 맡아 8년 동안 병원 운영을 하며 가장 주안점을 둔 부분은 무엇입니까.“고 선우경식 원장님은 의사이자 원장으로 진료와 병원 운영에 관한 모든 일을 하셨습니다. 요셉의원 지도신부로 있다가 선우 원장님의 유지를 이어 원장직을 맡은 저는 의사가 아니기 때문에 먼저 진료 시스템을 마련하고 이를 안정화하는 일이 급선무였습니다. 다행히 신완식 박사님이 대학병원에서의 경험을 살려 진료체계를 잡아주는 데 큰 역할을 했습니다. 우리 병원에 오는 이들은 거의 헐벗고 굶주린 사람들입니다. 또 노숙하거나 비좁은 쪽방촌에서 살다 보면 목욕이나 빨래를 하기가 쉽지 않아 고약한 냄새를 풍기며 병원에 오기도 합니다. 그래서 목욕실을 만들어 목욕을 하게 하고, 깨끗한 내의와 계절에 맞는 옷, 양말과 신발을 준비해 갈아 신도록 하고 있습니다. 속옷은 새 제품을 사고 의류와 신발은 후원을 받습니다. 이분들이 정상적인 사회인으로 복귀할 수 있는 자활 의지를 가지도록 여러 프로그램을 시행하고 있습니다. 이 부분은 전문적인 지식과 교육프로그램이 필요해 앞으로 시설 확충과 함께 본격적인 실천 계획을 마련할 예정입니다.”―병원을 운영하며 가장 어려운 점은 무엇인지요.“후원금만으로 운영하는 병원이라서 경제적인 어려움을 빼놓을 수 없겠지요. 하지만 환자 진료 다음으로 가장 큰 어려움은 환자들의 자활 문제입니다. 우리가 접하는 이들은 가정이 깨지고, 사회에서 소외받고 모든 것을 포기하다시피 하고 대부분이 알코올의존증 문제를 가지고 있습니다. 병을 안고 노숙이나 쪽방 생활을 하다 보니 몸이 약해져 일반 사회인들과 경쟁할 수 없는 사람들이 많습니다. 요셉의원은 이런 사람들에게 삶의 의욕을 불어 넣어주고 사회로 복귀할 수 있도록 도와주려 노력하고 있으나 좋은 성과를 거두는 것이 생각처럼 쉽지가 않습니다. 단기간에 이뤄지는 것이 아니기 때문에 앞으로 더욱 전문적이고 체계적인 프로그램을 도입하고 시설을 지속적으로 확장해 나갈 계획입니다. 또 다른 어려움은 좁은 공간입니다. 현재 본원이 들어 있는 3층짜리 건물은 공간이 좁아 엘리베이터를 설치할 수가 없어 장애환자들이 계단을 이용해야 하는 불편함이 있습니다. 부피가 큰 물품은 옥상에서 도르래를 이용해 오르내리고 있고요. 영등포역 주변은 현재 재개발 예정지역이어서 앞으로 환자 교육과 편의를 위해 충분한 공간을 확보할 수 있는 장소를 물색 중입니다.”―기쁨을 얻는 순간은 어떤 때인가요.“앞서 말한 이발 봉사자는 환자로 와서 치료를 받으며 ‘나도 빨리 병이 나아서 다른 사람에게 봉사하고 싶다’는 말을 입에 달고 다녔습니다. 치료 후 이발소를 운영해 자식 셋을 대학까지 보냈고 지금은 자식들에게 부담을 주지 않으려 쪽방촌에서 혼자 삽니다. 그러면서 올해 초부터 이발 봉사를 시작했습니다. 신앙생활을 해야 훌륭한 삶을 살 수 있을 것 같다며 세례도 받았습니다. 또 우리 병원 원무과 직원 중 한 분은 술로 인해 폐인이 되다시피 했다가 우리 병원에서 치료받고 건강을 회복해 직원으로 들어왔습니다. 지금은 행복한 가정을 꾸리고 있죠. 이분들처럼 받은 만큼 남을 위해 베푸는 모습을 보는 게 가장 큰 기쁨입니다.”―몸이 병들고 마음이 지쳐 있는 사람들에게 위안을 주기 위한 종교 프로그램은 어떤 것이 있습니까.“요셉의원을 찾아오는 노숙인들은 대부분 과거 삶의 과정에서 실패를 경험한 사람들입니다. 가까운 사람에게 사기를 당해 빈털터리가 되었다든지, 사랑하는 사람으로부터 배신을 당했다든지, 사랑하는 사람과 가족을 불의의 사고로 잃었다든지 하는 저마다 가슴 아픈 사연들을 품고 있습니다. 문제는 이들이 이런저런 실패의 고통에 얽매여 헤어나지 못하고 자신을 포기하는 지경에까지 이른다는 것입니다. 많은 이들이 음주나 폭력으로 자신을 학대하기까지 합니다. 그래서 사람은 누구나 실패한다는 것을 인정하게 하고, 그 실패로부터 교훈을 찾은 후 고통 자체를 망각의 휴지통에 영원히 버린 다음 현실의 생활에 집중할 수 있는 삶의 자세를 갖추도록 도와주는 일이 중요합니다. 우리 병원은 사제와 수녀가 상주하고 있는 가톨릭사회복지회 부설기관으로 원하는 사람에게는 세례를 받기 위한 예비자 교리나 성경공부 등 종교 교육 프로그램도 운영하고 있습니다. 종교는 영적인 영역이지만 현실에서도 마음의 평화를 누릴 수 있는 치료적 역할을 하고 있습니다.”―우리 사회에서 종교가 어떤 역할을 하고 있다고 생각합니까.“사회 흐름 가운데에서 종교는 그 징표를 읽어내고 사회를 바람직한 방향으로 이끌고 보충해 주기도 하며 민주화 과정에서 정의를 세우는 노력을 해왔습니다. ‘세계화는 우리를 이웃으로 만들었지만 형제가 되게 한 것은 아니며, 불평등과 가난이 형제애와 연대문화를 없애간다’고 경고하는 프란치스코 교황께서는 바티칸 내 작은 숙소에서 지내시며 ‘빈자를 위한 교회’ 정신을 몸소 실천하고 계십니다. 전 세계 가톨릭 신자들에게 ‘이익과 권력에 대한 욕망에 현혹돼서는 안 된다’는 당부를 하셨고, ‘최근의 경제위기가 삶에 심각한 영향을 주고 있지만 중용과 정의의 미덕을 재발견하는 기회가 될 수 있다’면서 개인의 이익을 극대화하는 것보다 가치 있는 타인과의 신뢰 회복이 중요하다고 강조하십니다. 오늘날 이 사회에서 가장 중요하고도 필요한 가치는 경쟁이 아닌 상생과 공동선일 것입니다. 나와 내 가족 내 측근만이 잘되기를 바라는 극한 이기심을 넘어서 진정한 자아의 완성을 이루기 위한 공동선의 실현은 필수적입니다. 그러기 위해 종교와 신앙인의 역할에 끊임없는 쇄신과 반성이 따라야 합니다. 즉 사상이나 이념이 아니라, 실제로 가장 취약한 사회계층에 다가가서 그들과 형제로서 우애를 나누는 실천을 통해, 그리고 각자가 처한 현실 속에서 사적인 이익을 넘어 공동선을 추구하는 역할을 통해 사회의 소금 역할을 하는 종교가 돼야 한다고 생각합니다.”―어려운 이웃을 돕고 싶은 마음은 있지만 삶에 지쳐 못하는 사람들도 많습니다. 이런 사람들에게 어떤 말을 해주고 싶나요.“내가 많이 가졌다고 다 나눌 수 있는 게 아니라 나눌 마음이 있어야 합니다. 우리 병원 후원자 중에는 신문 배달을 해 모은 돈을 보내는 중학생도 있고, 돼지저금통에 돈을 모아 보내는 초등학생도 있습니다. 남을 돕는 심성을 타고난 사람도 있지만 대부분 부모에게서 물려받는다고 생각합니다. 후원자 중 많은 사람이 부모의 권유로 후원을 시작했거나 주변 사람들에게 영향을 받아 기부합니다. 얼마 전에는 쪽방촌에 사는 주민이 로또 3등에 당첨됐다며 어려운 사람을 위해 써달라고 복권을 들고 왔습니다. 제가 다시 돌려주며 ‘당신이 더 필요할 테니 가져가라’고 했지만 그분은 ‘나한테는 필요 없다’고 말하며 놓고 갔습니다. ‘남을 돕지 못할 사람은 아무도 없다’라는 말이 있듯이 돕고 싶은 마음이 있다면 이미 남을 돕는 일을 시작한 것과 다름없다고 생각합니다. 뜻이 있는 곳에 길이 열리니까요. 처음 봉사 온 분들에게 ‘오늘 봉사해 보니 어떠시냐?’고 물으면 한결같이 이곳에 무언가를 주고 가는 게 아니라 본인들이 많은 것을 얻어가는 느낌이라고 대답합니다. 내가 가진 것을 내어주면 더욱 좋은 것이 채워지는 게 아닌가 싶습니다.”―아산상 대상 상금 3억 원을 시설 확충에 쓰겠다고 밝혔는데 가장 시급한 시설은 어떤 것입니까.“우선 환자가 대기할 수 있는 공간을 만들려고 합니다. 환자들이 병원 앞에 길게 줄을 서고 있는데 이런 모습을 볼 때마다 환자들에게 무척 미안한 마음이 듭니다. 춥거나 눈, 비가 올 때는 더욱 불편할 겁니다. 그래서 병원 안에 좁더라도 대기할 수 있도록 공간을 만들어 보려고 여러 차례 시도해 봤으나 워낙 기본면적이 좁아서 가능하지가 않았습니다. 또 환자를 위해 엘리베이터 설치를 검토해 봤으나 건물 자체가 낡고 공간이 좁아서 불가능한 상황입니다. 재개발에 대비해 새로운 장소를 확보할 예정인데 새로운 건물에는 그동안의 문제점을 반영해 진료와 치유 프로그램 운영실을 분리하고 대기공간을 마련할 계획입니다.”―현재 요셉의원과 함께 거주가 불안정한 환자들을 위한 ‘목동의 집’, 필리핀 분원 등을 운영 중인데 앞으로 어떻게 확대할 계획입니까.“고 김수환 추기경께서 ‘나는 요셉의원과 같은 무료 자선병원이 의료사업의 꽃봉오리라고 확신한다. 우리 천주교의 모든 병원이 무료로 환자를 돌볼 수는 없겠지만 적어도 요셉의원과 같은 몇몇 병원만이라도 하느님의 사랑을 만민에게 알리는 사랑의 전도사가 되어주기를 바란다’고 말씀하셨습니다. 그 정신을 이어받아 이 사회에서 버림받고 살아갈 의욕을 잃은 사람들에게 자활할 수 있는 힘을 키워주고 사회로 복귀하도록 돕는 데 최선을 다할 생각입니다. 서울은 물론이고 ‘필리핀 요셉의원’을 운영하는 분들과도 보조를 맞춰가겠습니다. 필리핀 분원은 성모병원에서 오랫동안 일한 최영식 신부님이 마닐라 빈민 지역에 차린 병원입니다. 최 신부님은 오지에서 소외된 사람들을 보살피다가 병이 나서 1년 전에 한국에 왔습니다. 치료가 다 되면 다시 갈 겁니다. 요셉의원이 가난한 환자들이 마음 편히 이용할 수 있는 고향 집 같은 곳이 됐으면 좋겠습니다. 이를 위해 진료 시설을 지속적으로 개선하고 확충해 나갈 계획입니다. 또 저희의 손길이 필요한 가난한 나라에 제2, 제3의 분원을 설립해 한국인의 따스한 인류애를 널리 전하도록 하겠습니다.”―요즘 나라가 혼란스럽습니다. 어려운 시기지만 국민이 한마음으로 위기를 이겨내고 있습니다. 이 시국을 어떻게 바라봅니까.“경제가 어려운데 정치마저 혼란스러운 상황에 빠져 국민 모두가 불안감을 떨치지 못하고 있습니다. 이번의 시련이 대통령의 문제에만 그쳐서는 안 된다고 생각합니다. 여러 부문의 비리와 부정부패를 청산할 수 있는 강력한 제도 개선을 비롯해 근본적인 변화의 계기가 되기를 바랍니다. 그러기 위해서는 우리 모두 스스로 돌아보는 철저한 자기반성이 필요하겠지요. 우리에겐 6·25전쟁 이후 폐허가 된 나라를 경제대국으로 발전시켜온 저력이 있습니다. 여기에 이웃을 아끼고, 서로 돕는 공동체 정신을 발휘한다면 이번 시련을 통해 빠른 기간 안에 반드시 성숙한 선진국으로 발전할 수 있으리라 믿습니다.”인터뷰 = 김구철 부장(문화부) kckim@munhwa.com[문화닷컴 바로가기|소설 서유기|모바일 웹][Copyrightⓒmunhwa.com '대한민국 오후를 여는 유일석간 문화일보' 무단 전재 및 재배포 금지(구독신청:02)3701-5555)]"
14,2016-12-23,"""테러에 굴복할 수 없다"", 유럽  성탄 분위기 띄우기 안간힘",https://news.naver.com/main/read.nhn?mode=LSD&mid=shm&sid1=104&oid=056&aid=0010399330,KBS,"트럭 테러가 발생한 독일 베를린 시내 크리스마스 시장이 사건 발생 사흘 만인 22일(현지시각) 다시 문을 열었다. 마켓 주최 측은 주변에 콘크리트 바리케이드들을 설치한 가운데  이날 오전 상점을 재개장했다고 AP 통신 등 외신들이 보도했다.트럭 테러의 충격이 채 가시기도 전에 다시 문을 연 크리스마스 시장 주변에는 테러 이전처럼 많은 사람이 몰려들어 크리스마스 축제를 즐겼다. 이 같은 분위기는 테러에 굴복하지 않겠다는 베를린 시민들의 의지를 보여주는 것으로 풀이된다고 외신들은 전했다.베를린 트럭 테러 현장 주변에서 재개장한 크리스마스 상점 거리에서 시민들이 몰려들고 있다. (사진=AP)이에 앞서 지난 19일 저녁 19t 대형 트럭이 베를린 관광지인 카이저 빌헬름 메모리얼 교회 인근의 이 크리스마스 상점으로 돌진해 12명이 숨지고 48명이 다쳤다. 다시 문을 연 테러 현장 주변 거리 곳곳에는 트럭 테러 희생자들을 추모하는 촛불이 켜지고 꽃다발이 쌓이고 있다. 시민들은 추모현장에 '나는 베를린 사람이다' , '베를린 가슴이 공격당하다.', '우리는 분열하지 않을 것이다.' 등의 글을 써놓으며 테러에 굴복하지 않겠다는 의지를 보이기도 했다.이틀 전 트럭 테러가 발생해 12명의 사망자를 낸 독일 베를린의 크리스마스 시장 현장에 희생자들을 추모하기 위한 촛불과 꽃다발이 놓여 있다.유럽, 경계 강화 속 성탄 분위기 띄우기 안간힘독일 베를린 중심가의 트럭 테러로 성탄절을 앞둔 유럽에 불안감이 확산하고 있는 가운데 독일은 물론 유럽 각국은 크리스마스 상점과 주요 관광지에 대한 경계를 강화하면서 크리스마스 분위기를 띄우는데 안간힘을 쏟고 있다.특히 지난 7월 대형 트럭이 군중을 덮치는 비슷한 수법으로 86명의 희생자를 낸 프랑스의 경계 태세가 강하다. 프랑스는 대표적인 관광명소 샹젤리제 거리를 장벽과 콘크리트 블록으로 둘러쌌다. 프랑스 내무부는 ""모든 안보 병력이 최고 수준 경계를 유지하고 있다""고 밝혔다.프랑스 내무부는 그러면서도 ""니스 테러로 많은 것을 배웠기 때문에 프랑스에는 안전을 위한 모든 조처가 이뤄졌다. 프랑스뿐 아니라 모든 민주주의 국가에 존재하는 외부 위협이 있어도 우리는 즐겁게 계속 나아가야 한다는 메시지를 전하고 싶다""며 크리스마스 축제를 즐길 것을 호소했다.22일(현지시각) 영국 런던의 옥스포드 거리에서 한 시민이 세일 문구가 걸린 상점 앞으로 지나가고 있다. (사진=EPA)英 총리, ""테러에 굴복하지 말고 성탄 연휴 즐기자""영국의 테리사 메이 총리는 테러에 굴복하지 말고 평소대로 일상을 유지하면서 성탄 연휴를 즐기자고 호소했다. 메이 총리는 22일(현지시각) 보도된 현지 일간 이브닝 스탠다드와 인터뷰에서 ""물론 우리의 생각은 베를린에서 일어난 끔찍한 공격을 당한 이들과 함께 있지만, 런던 시민들은 평소처럼 계속 지내야 한다""고 말했다.메이 총리는 이어 ""성탄 연휴 기간을 즐겨야 하며, 테러리스트들에게 겁먹지 않을 것이고 일상을 평소처럼 이어갈 것이라는 분명한 메시지를 보내는 게 중요하다""고 강조했다. 메이 총리는 ""정보기관들과 경찰이 안전을 유지하기 위해 매일 열심히 일하고 있다""고 덧붙였다. 앞서 런던경찰청은 전날 버킹엄 궁 근위대 교대식이 열리는 동안 주변 도로를 폐쇄하고 연말연시에 예정된 행사들에 대한 보안 계획을 점검하는 등 테러 경계를 강화했다.이탈리아도 로마와 밀라노 등 주요 도시에 있는 크리스마스 축제장과 관광지에 대한 경계를 대폭 강화했다.독일 베를린 중심가의 트럭 테러로 성탄절을 앞둔 유럽에 불안감이 확산하고 있는 가운데 이탈리아 밀라노의 두오모 성당 앞 광장에 차량진입을 막기 위한 콘크리트 차단벽이 설치돼 있다. (사진=AP)초동 수사 실패 속 트럭 테러 용의자는 행방 묘연한편 독일 수사 당국이 베를린 트럭 테러 용의자로 지목한 아니스 암리(24)가 사흘째 행방이 묘연한 가운데 초기수사 실패를 놓고 독일 여론이 나빠지고 있다. 독일 언론에 따르면 경찰은 22일 범행에 쓰인 19t 트럭 운전석 문 등에서 암리의 지문을 확인한 것으로 알려졌다. 사건 발생 사흘째야 결정적인 단서를 확보한 셈이다.주간 슈피겔은 이날 온라인판에서 ""수사기관은 암리를 감시하고 있었지만, 그는 여전히 잠적할 수 있었다""며 허술한 범죄 용의자 관리 체계를 비판했고 쥐트도이체차이퉁은 경찰이 엉뚱한 용의자를 붙잡고 시간만 낭비했다고 지적했다.사건 당일 베를린 경찰은 현장인 브라이트샤이트플라츠에서 1km가량 떨어진 곳에서 파키스탄 이민자를 용의자로 체포했다가 이튿날 증거 불충분으로 석방했고, 21일 오전에도 또 다른 이민자를 용의자로 지목하고 체포했다가 몇 시간도 안 돼 풀어줬다는 것이다.쥐트도이체차이퉁은 ""연방 경찰이 암리를 용의자로 지목하는데 많은 시간이 걸렸다""고 비판했다. 이 신문은 독일 경찰은 폴란드, 프랑스 국경 지대와 주요 기차역, 공항 등에 병력을 배치하고 CCTV로 암리의 도주 경로를 추적하고 있지만 벌써 그가 독일을 벗어났을 가능성까지 나오고 있다고 보도했다.AFP통신은 광범위한 추적에도 불구하고 그가 범행 전에는 어떻게 추방되지 않았고 지금은 체포망을 피해 다닐 수 있는지 여러 의문이 제기된다며 독일 수사 당국이 여론의 집중포화를 맞고 있다고 전했다.김의철기자 ( kimec@kbs.co.kr)▶ [저작권자ⓒ KBS 무단복제-재배포 금지]"
15,2016-12-23,"""국정화 철회""…의견수렴 마지막날 10만 국민의 목소리",https://news.naver.com/main/read.nhn?mode=LSD&mid=shm&sid1=102&oid=028&aid=0002347083,한겨레,"[한겨레]국정교과서 폐기 비상대책회의 기자회견“10만1315명 국민의견, 교육부는 수렴하라”교육감 5명은 세종시 교육부 앞에서 시위“교육부 장관 및 차관 면담조차 거부해”국정역사교과서 폐기를 위한 교육·시민사회·정치 비상대책회의는 국정교과서 현장검토본에 대한 의견수렴 마지막 날인 23일 서울 광화문 광장에서 기자회견을 열고 “역사교과서 국정화 철회”에 목소리를 높였다.교육부가 국민 의견을 듣겠다며 정한 국정교과서 현장 검토본의 의견 수렴 기간 마지막날을 맞아, 서울 광화문 광장과 세종 교육부 청사 앞에서는 “역사교과서 국정화 추진을 중단하고 국민 목소리를 수렴하라”는 국회, 시민단체, 시도교육감들의 목소리가 이어졌다.국정화 철회를 위해 야3당·시민사회단체·시도교육감협의회가 함께 조직한 ‘국정역사교과서 폐기를 위한 교육·시민사회·정치 비상대책회의’(이하 비상대책회의)는 23일 서울 종로구 광화문 세월호 광장에서 기자회견을 열고 “총 10만1315명의 ‘국정교과서 폐기’ 의견서를 교육부에 전달하겠다”고 밝혔다. 이 자리에는 국회 교육문화체육관광위원회 더불어민주당 도종환, 유은혜, 조승래, 박경미 의원과 정의당 심상정 의원, 한상권 한국사교과서국정화저지네트워크 대표, 변성호 전국교직원노동조합 대표, 최은순 참교육을위한학부모회 회장 등이 참여했다. 비상대책회의는 “교육부는 깜깜이로 집필하던 국정교과서 현장검토본을 지난달 28일 공개하고 오늘 23일까지 국민의견을 수렴하겠다고 했지만, 접수된 2511건 의견 중 현재까지 교육부가 반영하겠다고 밝힌 국민의견은 스무건에 불과하다. 나머지는 참고사항으로 분류해 반영여부도 알 수 없다”며 “정부는 처음부터 국민을 교과서 오탈자 수정 등을 위한 빨간펜 선생님 정도로 이용할 생각만 했지 국정화 추진 여부에 대해 물어볼 생각도, 계획도 없었다”며 교육부를 비판했다.심상정 정의당 의원은 “국민들이 탄핵한 것은 대통령뿐만 아닌 그의 잘못된 정책 전부다”며 “황교안 국무총리도 국정화 폐기를 수용해야 권한대행직을 유지할 수 있다”고 강조했다. 그는 “국정화를 폐기 선언하지 않는다면 야3당이 공동으로 낸 국정교과서 폐기법안을 국회에서 관철시킬 것이다. 국정화는 조금의 타협도 있을 수 없다”고 덧붙였다. 한상권 한국사교과서국정화저지네트워크 대표도 “한 달간 역사학계가 총 네 차례 토론회를 열고 국정교과서 현장검토본의 문제를 지적했다. 이제 교육부가 이를 반영할 때”라고 강조했다.같은 시각 비상대책회의 소속 조희연 서울교육감, 김석준 부산교육감, 장휘국 광주교육감, 최교진 세종교육감, 김지철 충남교육감 등 5명의 교육감은 세종시 교육부 청사 앞에서 국정교과서 철회를 촉구하는 시위를 벌였다. 교육감들도 “가르치는 교사, 배우는 학생, 교육행정을 책임지는 교육감이 받아들이지 않는 교과서는 학교에서 사용될 수 없다""며 “국정교과서 금지법안이 국회를 통과하면 그 순간 교과서로서의 효력이 상실된다는 것을 명심해야 할 것”이라고 목소리를 높였다. 이날 비상대책회의 소속 교육감들은 “이준식 장관 및 이영 차관과의 면담을 요청했으나 장차관은 일정을 이유로 면담에 응하지 않았다”고 밝혔다.김미향 기자 aroma@hani.co.kr▶ 한겨레 절친이 되어 주세요![신문구독][주주신청]▶[페이스북][카카오톡][트위터]▶ 지금 여기[사설·칼럼][만평][정치BAR][ⓒ한겨레신문 : 무단전재 및 재배포 금지]"
16,2016-12-23,'2016 연말정산' 완전 정복! - 기본·심화편,https://news.naver.com/main/read.nhn?mode=LSD&mid=shm&sid1=101&oid=055&aid=0000488066,SBS,"회식과 술자리가 잦아지는 연말연시. 매년 돌아오는 송년회, 신년회보다 더 꼼꼼하게 챙겨야 할 것이 있습니다. 바로 '연말정산'입니다.연말정산은 '13월의 보너스'라고 불리지만, 숙취로 인해 속을 게워내는 것보다 더 가슴 아프게 세금을 '토해내는' 경우도 많습니다.매년 돌아오는 연말정산이지만, 챙길 서류도 많고 용어도 익숙지 않아 복잡하게만 느껴집니다. 리포트+에서는 2016 연말정산에 대해 Q&A로 쉽고 자세하게 풀어봤습니다.먼저 오늘은 '기본기'부터 다져보겠습니다.[연말정산 기본기 다지기]A개인이 얻은 소득에 대하여 부과하는 세금인 '소득세'는 1년 단위로 과세 됩니다. 하지만, 매달 급여를 지급할 때는 1년 동안 소득을 정확히 알 수 없습니다.세금 징수액도 정확하지 않죠. 이 때문에 국가는 대략적인 세금을 미리 원천징수하고 나중에 정산을 하는데, 이것을 연말정산이라고 합니다.국세청에서 1년 동안 거둬들인 근로소득세를 연말에 따져보고, 실소득보다 많은 세금을 냈으면 그만큼 돌려주고 적게 거뒀으면 더 징수하는 절차인 겁니다.A매년 연말정산은 다음 해 1월 중순에서 2월 중순 사이에 진행됩니다. 2016년 연말정산은 2017년 1월 15일부터 시작되는데, 예상 환급액 등은 홈택스를 통해 미리 확인해볼 수도 있습니다.A5월에 종합소득세 신고를 하면 됩니다. 근로소득자와 달리, 사업소득자를 비롯한 종합소득자들은 5월에 소득세 신고를 하는데, 근로소득자도 5월 종합소득세 신고가 가능합니다.[연말정산 심화 학습]A대부분의 직장인은 공제항목 관련 서류들을 준비해 회사 내 연말정산 담당 부서에 제출하면 됩니다. 연말정산 시기와 서류 제출방식은 회사마다 차이가 있습니다.회사의 연말정산 공지를 미리 확인하고, 국세청에서 안내하는 내용을 참고해 소득·세액공제가 누락되지 않도록 꼼꼼히 연말정산 서류를 준비해야 합니다.A연말정산 관련 서류들은 대부분 '국세청 연말정산 간소화 서비스'를 통해 출력할 수 있습니다. 올해부터는 국세청 사이트에서 국민연금, 건강보험료 등 4대 보험료 자료와 휴·폐업 의료기관의 의료비 자료도 확인이 가능합니다.중도 퇴사자, 비상근 근로자도 연말정산 간소화 서비스를 통해 자료를 확인할 수 있죠.부양가족이 공인인증서가 없어도 소득·세액공제자료 제공 동의를 신청할 수 있는 '온라인 신청' 방법도 마련됐습니다. 세무서를 찾지 않아도 홈택스를 통해 신청할 수 있습니다.다만, 지난해와 동일하게 시력보정용 안경이나 콘택트렌즈, 보청기 등의 구매 비용은 직접 영수증을 챙겨야 합니다.[연말정산 용어 바로 알기]2015년 귀속분부터 연말정산 간소화 서비스를 통해 연말정산 신고가 가능해졌는데요. 간소화 서비스를 이용하면, 연말정산 환급금을 얼마나 받을지 미리 계산해 볼 수도 있습니다.2014년 귀속 연말정산부터 많은 공제 항목들이 소득공제에서 세액공제로 바뀌었습니다. 간소화 서비스를 통해 연말정산의 번거로움이 줄었지만, 소득공제, 세액공제, 산출세액 등 관련 용어들은 어렵게 느껴지기 마련이죠.연말정산 계산식을 통해 관련 용어들을 알아보겠습니다.우선 근로소득금액을 살펴보겠습니다. 근로소득금액이란, 총급여액에서 근로소득공제를 뺀 금액입니다. 총급여액은 4대 보험 등 비과세소득을 제외한 1년간 근로소득금액 전체를 말하죠.근로소득공제는 근로자들이 소득을 얻는 과정에서 필수적으로 들어가는 경비를 세금 부과대상에서 빼주는 겁니다. 총급여액에서 일정금액이 공제되는데, 총급여액에 따라 근로소득공제액도 달라집니다.근로소득금액에서 소득공제를 빼면 세금 부과의 기준이 되는 과세표준이 계산됩니다. 과세표준에 세율을 곱하면 산출세액이 나오게 되죠.산출세액에서 세액공제까지 제외하면 납부하거나 환급해야 할 세액이 계산되는 겁니다. 연말정산에는 대략 30여 가지의 공제 항목이 있습니다.그렇다면 소득공제와 세액공제는 무엇일까요?우선 소득공제 항목을 먼저 알아보겠습니다. 소득공제는 과세의 대상이 되는 소득 중에서 일정금액을 공제 해주는 것을 말합니다.소득공제에는 인적공제, 연금보험료공제, 기타소득공제 등이 있는데요, 4대 보험, 신용카드, 청약저축 등이 이에 해당합니다.세액공제는 납세의무자가 부담하는 세액 중에서 세금을 빼주는 것을 말합니다. 세금 자체를 깎아주기 때문에 소득공제보다 세금 혜택이 더 크다고 할 수 있죠.세액공제는 항목이 매우 많아서 꼼꼼히 따져봐야 하는데요, 대표적으로 연금저축이나 의료비, 기부금, 교육비 등이 세액공제 항목입니다.소득공제와 세액공제의 가장 큰 차이점은 공제금액입니다.소득공제는 세율이 곱해지기 전에 공제되기 때문에 세율에 따라 혜택이 달라집니다. 세율이 높은(=소득이 높은) 사람이 더 많은 금액을 공제받는 것이죠.반면, 세액공제는 정해진 금액이 공제되기 때문에 그래서 소득과 관계없이 같은 금액을 공제받게 됩니다.결과적으로 소득공제 항목과 세액공제 항목이 많다면 연말정산 환급을 많이 받게 되고, 공제 항목이 적다면 미리 낸 소득세와 비슷한 결과를 얻거나 세금을 더 내는 이른바 '토해내는' 상황이 발생하는 겁니다.이제 연말정산의 기본기가 좀 갖춰진 것 같으신가요?다음 편에서는 이번 연말정산에서 바뀌는 부분은 무엇인지, 또 연말정산을 잘하는 이른바 '꿀팁'은 무엇인지를 살펴보겠습니다.(기획·구성 : 김도균, 장아람 / 디자인: 정혜연)김도균 기자(getset@sbs.co.kr)※ ⓒ SBS & SBS콘텐츠허브 : 무단복제 및 재배포 금지☞ [스페셜] 박근혜 대통령 - 최순실 게이트의 모든 것"
17,2016-12-23,크리스마스 캐럴은 '금지곡'이었다,https://news.naver.com/main/read.nhn?mode=LSD&mid=shm&sid1=110&oid=001&aid=0008910928,연합뉴스,"(서울=연합뉴스) 이상서 기자·김지원 작가·고장석 인턴기자 = 크리스마스에 들려오는 캐럴은 많은 사람의 마음을 들뜨게 합니다. 예수 탄생의 기쁨을 전하는 캐럴. 그런데 이 기쁨의 음악에는 숨겨진 ‘흑역사’가 있습니다. 캐럴은 한때 영국에서 용감한 저항가들만이 부를 수 있던 일종의 민중가요였습니다. 캐럴은 원래 크리스마스만을 위한 노래가 아니라는 사실, 알고 계셨나요?<<시각장애인 음성정보 지원을 위한 텍스트입니다>>크리스마스 캐럴은 '금지곡'이었다크리스마스 캐럴의 역사와 의미고요한 밤 거룩한 밤, 징글벨, 루돌프 사슴코…크리스마스에 들려오는 캐럴은 많은 사람들의 마음을 들뜨게 합니다.예수 탄생의 기쁨을 전하는 캐럴. 그런데 이 기쁨의 음악에는 숨겨진 '흑역사'가 있습니다. 캐럴은 한때 영국에서 용감한 저항가들만이 부를 수 있던, 일종의 민중가요였습니다.캐럴은 원래 크리스마스만을 위한 노래가 아니었습니다. 중세 유럽에서는 동지와 같은 세시 명절을 기념하며 춤을 추었는데요. 노래를 동반한 이 춤이 프랑스어로 '카롤'(carole)이라 불렸고 여기서 일종의 교회음악인 캐럴이 유래합니다.중세 유럽에서는 크리스마스를 현대인들과 비슷한 방식으로 기념했습니다. 상점은 단축 영업을 했고 집과 건물은 담쟁이덩굴 등으로 치장되었습니다. 사람들은 가족이나 친구들과 모여 칠면조, 맥주 등을 먹고 마시며 즐거운 시간을 보냈습니다.이 흥겨운 풍경에 음악이 빠질 수 없었겠죠. 이 때 돌아다니며 떠들썩하게 노래를 부르고 즐기던 무리가 기존의 캐럴에 호랑가시나무, 담쟁이덩굴과 같은 크리스마스 상징을 넣어서 부르며 '크리스마스 캐럴'이 퍼져나갑니다.영국의 왕 헨리 8세도 '호랑가시나무는 푸르게 자란다'라는 캐럴을 직접 썼을 정도로 16-17세기에 캐럴은 인기를 끌었습니다. 그러나 영원할 것 같던 캐럴의 전성기는 청교도혁명과 함께 사그라듭니다.청교도 혁명을 이끈 올리버 크롬웰과 청교도인들은 떠들썩하게 크리스마스를 보내는 것을 혐오스럽고 불경한 일로 여겼습니다. 그들은 예수의 탄생을 즐겁게 기념하는 건 '가톨릭스러운' 일이라 주장했죠.1644년, 의회 결의에 의해 영국에서 사실상 크리스마스 축제가 금지되었고 캐럴은 함부로 부를 수 없는 '위험한 음악'이 되었습니다. 하지만 사람들은 이에 굴하지 않고 비밀리에 모여서 캐럴을 부르며 크리스마스의 기쁨을 나누었습니다.1660년 군주제의 부활로 '크리스마스 축제 금지'가 무효화되자 영국인들은 이전보다 더 열광적으로 크리스마스를 기념했습니다. 이후 18세기부터 빅토리아 시대까지가 캐럴의 황금기로, '참 반가운 성도여' 등의 유명한 곡이 쏟아져 나옵니다.정치·종교적 탄압에도 캐럴이 살아남은 비결은 뭘까요?멘델스존과 같은 거장이 '천사 찬송하기를' 등을 작곡하는 등, 캐럴은 클래식 음악을 일반인에게 어렵지 않게 전파하면서도 음악적 가치와 아름다움을 유지했습니다.또한 캐럴은 음악을 통해 다양한 사람들을 하나로 묶어주는 역할을 했습니다. 크리스마스에 모여서 함께 캐럴을 부르는 일은 문화와 언어, 정치적 배경 등을 떠나 순수한 즐거움만을 타인과 나누는 경험이죠.다사다난했던 한 해를 보내며 맞는 크리스마스. 소중한 이들과 모여 캐럴을 들으며, 음악이 주는 위로와 감동에 한 번 빠져보는 것은 어떨까요?메리 크리스마스!shlamazel@yna.co.kr"
18,2016-12-23,동북아 '5세대 스텔스' 제공권 경쟁,https://news.naver.com/main/read.nhn?mode=LSD&mid=shm&sid1=104&oid=021&aid=0002299500,문화일보,"韓, 2018년부터 F-35A 도입中, J-20 개발하고 양산 시작日, F-35A 인도 받아 훈련중러, T-50 공개 “기동성 우수”미·중·일·러 4대 열강과 남북한이 포진한 한반도와 동북아시아 하늘이 5세대 전투기의 경연장으로 떠오르면서 공군력 군비확대 경쟁이 갈수록 치열해지고 있다. 중국과 러시아는 자체적으로 첨단 전투기를 개발하고 있으며 한국과 일본은 미국의 F-35 전투기 체제로 편입되는 양상이다.23일 국방부에 따르면 내년 1월 일본의 F-35A(공군용 모델)와 F-35B(해병대용 수직이착륙 모델) 일본 실전배치를 신호탄으로 2021년까지 단계적으로 중국의 ‘젠(殲)-20(J-20)’, 러시아의 PAK-FA(T-50) 5세대 스텔스 전투기들이 한국과 일본, 중국, 러시아에 속속 실전배치된다. 일본은 내년부터 42대를 순차적으로 도입해 아오모리(靑森)현 미사와(三澤) 기지에 배치할 계획이다.한국은 2018년부터 F-35A 40대를 2021년까지 도입한다. 도입가격은 대당 1211억 원으로 지난 2014년에 계약이 체결됐다. 최고속도 마하 1.8에 길이 15.67m, 너비 10.7m, 높이 4.33m다. 스텔스 성능이 있으며 레이더 탐지거리가 270㎞나 되고 폭탄과 미사일을 운용할 수 있다. 미국도 내년 상반기 중 일본 야마구치(山口)현 이와쿠니(岩國) 주일미군기지에 F-35B 16대를 배치할 계획이다. 북한 김정은 노동당 위원장도 중국의 J-20 또는 러시아의 T-50 스텔스 전투기에 눈독을 들이는 것으로 알려져 있다.CNN과 스푸트니크 뉴스 등 외신은 러시아 차세대 스텔스 전투기 제작업체인 콤소몰스크-온-아무르 항공사가 지난 15일 촬영한 쌍발 엔진 1인승 T-50 사진들을 웹사이트에 공개했다. 스푸트니크 뉴스는 “T-50은 대당 가격이 F-35의 절반 이하인 5000만 달러 선으로 저렴하고 성능은 훨씬 우수하다”고 주장했다. 이어 “기동성 면에서도 T-50은 F-35보다 훨씬 앞설 뿐만 아니라 속도도 30% 정도 빠르고 항속거리도 2000마일(3218㎞) 이상 길다”고 주장했다. 러시아 언론과 군에 따르면 T-50은 내년부터 양산 체제에 들어가 2018년 1개 비행단 도입을 시작으로 실전배치된다.중국은 지난 8월 23일 서남부 쓰촨(四川)성 청두(成都)의 시험비행기지 상공을 비행 중인 진회색 스텔스 전투기의 사진을 인터넷 사이트에 올렸다. 중국 언론은 개발을 끝내고 공장 생산에 들어간 J-20 4대가 처음 중국 공군에 인도됐다고 전했다. J-20은 러시아제 엔진을 사용해 2011년 1월 첫 비행에 성공했으며 6년 만에 자체 생산에 들어갔다. 2018년 초 36대가 실전배치될 예정이다.정충신 기자 csjung@munhwa.com[문화닷컴 바로가기|소설 서유기|모바일 웹][Copyrightⓒmunhwa.com '대한민국 오후를 여는 유일석간 문화일보' 무단 전재 및 재배포 금지(구독신청:02)3701-5555)]"
19,2016-12-23,'아쉬운 안녕' 국내 1호 주식시세 전광판 역사 속으로,https://news.naver.com/main/read.nhn?mode=LSD&mid=shm&sid1=101&oid=001&aid=0008910863,연합뉴스,"(서울=연합뉴스) 조민정 기자 = ""10년을 매일같이 오던 곳인데…. 없어진다고 사진들을 찍고 있으니 마음이 이상하네요.""23일 오전 서울 여의도 대신증권 본사 1층.대신증권 창업주인 고(故) 양재봉 명예회장이 1979년 증권업계 최초로 도입한 '국내 1호' 시세전광판의 운영 종료를 알리는 행사가 열렸다.대신증권이 처음 설치한 뒤 증권가에는 시세전광판이 급속히 퍼져나갔다.고객들이 객장에 설치된 전광판을 향해 앉아 주식시세를 확인하며 대화를 나누고, 주문표를 작성해 창구에서 주식을 사고파는 모습은 증권가의 흔한 풍경이 됐다.그러나 홈트레이딩·모바일트레이딩이 보편화되고 주식투자보다는 자산관리가 증권업계의 주력상품이 되면서 객장을 직접 찾는 고객들이 점차 줄어들었다.결국 대다수 증권사는 시세전광판을 철거하거나 새 지점에 전광판을 설치하지 않게 됐고, 대신증권도 이런 도도한 물결을 거스를 수 없는 상황을 맞았다.여의도에 마지막으로 남았던 대신증권 시세전광판 운영이 중단됨에 따라 이제는 신한금융투자와 NH투자증권이 지방 지점에서 운영하는 전광판만 남게 됐다.""아듀~"" 국내 1호 시세전광판23일 서울 여의도 대신증권 본사에서 '국내 1호' 주식시세전광판 운영중단을 기념하는 행사가 열렸다. 참석자들이 연말 납회식 때 하는 주식거래 주문지 뿌리기 세리머니를 펼치고 있다.가로 697.3cm, 세로 233.8cm 크기에 336개 종목이 한 번에 표출되는 대신증권 전광판은 젊은 사람보다는 어르신들에게 인기가 좋았다.매일 아침이면 30∼40명의 어르신들이 이곳을 찾았다.어르신 단골 고객들은 운영이 종료되는 이날까지 객장을 찾아 아쉬운 작별 인사를 했다.10년간 거의 매일처럼 들렀다는 한 70대 개인투자자는 ""새벽에 일어나 운동도 좀 하고 여기 오는 게 일상이었다""고 말했다.증권시장이 변하듯 그의 투자처도 주식에서 펀드로 바뀌었지만 전광판을 보면서 차 한잔을 마시는 것은 습관으로 굳었다.""세월이 흐르는 걸 (전광판이라고) 어쩌겠어요.""그렇게 대수롭지 않은 듯 말했지만 그의 눈은 역사속으로 사라지는 전광판에서 눈을 떼지 못했다.대신증권 본사는 이날까지 여의도에서 영업하고 오는 26일부터 회사가 태동한 서울 중구 명동의 신사옥에서 새 출발을 한다.시세전광판 운영 종료는 사옥 이전에 따른 것이지만, 더 큰 이유는 전광판을 유지·보수할 방법이 여의치 않기 때문이다.국내 1호 시세전광판 역사 속으로23일 오전 서울 여의도 대신증권 본사에 설치된 '국내 1호' 시세전광판 앞에서 고객들이 대화를 나누고 있다. 이 전광판은 이날을 마지막으로 운영이 중단된다.나재철 대신증권 대표는 ""증권업계의 트렌드가 바뀌면서 주식 거래가 감소하고 자산 관리에 관심이 쏠리고 있다""며 ""대신증권은 환경 변화 속에서도 국내 최초 시세전광판의 명맥을 유지하기 위해 노력해 왔지만 증권업계에서 점차 전광판이 사라지면서 유지하고 보수해줄 업체도 사라져버렸다""고 말했다.나 대표는 ""저도 오랫동안 영업부에서 일하면서 시세전광판을 보며 증권시장의 희로애락을 겪었던 사람""이라며 ""개인적으로도 아쉬움이 크다""고 객장의 고객들을 위로했다.본사 영업부장인 박규상 상무는 ""전광판을 없앤다고 하니 많은 고객분들이 서운함을 토로하셨다""며 ""여러 해 동안 저희와 함께 출근해 이 자리를 지켜주시던 고객들께 위로와 감사의 말씀을 드린다""고 말했다.이날 행사에서는 보통 한 해 장을 마무리하면서 납회식 때 펼치는 '주문표 뿌리기 세리머니'가 앞당겨 진행됐다.이 행사에 앞서 대신증권 건물 앞에서는 여의도 증권가의 상징물로 통했던 대형 황소상인 '황우'를 통째로 이전하는 진풍경도 연출됐다.이 황우는 양재봉 대신증권 창업주의 주문으로 1994년 제작된 여의도 첫 황소상으로, 시세전광판과 함께 여의도 증권가의 역사를 보여주는 상징물로 명성을 날렸다.황우는 서울 대림동 대신증권 연수원에 임시로 보관됐다가 내년 상반기 명동 신사옥 앞에 조성되는 공원에 새롭게 자리잡을 예정이다.철거되는 여의도 '명물' 황소상23일 서울 여의도 대신증권 본사 앞에 설치됐던 황소상이 크레인에 매달려 이사차량으로 옮겨지고 있다.chomj@yna.co.kr"
20,2016-12-23,미·러 핵강화 조짐…현재 핵탄두 미 7000개 · 러 7290개..,https://news.naver.com/main/read.nhn?mode=LSD&mid=shm&sid1=104&oid=001&aid=0008910555,연합뉴스,"세계 1만5천395개 중 미러가 93％ 차지…""보유국 핵억지력 유지 노력""(서울=연합뉴스) 장재은 기자 = 미국과 러시아가 22일(현지시간) 동시에 핵 전투력 강화 방침을 밝혀 보유 실태에도 관심이 쏠리고 있다.스웨덴 조사기관 스톡홀름국제평화연구소(SIPRI)가 올해 1월을 기준으로 추산한 2016년 핵무기 실태에 따르면 양국은 비슷한 규모의 핵탄두를 갖고 있다.전 세계의 핵탄두는 1만5천395개로 그 가운데 러시아가 7천290개로 가장 많고 미국이 7천개로 그 다음이다.양국의 핵탄두 수를 합하면 전체의 92.8％에 이른다.핵탄두를 보유한 국가는 미국, 러시아, 영국, 프랑스, 중국, 인도, 파키스탄, 이스라엘, 북한 등 9개국으로 SIPRI는 집계하고 있다.몬테네그로 거리에 트럼프(왼쪽)와 푸틴의 얼굴이 담긴 광고판이 걸려있는 모습.[EPA=연합뉴스 자료사진]중국은 260개, 인도는 100∼120개, 파키스탄은 110∼130개, 이스라엘은 80개, 북한은 10개를 가진 것으로 추정됐다.이들 9개국이 실제 가동할 수 있도록 미사일에 탑재하거나 기지에 배치한 핵탄두는 총 4천120개로 추산됐다.실전에 배치된 핵탄두로는  미국이 1천930개로 선두를 달렸고 러시아(1천790개), 프랑스(280개), 영국(120개)가 뒤를 따랐다.세계 각국은 자국 안보 유불리나 국제사회의 인식 때문에 핵무기와 관련한 구체적이고 정확한 정보를 내놓는 데 인색한 상황이다.SIPRI는 각국 정부, 국제원자력기구(IAEA)가 공개한 자료를 토대로 이 같은 추정치를 내놓았으나 근거가 확연하지 않은 부분도 일부 있다고 밝혔다.전 세계 핵탄두의 수는 2015년보다 455개 줄었다.이는 미국이 핵무기 재고를 감축하는 반면 중국, 인도, 파키스탄이 국방 현대화를 이룬다며 핵무기를 공격적으로 늘리는 과정에서 나타난 현상이다.SIPRI는 핵 보유국들이 관련 무기의 성능을 향상하는 데 주력하는 추세도 관측된다고 지적했다.한 예로 미국은 2015년부터 2024년까지 잠수함, 항공기, 미사일 등 전달체계를 포함한 핵무기를 개선하기 위해 3억4천800만 달러(약 4천200억원)를 쓰기로 했다.보고서를 작성한 한스 크리스텐센 SIPRI 연구원은 ""핵무기 수가 줄고 있지만 핵 비무장에 대한 전망은 어둡다""며 ""핵 보유국들이 핵 억지력을 국가안보 전략의 핵심으로 계속 유지하려고 한다""고 지적했다.jangje@yna.co.kr"
21,2016-12-23,새해 해돋이…7시26분 독도에서 가장 먼저 본다,https://news.naver.com/main/read.nhn?mode=LSD&mid=shm&sid1=103&oid=277&aid=0003898488,아시아경제,"2016년 12월31일 가장 늦게까지 해를 볼 수 있는 곳은 신안 가거도[사진=아시아경제DB][아시아경제 정종오 기자] 2017년 1월1일 새해 해돋이는 독도에서 가장 먼저 볼 수 있다.2017년 새해 첫 해는 아침 7시26분에 독도에서 가장 먼저 볼 수 있다. 이어 7시31분 울산 간절곶과 방어진을 시작으로 내륙지방에서도 볼 수 있다.한국천문연구원(원장 한인우)은 주요지역의 2016년 12월31일 해넘이 시각과 2017년 1월1일 해돋이 시각을 발표했다.한편 2016년 12월31일 가장 늦게 해가 지는 곳은 신안 가거도이다. 오후 5시40분까지 지는 해를 볼 수 있다. 육지에서는 전남 진도의 세방낙조에서 오후 5시35분까지 볼 수 있다.일출시각은 해발고도 0m를 기준으로 계산된 시각으로 고도가 높을수록 일출 시각이 빨라져 해발고도 100m에서의 실제 일출 시각은 발표시각에 비해 2분가량 빨라진다. 일출이란 해의 윗부분이 지평선(또는 수평선)에 나타나기 시작할 때를 의미한다. 일몰이란 해의 윗부분이 지평선(또는 수평선) 아래로 사라지는 순간을 뜻한다.기타 지역의 일출과 일몰 시각은 한국천문연구원 천문우주지식정보 홈페이지(astro.kasi.re.kr)의 생활천문관에서 확인할 수 있다.정종오 기자 ikokid@asiae.co.kr▶ 최강의 재미 [아시아경제 카드뉴스]▶ 맛있는 레시피▶ 양낙규의 [군사이야기]<ⓒ세계를 보는 창 경제를 보는 눈, 아시아경제 무단전재 배포금지>"
22,2016-12-23,새해 해돋이…7시26분 독도에서 가장 먼저 본다,https://news.naver.com/main/read.nhn?mode=LSD&mid=shm&sid1=103&oid=277&aid=0003898488,아시아경제,"2016년 12월31일 가장 늦게까지 해를 볼 수 있는 곳은 신안 가거도[사진=아시아경제DB][아시아경제 정종오 기자] 2017년 1월1일 새해 해돋이는 독도에서 가장 먼저 볼 수 있다.2017년 새해 첫 해는 아침 7시26분에 독도에서 가장 먼저 볼 수 있다. 이어 7시31분 울산 간절곶과 방어진을 시작으로 내륙지방에서도 볼 수 있다.한국천문연구원(원장 한인우)은 주요지역의 2016년 12월31일 해넘이 시각과 2017년 1월1일 해돋이 시각을 발표했다.한편 2016년 12월31일 가장 늦게 해가 지는 곳은 신안 가거도이다. 오후 5시40분까지 지는 해를 볼 수 있다. 육지에서는 전남 진도의 세방낙조에서 오후 5시35분까지 볼 수 있다.일출시각은 해발고도 0m를 기준으로 계산된 시각으로 고도가 높을수록 일출 시각이 빨라져 해발고도 100m에서의 실제 일출 시각은 발표시각에 비해 2분가량 빨라진다. 일출이란 해의 윗부분이 지평선(또는 수평선)에 나타나기 시작할 때를 의미한다. 일몰이란 해의 윗부분이 지평선(또는 수평선) 아래로 사라지는 순간을 뜻한다.기타 지역의 일출과 일몰 시각은 한국천문연구원 천문우주지식정보 홈페이지(astro.kasi.re.kr)의 생활천문관에서 확인할 수 있다.정종오 기자 ikokid@asiae.co.kr▶ 최강의 재미 [아시아경제 카드뉴스]▶ 맛있는 레시피▶ 양낙규의 [군사이야기]<ⓒ세계를 보는 창 경제를 보는 눈, 아시아경제 무단전재 배포금지>"
23,2016-12-23,촛불 시민 vs 박사모…성탄 전야 '세대결',https://news.naver.com/main/read.nhn?mode=LSD&mid=shm&sid1=100&oid=016&aid=0001173638,헤럴드경제,"- 퇴진행동, 성탄 축제 분위기 집회로 시민들 참여 유도- 탄기국, 전세버스 동원ㆍ야광 태극기로 세불리기- 경찰, 차벽 설치로 양측 충돌 방지[헤럴드경제=원호연 기자]성탄 전야인 24일에는 직무 정지 중인 박근혜 대통령의 빠른 탄핵 인용을 촉구하는 촛불 시민과 탄핵기각을 요구하는 박사모 등 친박단체가 서울 도심에서 세대결을 펼친다. 서로 정치적 견해를 달리하는 양측의 집회가 같은 공간에서 이뤄지게 되자 경찰은 양측의 충돌을 막기 위해 고심을 거듭하고 있다.‘박근혜정권퇴진비상국민행동’(퇴진행동)은 지난 22일 서울 중구 민주노총 대회의실에서 기자간담회를 열고 “24일 서울 광화문 광장에서 ‘축성탄ㆍ축탄핵ㆍ축퇴진’을 기념 및 기원하는 9차 촛불집회를 진행하겠다”고 밝혔다.24일 크리스마스 이브에는 촛불시민과 박사모가 서울 도심에서 동시에 집회를 진행하면서 세대결이 펼쳐질 것으로 보인다. 지난 17일 진행된 8차 촛불집회.집회는 토크콘서트, 공연, 거리행진 등 마치 대학 축제마당처럼 다채로운 즐길거리로 채워졌다. 집회는 오후 1시30분 방송인 김제동씨가 진행하는 토크 콘서트 ‘만민 공동회’로 시작해 오후 3시 사전 집회로 이어진다. 오후 4시엔 가수 마야, 이한철, 에브리싱글데이 등이 출연하는 퇴진콘서트 ‘물러나쇼’가 뒤를 잇는다.집회의 하이라이트인 본집회와 시가행진은 5시 30분에 시작된다. 행진은 청와대ㆍ총리공관ㆍ헌법재판소 세 방면으로 진행된다. 경찰은 법원이 이달 말까지 낮 시간대 청와대 100ｍ 앞 행진을 허용한 만큼 이를 적극 보장하되 총리공관 방면 행진은 율곡로까지, 헌재 방면 행진은 헌재 반경 100ｍ인 안국역 1번 출구와 기존에 신고된 박사모 집회와 중접되는 낙원떡집~안국역 4번 출구 구간에 대해서는 제한통고했다.이후 오후 7시30분부터 가수 연영석, 성악가 루이스 초이, 서울재즈빅밴드 등이 참여하는 ‘하야 크리스마스 콘서트’가 열린다. 크리스마스 이브인 만큼 산타도 등장한다. ‘박근혜정권퇴진 청년행동’(청년행동)은 오후 4시부터 서울광장 트리 앞에서 ‘청년산타 대작전’ 이벤트를 벌인다.24일 크리스마스 이브에는 촛불시민과 박사모가 서울 도심에서 동시에 집회를 진행하면서 세대결이 펼쳐질 것으로 보인다. 지난 17일 진행된 안국역 박사모 집회.퇴진행동이 이처럼 집회를 축제 형식으로 구성한 것은 이날이 크리스마스 이브인 만큼 시민들의 외출이 많을 것으로 예상되기 때문이다. 커플이나 가족, 친구 단위 나들이가 많은 만큼 기존의 진지하고 엄숙한 분위기의 집회로는 참여를 이끌어내가 어렵다는 판단이 깔렸다.박사모 등 50여개 친박단체로 구성된 ‘대통령탄핵기각을위한국민총궐기운동본부’(탄기국) 역시 같은 날 서울 중구 대한문 앞에서 ‘누가 누가 잘하나’ 집회를 열 예정이다. 오후 4시 국민의례로 시작되는 집회는 서울시청 포위함성, 행진, 성탄이브예배 등으로 이어진다. 이날 집회에는 새누리당 대표 친박의원인 김진태 의원과 변희재 미디어워치 대표, 정미홍 전 KBS 아나운서 등이 출연해 지난 17일 안국역 집회에 이어 박 대통령의 탄핵을 반대하는 발언을 이어간다.탄기국 측은 “야광 및 LED 태극기를 현장에서 무료 판매해 최대한 많은 인원이 태극기를 들고 모이도록 하겠다”고 밝히고 있다. “손전등 등 발광체를 모두 들고 나와 일반 태극기를 비춰 최대한 많은 태극기로 촛불 시민과 세대결을 벌이자”고 정광용 박사모 중앙회장이 알리기도 했다. 박사모는 부산 경남을 비롯한 각 지역에서 출발하는 전세버스를 동원해 이날 집회에 최대한 많은 인원이 참여할 수 있도록 활용하기로 했다.경찰은 양측의 집회에서 물리적 충돌이 발생하지 않도록 중간에 차벽을 설치하고 경력을 배치해 안전에 만전을 기한다는 방침이다. 경찰 관계자는 “아직 차벽을 어느 선에서 칠지는 확정되지 않았다”면서도 “양측의 행진 시간이 서로 달라 이동 중에 만날 가능성은 적은 만큼 그외 본집회 간 물리적 충돌을 막는데 집중할 것”이라고 설명했다. 서울경찰청은 “퇴진행동과 탄기국 집회가 동시에 개최되는 만큼 질서있고 성숙한 시민의식을 보여줄 것을 다시 한번 당부한다“고 밝혔다.why37@heraldcorp.com▶초등영어 대세, 헤럴드 큐빅(Qbig)▶오늘의 띠별 운세▶나만의 변호사 찾기- Copyrights ⓒ 헤럴드경제 & heraldbiz.com, 무단 전재 및 재배포 금지 -"
24,2016-12-23,"뚱뚱한 산타 할아버지, 32시간 안에 지구 한바퀴 문제없나",https://news.naver.com/main/read.nhn?mode=LSD&mid=shm&sid1=105&oid=020&aid=0003029414,동아일보,"[동아일보]크리스마스에 드는 의문, 과학적 대답하룻밤 사이에 세계 어린이들에게 선물을 전해 주는 산타클로스, 하늘을 나는 순록, 선물을 주고받는 따뜻한 눈빛….크리스마스는 1년 중 그 어느 때보다 꿈과 환상의 분위기에 젖어드는 시기다. 아이들의 순수한 기대와 가족들의 다정한 마음이 세상을 적신다. 하지만 우리는 이제 ‘과도하게’ 과학적이 된 것일까? 크리스마스의 환상 속에서도 슬금슬금 궁금증이 고개를 든다. 순수의 시기를 지난 당신의 ‘잉여로운’ 의문에 과학이 답한다.○ 심야 근무 루돌프, 동물 학대?빨간코 전조등을 갖춘 루돌프는 밤에 진가를 발휘한다. 그런데, 순록인 루돌프의 ‘밤샘 근무’는 문제가 없을까? 순록은 주로 낮에 자고 밤에 활동한다. 충분히 쉬었다면 밤 근무는 큰 문제가 아니다. 순록의 눈은 자외선을 감지해 어둠 속에서도 달릴 수 있고, 코는 사람보다 25배나 혈관이 많아 빨리 달려도 머리에 과도한 열이 가지 않는다. 크리스마스 선물 배달은 순록의 천직인 셈이다.문제는 순록의 전반적인 생활환경이다. 지구 온난화로 먹이가 귀해졌다. 순록은 발굽으로 얼음을 깨고 이끼나 풀을 뜯어 먹는다. 지구가 따뜻해져 북극 얼음이 녹아내리고 눈 대신 비가 많이 내리면서 문제가 생겼다. 녹았던 물과 내린 비가 그대로 얼어 순록이 깰 수 없을 만큼 두꺼운 얼음이 되었다. 최근 20∼30년 사이 순록 개체 수는 40% 줄어 올해 멸종위기종으로 분류됐다. 평균 몸무게는 5, 6년 사이 6kg 줄어 49kg에 불과하다. 순록이 마음 편히 선물을 배달할 수 있도록 순록의 환경을 챙겨줘야 할 시점이다.○ 백발성성한 ‘산타’, 건강은 하신지?지구 표면적은 5억1000만 km², 세계 어린이 수는 20억 명에 이른다. 시차를 고려하더라도 대략 32시간 안에 지구를 돌며 선물을 나눠줘야 한다. 백발이 성성한 노인 산타클로스가 이런 격무를 감당할 수 있을까?실제로 산타클로스의 건강을 걱정하는 과학자들이 많다. 프랑코 카푸초 영국 워릭대 의대 교수는 “산타클로스가 밤새 일하다 판단력이 흐려져 썰매 사고를 일으키거나 엉뚱한 선물을 배달할 수 있다”고 우려했다. 스웨덴 예테보리대 연구진은 산타 할아버지에게 당뇨병과 고혈압 치료를 권했다. 반면 지붕을 오르내리는 유산소 운동은 적잖은 도움이 된다. 길고 긴 선물 목록을 확인하느라 치매가 찾아올 틈도 없을 듯하다.○ “산타 정말 있어?”… 뭐라고 답하지?작년까지 산타 할아버지를 철석같이 믿던 우리 아이. 올해는 “산타 할아버지는 진짜 계시냐?”며 의심하기 시작한다. 아이의 믿음은 언제까지 지켜줘야 할까.크리스토퍼 보일 영국 엑서터대 심리학과 교수는 정신의학 학술지 ‘랜싯 사이카이어트리’에 실린 글에서 “산타클로스와 같은 선의의 거짓말도 부모에 대한 자녀의 신뢰에 영향을 미칠 수 있다”고 주장했다. 부모가 줄곧 자신에게 거짓말을 해 왔음을 알게 된 아이는 부모가 다른 거짓말도 하지 않았을까 의심하게 된다. 이는 심리적 안정감이 약한 아이들에게 부정적 영향을 미칠 수 있다.그렇다고 너무 걱정할 필요는 없다. 대부분의 아이는 생각보다 빨리 충격에서 회복하기 때문이다. 자녀가 진실을 받아들일 준비가 됐다고 판단될 때 사실을 말해주면 된다. 자녀의 상태를 파악하는 것이 부모의 일이다. 보일 교수는 아직 자녀에게 산타의 진실을 말해주지 않았다고 한다.○ X마스 선물 주고 욕먹으면 어쩌지?크리스마스의 하이라이트는 선물이다. 하지만 선물을 주고받을 때 은근 신경 쓰이는 것도 사실이다. 주는 사람은 ‘깜짝 선물을 할까?’ ‘이 선물을 좋아할까?’를 걱정한다. 받는 사람은 ‘별론데, 좋은 척해야 하나?’ ‘나는 뭘 해 줘야 하나?’라며 혼란스러워한다.최근 학술지 ‘심리과학의 현대동향’에는 ‘선물을 잘하는 기술’에 대한 연구 논문이 실렸다. 이에 따르면 △상대의 취향을 정확히 알 수 없다면 누가 보아도 좋을 선물이 낫고 △깜짝 선물은 상대를 부담스럽게 한다.결론은 받는 사람의 입장을 먼저 생각하라는 것. 주는 사람은 상대방이 선물을 풀어본 후 기쁨에 겨워 펄쩍 뛰며 자신을 끌어안는 장면을 상상하지만, 받는 사람은 냉정히 선물의 사용 가치를 계산한다. 정확한 취향 저격을 할 수 없다면 상대방이 필요로 하는 무난한 선물을 무난한 방법으로 주는 것이 낫다.한세희 동아사이언스 기자 hahn@donga.com 염지현 동아사이언스 기자▶ 동아일보 단독/동아일보 공식 페이스북▶ 어제 못본 TV 명장면이 궁금하다면 'VODA'ⓒ 동아일보 & donga.com, 무단 전재 및 재배포 금지"
25,2016-12-23,"""정유라, 독일 프랑크푸르트 시내 활보""",https://news.naver.com/main/read.nhn?mode=LSD&mid=shm&sid1=100&oid=032&aid=0002752395,경향신문,"ㆍ지난 15일 최순실 모녀 ‘집사’ 역할 한 데이비드 윤 차량 동승 포착ㆍ교민이 뒷좌석 앉은 정씨 일행 촬영…차량 등록지는 비덱 주소지최순실씨(60·구속)의 딸 정유라씨(20·사진)를 일주일 전 독일 프랑크푸르트 시내 중심가에서 봤다는 목격담이 나왔다. 정씨는 세계 경제·금융 중심지인 프랑크푸르트 내에서도 유명 패션브랜드 상점과 주요 은행이 밀집한 곳에서 최씨 모녀를 돕고 있는 윤영식씨(데이비드 윤·48) 형제와 함께 있었다고 목격자가 전했다.그동안 정씨가 최씨 구속 이후에도 윤영식씨 도움을 받아 독일에 머물고 있다는 의혹이 제기된 바 있지만 구체적인 목격 일시와 장소, 윤씨 소유로 추정되는 차량까지 확인된 것은 처음이다. 윤영식씨 동생 영철씨(46)도 정씨를 돕고 있다는 정황이 새로 확인됐다.22일 경향신문 취재 결과 독일 현지 교민 ㄱ씨는 지난 15일 오후 7시쯤(현지시간) 프랑크푸르트 시내에서 정씨와 윤씨 형제, 신원을 알 수 없는 남성 2명 등 총 5명이 BMW 5시리즈 차량을 타고 가는 것을 목격했다. 이날 국회에서는 ‘최순실 국정농단 사건’ 국정조사특위 4차 청문회가 열렸다.ㄱ씨는 “이전부터 (프랑크푸르트 지역에 사는) 윤씨 형제를 잘 알고 있었고 정씨는 언론 보도를 통해 얼굴을 알고 있었다”면서 “우연히 이들이 차량에 탑승해 (우리 차량) 바로 앞과 주변에서 운전했다”고 말했다. 그는 이어 “앞자리에 영식씨(조수석)와 영철씨(운전석)가, 뒷자리에 정씨(가운데)와 남성 2명이 앉았다”고 말했다.정유라의 뒷모습 지난 15일(현지시간) 독일 프랑크푸르트 도심에서 최순실씨 딸 정유라씨로 보이는 여성(원 안)이 탑승한 차량이 현지 교민에 의해 촬영됐다. 독일 교민 제공ㄱ씨가 촬영한 사진을 보면 당시 정씨 등이 탄 차량은 괴테광장 주차장을 나와 ‘그로세 갈루스슈트라세(Grosse Gallusstrasse)’를 통과하고 있었다. 그로세 갈루스슈트라세에는 독일 최대 은행 ‘도이체방크’, 투자은행 ‘JP모건’ 등이 있다. 인근 ‘괴테슈트라세(Goethestrasse)’에는 루이비통, 에르메스, 샤넬, 구찌 등 명품숍이 빼곡히 들어서 있다.해당 차량번호는 ‘HGY 2**’였다. 앞 두 자리는 차량 등록지를 의미한다. ‘HG’는 오버우어젤, 슈미텐 등 프랑크푸르트 북쪽 ‘호흐타우누스크라이스’ 지역 차량을 뜻한다. 오버우어젤에는 최씨 모녀가 자주 가던 한식당이 있다. 슈미텐은 최씨 모녀가 지분 100%를 갖고 있고 삼성으로부터 220억원을 지원받으려 했던 스포츠마케팅회사 ‘비덱(WIDEC)’이 있는 곳이다. 독일에서는 차주가 원할 경우 차량번호 3~4번째 자리에 자신이 원하는 알파벳을 쓸 수 있고 통상적으로 성(姓) 첫 글자를 사용한다고 한다. 해당 차량의 ‘Y’는 영식·영철씨 형제의 성인 ‘윤(YOON)’의 첫 글자일 가능성이 높다.프랑크푸르트(독일) | 유희곤 기자·▶ 경향신문 SNS[트위터][페이스북]▶[인기 무료만화 보기]©경향신문(www.khan.co.kr), 무단전재 및 재배포 금지"
26,2016-12-23,"학생들, SNS·광장서 자기 목소리 낸다",https://news.naver.com/main/read.nhn?mode=LSD&mid=shm&sid1=102&oid=005&aid=0000960865,국민일보,"서울 은평구 A고등학교 학생들의 익명 페이스북 페이지 ‘A고등학교 대나무 숲’에는 학교를 비판하는 글이 꾸준히 올라온다. 한 학생은 지난 8월 “몇몇 선생님이 우리학교 축제를 학술활동처럼 만들고 있다”며 “이럴 거면 축제를 왜 하느냐”는 글을 올렸다. 다른 학생들은 댓글을 달거나 ‘좋아요’를 눌러 공감을 표시했다.대구의 ‘B고등학교 대나무 숲’도 비슷하다. 한 학생은 “교사는 정치적 중립을 지켜야 한다”며 촛불을 종북 세력으로 보는 시선을 거두라”고 교사들을 익명으로 비판했다. 서울 은평구의 한 고등학교 2학년 구모(18)군은 “직접 나서긴 조심스러운 고등학생들이 대학생처럼 익명 SNS를 소통 창구로 쓰고 있다”고 설명했다.국가인권위원회가 지난 8일 발표한 ‘학교생활에서의 학생권리 보장 및 학생인권 침해 실태조사’에 따르면 중·고교생 10명 가운데 3명은 교사의 체벌과 언어폭력을 겪었다. 교사에게 직접 체벌을 받거나 본 적이 있느냐는 질문에 중학생 29.5%, 고등학생은 27.1%가 그렇다고 대답했다. 교사의 언어폭력을 들은 경험이 있는 중·고교생은 각각 30.2%, 37.8%에 달했다.성적이 낮다는 이유로 학급·학생회 임원 출마나 활동에 제한을 받거나 이를 목격한 중·고교생은 각각 19.5%, 26.8%였다. 중학생 6.2%, 고등학생 9.5%는 교사에게 성희롱을 당하거나 목격했다고 털어놨다.체벌이나 성적 차별은 영화나 드라마에도 흔히 등장할 정도로 학교 현장에 만연해 있지만 21세기의 청소년들은 더 이상 묵묵히 견디기만 하지 않는다. SNS와 광장이 청소년들에게 목소리를 내도록 했다.지난 6일 익명으로 개설된 S여중고 관련 트위터 계정에는 교사들의 언행에 성적 수치심을 느낀 재학생 및 졸업생의 폭로 글이 이어졌다. 논란이 커지자 서울시교육청이 나서서 조사했고, 지난 13일 성추행에 연루된 교사 8명을 수사 의뢰했다. 교육청은 21일엔 다른 학교의 피해 사례는 없는지 긴급 실태조사를 한다고 발표했다. 공개적으로 거론하기 힘든 성추행 문제였지만 익명의 SNS 계정이었기에 폭로가 가능했다. 경기도의 한 고등학교 1학년 윤모(17)양은 “아직도 일부 교사는 ‘학생은 공부만 해야 한다’고 강요한다”며 “SNS에선 자유롭게 소통할 수 있어 훨씬 마음이 놓인다”고 말했다.청소년들은 광장으로 나와 촛불을 들기도 한다. 지난 8차례 촛불집회에 청소년이 대규모로 참여했다. 교복을 입은 학생들은 LED 촛불과 깃발을 들고 박근혜 대통령 퇴진과 민주주의를 외쳤다. 학교와 이름을 밝히고 발언대에 나서는 청소년도 쉽게 볼 수 있다.전문가들은 ‘할 말 다 하는 세대’인 중·고교생들이 학교에서 느낀 답답함을 SNS와 광장에서 해소하고 있다고 진단했다. 곽금주 서울대 심리학과 교수는 “쉽게 순응하던 예전과 달리 현재 중·고교생들은 부당하다고 생각하는 일에 목소리를 낸다”며 “잘못된 건 바꿔야 한다고 생각하는 것”이라고 분석했다.SNS 세대의 새로운 문화로 진단하기도 한다. 전명수 고려대 사회학과 교수는 “다양한 문화와 가치가 섞인 SNS에서 중·고교생들이 소통하는 모습”이라고 말했다. 곽 교수도 “언제 어디서나 내 생각을 표현할 수 있는 SNS가 소통 창구 역할을 해 학생들을 광장으로까지 끌어냈다”고 해석했다.오주환 기자 johnny@kmib.co.kr, 삽화=전진이 기자[국민일보 홈페이지][페이스북][트위터][국민일보 꿀잼영상 바로가기]GoodNews paper ⓒ국민일보(www.kmib.co.kr), 무단전재 및 재배포금지[뉴스 미란다 원칙] 취재원과 독자에게는 국민일보에 자유로이 접근할 권리와 반론·정정·추후 보도를 청구할 권리가 있습니다. 고충처리인(gochung@kmib.co.kr)/전화:02-781-9711"
27,2016-12-23,보이스피싱은 헬조선의 '도가니',https://news.naver.com/main/read.nhn?mode=LSD&mid=shm&sid1=102&oid=028&aid=0002347025,한겨레,"[한겨레]가난한 이들이 가난한 이들을 등치는 비극의 현장왜 사기 치냐구요?취직 안되고 비정규직 전전 빚 눈덩이생계 절반 한계에 내몰리자실적수당 눈멀어 전화 돌리고 돌리고…1천개 대포통장·58만건 거래내역 조사검찰, 피해자 3천여명·53억 피해 밝혀왜 사기 당하냐구요?당장 급전 필요한데 은행대출 안되고“대부업체 대출 가능케 해준다”에 솔깃뒤늦게 ‘사기당했다’ 알고서는 후회피해액 입증 쉽지않아 서민들 두번 울어검찰, 보이스피싱 ‘범죄단체 조직죄’ 적용법원, 보이스피싱 조직원 78명 모두 210년 선고지난 16일 수원지법 안산지원 401호 법정은 사람들이 몰리면서 복도까지 채웠다. 이날은 인천에 사무실을 두고 보이스피싱(전화대출사기)을 하다 기소된 조직원 79명의 선고날이었다. 이날 하루에만 조직 총책에서부터 전화상담을 맡은 말단 직원에 이르기까지 모두 78명에게 유죄 선고가 내려졌다. 조직 총책 박아무개(44)씨가 징역 20년형으로 보이스피싱 범죄 사상 국내 최고의 징역형을 선고받는 등 78명에게 모두 합해 210년의 징역형이 선고됐다. 근무 기간이 15일인 상담원 1명만 무죄 판결을 받았다.유죄선고된 다수가 팀장급 등 수뇌부를 빼고는 초범이었다. 볼펜 하나 훔쳐 본 적 없는 이들이었다. 상당수는 20∼30대로 젊었다. 재판 중 아내가 출산한 남성 피의자도 3∼4명이었고 상당수 여성 피고인들에겐 어린 자녀들이 딸려 있었다. 재판장의 서릿발 같은 징역형이 선고될 때마다 법정은 눈물 속에 실신자가 속출했다. 이날 선고에만 2시간이 걸렸다.주부 김아무개(31)씨도 이날 3년형을 선고받았다. 희귀병을 앓는 어린 자녀를 치료하느라 수년간 빚만 쌓였다. 그러던 지난 2014년 보이스피싱 조직에 있는 지인으로부터 “돈을 벌 수 있다”는 말에 혹해 조직에 발을 디뎠다.“고객님 00저축은행입니다 대출 필요하시면 저금리로 나가니 상담 신청 가능합니다.”전국을 무대로 활동하는 보이스피싱 조직에서는 30∼40대 여성들로 이뤄진 1차 콜센터 상담원들이 발신만 가능한 오토콜로 전화를 해 무작위로 대출을 권유한다. 대출 의사가 확인되면 “잠시 기다려 주십시오”라는 말과 함께 이름과 나이, 연락처, 대출 희망 금액이 파악돼 2차 콜센터로 넘어간다. 주부 김씨가 일한 곳은 ‘2차 콜센터’였다. 6개팀 45명의 상담원은 대포폰으로 전화를 해 저리 대출로 수천만원까지 대출이 가능하다며 본격 범죄에 나선다.“신용 조회를 해보니 신용등급이 낮아 대출을 받으려면 연체전산기록 등을 삭제해 신용등급을 올려야 합니다. 임시로 신용등급을 1∼2등급 올려 소액 대출을 받을 수 있게 해줄 테니 우리가 알려주는 대부업체에서 300만∼500만원 정도를 대출받아 43%를 신용관리비로 송금하시면 한 달 내로 신용등급을 3∼4등급 올려드리겠습니다.”자영업자인 40대 최아무개씨가 1차 콜센터의 전화를 받은 당시 그는 한계 상황이었다. 집안 식구들의 병치레로 이미 2억원의 빚을 진 터라, 금융기관에서 대출 승인을 거절당하는 상태였다. 6%의 저금리로 수천만원까지 대출받을 수 있다는 말에 귀가 번쩍한 최씨는 곧 “신용등급이 낮다”는 상담원의 말에 절망했다. 하지만 “임시로 등급을 조정해 대부업체에서 대출을 받을 수 있게 해주겠다”는 보이스피싱 조직의 말대로 실제 300만원을 대출받은 최씨는 ‘추가 대출도 가능하겠다’는 희망 속에 요구대로 신용관리비로 120만원을 송금했다.보이스피싱 조직의 수법인 이른바 ‘희망과 절망의 교체 원리’다. 절박함에 내몰린 피해자들에게 대출 희망을 주었다가 신용등급이 낮다며 좌절시키고 다시 소액 대출로 희망을 준 뒤 돈을 빼았는다. 피해자들로서는 절망과 희망의 롤러코스터에서 순간 판단력을 잃기 십상이다.보이스피싱 조직은 이후로도 한달간 신용등급을 조정하는 중이라는 말로 최씨를 안심시켜 신고를 지연시킨 뒤 대포폰과 사무실을 유유히 바꾸었다.보이스피싱 조직은 주변에서 조직원을 찾는다. 취직이 안되거나 비정규직으로 전전하다 빚이 쌓이거나 집안에 환자가 있어 어려움에 부닥친 사람들이 대상이다. 하지만 곧 사기라는 것을 알고도 이들은 왜 빠져나오지 못할까?1차 콜센터 상담원들은 매월 130만원의 기본급에 피해자 인적 사항 확인 시 1건당 1000원의 실적수당을, 본격적인 거짓말을 하는 2차 콜센터 상담원은 피해자에게서 뜯어낸 금액에 비례해 월 2000만원까지는 25%, 2000만원 이상은 30%를 월급으로 받는다. 매달 500만원에서 많으면 1500만원 정도의 수입이다. 상담원들이 동요라도 하면 팀장급 등 조직 수뇌부가 “너 그거 아니면 빛 어떻게 갚아? 애는 어떻게 키워?”라며 어른다.검찰 관계자는 “카드빚이 쌓이고 신용불량자이고 어린 애가 있고 어머니가 아프고 일을 그만두면 그것을 해결할 수 있는 방법이 없다. 그런데 자기 통장에 또박또박 돈이 입금되는데 중단할 수 있겠냐”고 말했다. 하지만 이 길에 들어서면 생계의 절박함에 내몰린 이들도 서서히 오염된다.피해자들 사정도 마찬가지다. 최씨처럼 절박함에 내몰려 대출을 바랐던 피해자들은 보이스피싱 조직이 요구하는 신용관리비 100만∼300만원도 당장 수중에 없는 경우가 허다하다. 뒤늦게 사기당한 것을 안 최씨는 충격 속에 개인회생을 신청했다.보이스피싱은 한마디로 대한민국의 ‘범죄의 연쇄 도가니’다. 보이스피싱 조직이 교묘하게 생계의 절박함에 내몰린 이들을 자신들 조직원으로 끌어오고, 절박함이 무엇인지 누구보다 잘 아는 조직의 상담원들이 자신과 같은 수많은 사람의 절박함을 악용해 범죄를 저지르는 것이다.절박함에 내몰린 이들끼리 물고 뜯기는 사이 총책 등 수뇌부들은 배를 불렸다. 조직 총책의 한 측근은 검찰 조사에서 “총책 박씨가 현금 30억원을 모으는 것을 목표로 했는데 실제로 모았다”고 진술했다. 그는 “총책의 집에 가면 큰 대형금고가 있는데 몇억원씩 현금 뭉치가 있는 것을 보았다”고도 했다.국내에서 활동 중인 보이스피싱 조직은 대략 4∼10개로, 인천 부천 일대에 집중된 것으로 검경은 추정한다. 2013년 대부업법 시행으로 대부업체가 받을 수 있는 최고금리를 지속적으로 낮아지자 매출과 영업이익률이 급감한 이 지역 대부중개업체들이 보이스피싱으로 업종을 전환했다는 설명이다. 이후 보이스피싱 피해가 급증했으나 신고해도 못 잡는 경우가 허다하다.검찰은 이 사건 수사 과정에서 대포통장과 판매업자를 찾고 1천개의 대포통장에서 58만건의 은행거래 내역을 조사해 피해자 3천여명과 54억원의 피해 규모를 밝혀냈다. 통상 대출사기 1건 성사에는 100통의 전화를 건다고 했을 때 30만명 이상에게 전화를 돌렸다는 것을 의미한다.보이스피싱 범죄는 그동안 들켜도 사기죄로 5년 이하의 형을 받았다. 누범인 경우에도 최고 형량이 12∼13년인 데다 5억원 이상의 피해액 입증이 쉽지 않다. 결국 피해를 본 서민들만 두 번 울게 한다.검찰은 이번엔 피해액 53억원을 특정해 특정경제범죄 가중처벌 등에 관한 법률(특경법)을 적용했다. 또 형법상 범죄단체의 조직죄도 적용됐다. 범죄단체 가입과 활동죄가 적용된 적은 있으나 조직죄가 적용된 것은 이번이 처음이다. 법원 역시 “대부분 처벌 전력이 없거나 경미한 사람들을 중범죄자로 몰아간 것”을 총책 등의 중형 이유로 내세웠다.이 사건을 수사해 기소한 수원지검 안산지청 박경세 검사는 “법원의 이번 판결로 보이스피싱 사범에 대해 최대 무기징역의 중형이 가능해졌고 범죄수익도 예외없이 국가가 추징가능하다는 사실이 확인돼 보이스피싱 폐해를 줄이는 계기가 마련됐다”고 말했다.홍용덕 기자 ydhong@hani.co.kr▶ 한겨레 절친이 되어 주세요![신문구독][주주신청]▶[페이스북][카카오톡][트위터]▶ 지금 여기[사설·칼럼][만평][정치BAR][ⓒ한겨레신문 : 무단전재 및 재배포 금지]"
28,2016-12-23,"나홀로족, 1코노미를 일으키다",https://news.naver.com/main/read.nhn?mode=LSD&mid=shm&sid1=101&oid=005&aid=0000960867,국민일보,"이미지를 크게 보려면 국민일보 홈페이지에서 여기를 클릭하세요1인 가구가 전체 인구의 4분의 1을 차지하고 있다. 2017년은 ‘일(1)코노미’의 원년이 될 것이라는 전망이 높다. ‘1인’과 ‘이코노미’를 합친 이 신조어는 ‘혼밥(혼자 식사)’ ‘혼행(혼자 여행)’ ‘혼영(혼자 영화보기)’ 등 혼자서 취미와 여가를 즐기는 트렌드를 고스란히 보여준다. 혼자 소비를 즐기는 이들이 늘면서 새로운 산업들도 생겨났다. 또 기업들은 1인 가구를 겨냥하기 위한 마케팅에 적극 나서고 있다.1인 가구, 소비시장 ‘큰손’ 부상전통적으로 우리나가 가구 구조는 대가족 형태였다. 2000년 전후만 해도 부부와 자녀로 이뤄진 4인 가구가 일반적이었다. 불과 20년도 안돼 가구 형태는 완전히 바뀌어 이제는 1, 2인 가구가 대세다. 이는 수치로도 확인된다. 통계청의 ‘2015년 인구주택 총조사’에 따르면 1인 가구는 1990년 102만1000명에서 지난해 520만5000명까지 증가했다. 지난해 1인 가구는 전체 가구(1911만1000가구)의 27.2%로 2인 가구(26.1%), 3인 가구(21.5%), 4인 가구(18.4%)를 제치고 1위를 차지했다. 평균 가구 구성원 수도 1990년 3.77명에서 2015년 2.53명으로 1.24명 감소했다. 반면 4인 가구는 1995년 31.7%에서 지난해 18.8%까지 급감했다. 저출산, 고령화 등의 영향으로 최근에는 1인 가구 비중이 급속히 높아졌다.1인 가구 등장은 단순히 가구 구성원 수 변화만을 의미하지 않는다. 자연스럽게 소비 형태가 달라지면서 기업들의 마케팅 방식 등도 변했다.1인 가구의 취약점으로 꼽히는 ‘외롭다’는 성향은 오히려 마케팅 접점으로 부상했다. 산업 트렌드에 가장 민감한 광고에서부터 변화가 나타난다. 롯데리아가 최근 제작한 클래식 버거 광고에서는 ‘혼자서도 잘 먹지’라는 문구가 나온다. 삼성카드 광고에서는 개그맨 양세형이 혼자 노는 모습을 보여주며 1인 가구를 노린 장면들을 부각시킨다. 광고업계 관계자는 “과거에는 1인 가구가 그저 외롭고 처량한 존재였지만 최근에는 하나의 트렌드로 부각되기 시작하고 있다”고 말했다.산업 전반에서는 1인 가구를 겨냥한 상품과 서비스들이 잇따라 출시되고 있다. 1인 가구 시대에 가장 떠오르는 업계는 편의점이다. 대형마트가 대용량 상품과 보너스 상품 등을 앞세워 유통업계 대세로 자리 잡았지만 최근에는 1인 가구를 겨냥한 소포장·간편식 등을 내세운 편의점이 그 자리를 대체하고 있다. 22일 한국편의점협회에 따르면 전국 편의점의 올 상반기 매출은 지난해 같은 기간보다 21.8% 증가한 9조1328억원을 기록했다. 올해 연매출은 20조원을 넘길 것이라는 전망도 나온다.대충 끼니를 때우는 대신 건강식으로 요리를 해 먹으며 1인 생활을 즐기는 가구도 늘고 있다. 이 때문에 식품업계에서는 이들을 겨냥한 간편식 출시에 집중하고 있다. 이마트는 피코크를 통해 가정간편식 시장을 겨냥하고 있다. CJ제일제당은 비비고 브랜드를 통해 혼자서도 쉽게 조리할 수 있는 사골곰탕, 두부김치찌개 등을 내놨다. 롯데백화점은 아예 유명 셰프의 요리를 손쉽게 따라할 수 있는 고가 프리미엄 간편식을 선보이기도 했다.건설업계도 소·중형 오피스텔 분양에 열을 올리는 모양새다. 지난달 국세청에 따르면 1인 가구의 주요 거주 유형인 오피스텔은 101만5589호를 기록해 100만호를 돌파했다. 일부 건설사는 오피스텔에 호텔식 서비스를 접목하기에 이르렀다. 최근 서울 청담동에서 분양한 한 오피스텔은 전 세대 발레파킹 서비스와 호텔식 식사를 제공해 인기를 끌기도 했다.기업들이 1인 가구에 주목하는 이유는 가구 수도 무시할 수 없지만 이들의 소비액이 더 크기 때문이다. 통계청의 2014년 ‘가구별 소비성향’을 살펴보면 1인 가구 소비성향은 80.5%로 전체 평균(73.6%)보다 높았다.1인당 소비 규모 역시 1인 가구가 92만원으로 가장 높았다. 산업연구원에 따르면 2006년 16조원에 불과했던 1인 가구 소비액은 지난해 86조원 규모로 6배 이상 급증했다. 2030년에는 194조원에 달할 것이라는 전망도 나온다. 이는 전체 민간 소비의 20%에 육박하는 수준이다. ‘트렌드코리아 2017’ 저서에서 내년 트렌드로 ‘일코노미’ 개념을 소개한 서울대 김난도 교수는 “이들은 취미나 여가생활 등 자신이 원하는 가치에 과감하게 지갑을 여는 성향이 있다”고 설명했다.‘혼자 하기’ 열풍… 새 트렌드로잡코리아가 지난 21일 성인 남녀 1884명을 대상으로 ‘나홀로족 트렌드’를 조사한 결과 응답자 96.4%가 ‘혼자 무언가를 해본 적 있다’고 답했다. 이 중 94%는 ‘혼자 밥 먹어봤다’고 답했으며, 혼자 영화보기를 해본 이들도 각각 73.4%에 달했다.이들은 왜 혼자하기에 열중할까. 전체의 40.6%는 ‘다른 사람을 배려하지 않고 오롯이 자신의 선택을 할 수 있기 때문’이라고 답했다. 이어 음식·공연·여행 등에 더 집중할 수 있어 좋다(19.7%), 혼자 무엇을 할 때 진정한 힐링이 된다(19.5%) 등의 답변이 뒤를 이었다.인터넷에서 유행하는 ‘혼자 놀기의 단계’를 살펴보면 혼자 밥을 먹는 ‘혼밥’을 넘어 ‘혼영’ ‘혼행’이 상위 단계에 들어 있다. 하지만 최근에는 혼자서도 다른 사람의 눈치를 보지 않고 식사나 영화를 볼 수 있는 배려들도 눈에 띈다. 메가박스 코엑스점은 혼영족을 위해 6개관의 5열 전체를 싱글석으로 만들었고 CGV는 예매권, 팝콘·콜라 등으로 구성된 크리스마스 싱글 패키지를 내놓기도 했다. CGV 조사 결과에 따르면 2013년 전체 관객 중 7.2%에 불과했던 혼영족 비율은 2014년 8.3%, 2015년 9.8% 2016년 상반기에는 11.7%를 차지할 정도로 성장했다. 이들의 70%는 20, 30대였다.혼행족도 급증하고 있다. 하나투어에 따르면 지난해 항공권이나 여행 상품을 1인용으로 구매한 ‘혼행족’은 20만6000명으로 2011년 4만6000명과 비교하면 5배 가까이 급증했다. 온라인 쇼핑몰 지구(G9) 설문조사에서도 58%가 ‘혼자 해외여행을 가본 적 있다’고 답했다. 한 회사는 1인 사우나와 조식 뷔페을 즐길 수는 패키지를 내놓기도 했다.사람 대신 반려동물을 택하는 이들도 적지 않다. 지난해 기준 우리나라 전체 가구의 5분의 1이 넘는 21.8%(약 1000만 명)가 반려동물을 키우고 있다. 업계에서는 1인 가구 증가로 인해 반려동물 수와 시장이 커질 것으로 보고 있다. 농협경제연구소는 반려동물 시장이 지난해 1조8100억원에서 2020년 6조원대로 성장할 것이라고 전망했다.글=허경구 기자 nine@kmib.co.kr, 그래픽=안지나 기자[국민일보 홈페이지][페이스북][트위터][국민일보 꿀잼영상 바로가기]GoodNews paper ⓒ국민일보(www.kmib.co.kr), 무단전재 및 재배포금지[뉴스 미란다 원칙] 취재원과 독자에게는 국민일보에 자유로이 접근할 권리와 반론·정정·추후 보도를 청구할 권리가 있습니다. 고충처리인(gochung@kmib.co.kr)/전화:02-781-9711"
29,2016-12-23,연말 파티를 위한 '궁극의 스테이크' 10계명,https://news.naver.com/main/read.nhn?mode=LSD&mid=shm&sid1=103&oid=469&aid=0000179678,한국일보,"크리스마스와 연말도 명절로 친다면 명절 음식은 단연 스테이크다. 강태훈 포토그래퍼온 가족, 친구들이 모이는 크리스마스와 연말도 명절로 친다면 단연 스테이크가 그 명절 음식 대표다. 그 중에서도 소고기 스테이크다. 갓 구운 빵처럼 향긋한 스테이크 향이 집 안에 꽉 차면 거기서부터 이미 파티 분위기가 확 산다. 그런데 이게 뭔가 이상하다. 큰 맘 먹고 사온 스테이크가 막상 구워 놓으면 맛이 없다. 핏물이 질질 새고 퍽퍽해 입맛을 버리고야 만다.왜 집에서 구운 스테이크는 레스토랑에서 먹는 것처럼 맛이 나지 않을까. 미안하지만 못 구워서 그렇다. 로스용 얇은 고기를 굽는 익숙한 습관대로 구워서는 안 된다. 두터운 스테이크용 고기는 굽는 법이 따로 있다. 오랫동안 잘못 알려진 속설도 많아 헷갈리기도 십상이다. 이 10계명만 제대로 지키면 스테이크, 레스토랑처럼 부드럽고 촉촉하게 구울 수 있다.1계명: 산지, 부위를 따져 골라라동일한 부위라도 어떻게 키웠는가에 따라 물성이 다르다. 왼쪽은 한우 1++, 오른쪽은 미국산 프라임 채끝 등심. 강태훈 포토그래퍼고기는 근육이다. 모든 살코기는 그 자체가 근육이며 부위별로 운동 빈도와 강도가 달라 물성이 다를 뿐이다. 마블링은 근육 사이에 촘촘히 분포한 지방 켜다. 소고기 기름은 그 자체로 고소하다. 과한 것은 모자란 것만 못하다. 마블링 좋은 고기는 막상 먹자면 한두 입은 좋지만, 끝까지 맛있게 먹기엔 너무 느끼하다. ‘마블링 신화’를 이제 마칠 때가 됐다. 미국과 일본의 영향으로 이제까지 이 땅의 한우는 오로지 마블링만을 위한 삶을 살아왔다. 좁은 축사에 갇혀 곡물 사료를 먹으면 마블링은 잘 형성될지 몰라도 살코기가 지닌 자체의 맛은 가려진다. 소가 원래 하는 대로 어정버정 걸어 다니며 풀을 뜯어 먹고 자란 쪽이 낫다. 끝까지 물리지 않고 얼마든지 먹을 수 있는 고기다. 마블링을 기준으로 하는 현행 소고기 등급제에서 가려지지 않는 맛의 등급이 있다. 한국에도 이런 소를 생산하는 농가가 찾아보면 많다.스테이크 얘기로 돌아가자면, 한우는 그래서 때로 맛있는 고기가 낮은 등급에 묻혀 잊히기도 한다. 호주산은 소들이 알아서 풀을 뜯어 먹으며 자라 마블링이 덜한 대신 고기 자체의 맛이 난다. 미국산은 프라임, 초이스 등 다양한 등급으로 나뉘는데 일본 영향을 더 크게 받은 한국의 소고기보다는 덜 극단적인 기름 맛을 나타낸다. 100g당 1만원을 쉽게 훌쩍 넘기는 한우가 부담스러운 것은 당연하다. 그 몇 분의 일 가격인 수입 소고기가 현실적인 대안일 것이다.스테이크 부위를 고른다면 요즘 가장 인기 있는 것은 채끝 등심이다. 등심 뒤쪽으로 자리 잡은 이 부위는 육질이 연하고 마블링이 보인다. 등심과 안심은 영원한 스테이크의 고전이다. 등심은 풍미가 좋고 마블링도 꾹꾹 잘 들어찬다. 안심도 풍미는 좋고 연하지만 지방은 훨씬 적다. 가장 박력 있는 비주얼로 스테이크를 완성할 수 있는 것은 ‘T본’이라 부르는 부위다. 사실 이 부위는 안심과 등심 사이 T자 모양의 뼈를 함께 자른 것이 정체다. 정확히는 부위명이 아니라 정형 방식에 따른 이름이다.대표적인 스테이크용 소고기 부위. 왼쪽 위부터 시계 방향으로 안심, 알등심, T본, 채끝 등심. 모두 동일한 미국산 프라임 등급이다. 강태훈 포토그래퍼2계명: 숙성할수록 맛이 좋아진다‘갓 잡은 신선한 고기’는 무엇이든 맛이 없다. 과학시간에 배웠듯, 동물이 죽으면 ‘사후경직’이 일어난다. 닭은 몇 시간, 돼지는 반나절 정도 지속되는데 소는 하루 종일 간다. 갓 잡은 고기는 확률상 사후경직이 끝나지 않은 뻣뻣한 것이기 쉽다. 이 시간을 지낸 고기는 산소를 만나 스스로를 소화시킨다. 자가소화의 느린 화학반응들은 우리가 소고기에 기대하는 맛을 생성시킨다. 근육 조직도 약화된다. 흔히 썩기 직전의 고기가 가장 맛있다고 하는데, 이 말은 사실이다. 종이 한 장 차이로 썩기 직전까지는 숙성이요, 썩고 나면 변질이라고 말한다.소고기는 냉장 보관시 최장 한 달까지도 숙성이 가능하며, 가장 맛있는 스테이크는 냉장고 구석에 두고 한참 잊었다 꺼내 굽는 것이다. 냉동육일 경우에도 먹기 며칠 전부터 냉장고에 내려둘 필요가 있다. 의도했거나 말았거나 냉장고 안에서 밀폐 보관, 아니 숙성하는 것은 습식숙성이다. 밀폐하지 않고 서늘한 곳에서 고기를 숙성시키는 건식숙성은 수분이 빠져나가고 고기가 쪼그라들며, 겉이 어쩔 수 없이 변질되지만 속엔 맛이 응축된다. 몇 해전부터 흔해진 ‘드라이 에이징’이 바로 이것인데, 굳이 가정에서 따라해 보는 것은 권하지 않는다.한정된 예산으로 살 수 있는 스테이크용 고기의 등급이 성에 차지 않을 때는 감칠맛을 더해주는 치트키를 사용해보자. 국간장, 액젓, 피시소스, 굴소스 등 단백질을 베이스로 한 장류를 고기 표면에 아주 가볍게 발라 며칠 냉장고에 재워 두면 고기 맛이 향상된 것처럼 느껴진다.3계명: 소금이 중요하다팬, 기름, 고기, 소금. 스테이크를 맛있게 구울 수 있는 최소 단위, 스테이크의 4요소다. 오븐이 없어도, 버터를 사용하지 않고 후추나 소스, 허브를 더하지 않아도 스테이크는 된다. 아직 스테이크를 구우려면 멀었다. 소금을 언제 사용하는가를 두고는 여전히 말이 많다. 고기의 75%를 이루는 수분이 관건이라서다. 굽기 전에 소금간을 할 때는 어느 시점까지는 소금의 삼투압 현상으로 수분이 겉으로 빠져 나온다. 그러나 30~40분이 지나면 그 수분이 다시 고기 안으로 흡수돼 들어간다. 농도를 맞춘 소금물에 담가두거나(Brine, 브린) 허브, 소금, 오일 등 양념을 묻혀 두는(Marinade, 마리네이드) 방법도 있지만 어디까지나 여유 있을 때의 이야기다.시간이 부족하다면 과감히 날고기를 그대로 굽는 게 차라리 낫다. 대개의 식당에서도 사실 소금간을 구우면서, 혹은 굽기 직전에 한다. 소금은 두께가 두꺼운 만큼 과하지 않나 싶을 정도로 충분히 뿌리는 것이 좋다. 일반 소금에 비해 덜 짠 코셔 솔트(Kosher salt)를 쓴다면 눈 덮인 벌판처럼 새하얗게 뿌리는 정도다.4계명: 굽기 전부터 온도가 중요하다스테이크를 굽는다는 것은 1차적으로 고기를 익힌다는 의미다. 얇아도 2㎝, 보통은 3㎝부터 시작하는 스테이크용 고기의 속까지 열이 잘 도달해야 한다. 열이 고르게 잘 도달하려면 우선 두께가 일정해야 한다. 균질하게 익히기 위해서다. 고기를 실로 묶어 굽는 것은 일정한 모양을 내기 위해서이기도 하지만 고른 조리를 위해서라는 의미가 더 크다.열이 속까지 잘 도달하기 위해서는 구울 때 고기가 어느 온도를 갖고 있는가도 중요하다. 여기에 대해서는 여전히 조리과학 전문가들끼리도 의견이 갈린다. 실온에 고기 온도를 맞춰야 한다는 것이 지금까지의 정설이었지만 요즘 들어서는 차가운 온도 그대로, 심지어 냉동 상태에서 굽기 시작하는 것이 낫다는 의견도 나온다. 내부가 익는 속도를 훨씬 늦출 수 있다는 이유다. 상대적으로 얇은 고기로 레어나 미디엄 레어를 굽는다면 후자의 의견이, 두꺼운 고기로 웰던을 구우려면 전자의 의견이 유리하다.5계명: 불과 연기를 두려워하지 말라오븐에 스테이크를 굽는 방법도 있기는 하다. 그러나 그랜드 하얏트 서울의 ‘스테이크 하우스’ 이수현 헤드셰프는 “수분 손실이 많은 가정용 오븐보다는 팬이 낫다”고 말한다. 스테이크 하우스의 전신인 ‘파리스 그릴’ 시절부터 20여 년간 그릴을 담당한 이 헤드셰프는 “팬은 두꺼울수록 좋다. 열을 오래 갖고 있어주기 때문”이라고 덧붙이기도 했다. 그리고 기름은 많을수록 좋다. 고기의 3분의 1 정도는 잠길 정도로 기름을 콸콸 두른다. 가장 강한 불을 사용해 팬을 달구는데, 어중간한 온도가 아니라 팬에서 연기가 피어나는 온도까지 도달해야 한다. 팬은 타지 않으니 불과 연기를 두려워하지 말자. 뜨거운 기름에 고기를 얹으면 당연히 기름이 튄다. 키친타월로 표면의 수분을 최대한 제거하는 것이 좋다.6계명: 타기 직전까지 자주 뒤집어라날고기는 고기 맛으로 먹지만, 구운 고기는 향과 맛으로 먹는다. 향은 겉에서 낸다. 스테이크는 ‘굽는다’고 하지만 이 단계에서 실제로 더 잘 어울리는 표현은 ‘튀긴다’ 혹은 ‘지진다’는 말이다. 여전히 강한 불로 위, 아래, 앞, 뒤, 옆까지 육면체를 주사위처럼 돌려가며 고깃덩어리 겉을 모두 튀긴다. 이 때 고기 겉면의 수분은 빠른 속도로 빠져나간다. 팬에 고기를 구울 때 나는 ‘칙’ 하는 소리는 수분이 빠져나가는 소리다. 건조하고 뻣뻣하게 근육만 남은 고기 겉면에서 120℃에서 시작되는 마이야르(Mailard) 반응이 일어난다. 빵, 고기, 초콜릿, 커피, 흑맥주가 가진 일관된 ‘맛있는 맛’의 정체다. 스테이크의 겉면 전체에서 잘 볶은 커피콩과 다크 초콜릿 사이의 색이 나야 한다. 타기 직전까지 마이야르의 혜택을 이끌어낸다. 겉을 가열하면 겉의 육즙은 증발하고 내부의 육즙은 속으로 몰린 것처럼 보인다. 이 현상이 와전되어 1850년 유스투스 폰 리비히라는 독일의 과학자가 ‘겉을 재빨리 구우면 육즙을 가둘 수 있다’는 유언비어를 퍼트렸다. 전문가들 사이에서도 여전히 이 자의 말을 믿는 이가 많은데 절대 현혹되지 말지어다.7계명: 속까지 열을 전달한다한편 안쪽에서는 고기, 근육을 가열하면 55~60℃에서부터 근섬유가 쪼그라들면서 수분이 빠져 나오고 단단해진다. 60~65℃가 적당히 부드럽게 씹히면서 촉촉한 구역이다. 겉에서 마이야르 반응을 이끌어내기 위해 유지해야 하는 온도인 120℃와 상충된다. 그래서 스테이크는 두꺼울수록 좋다고 하는 것이다. 겉을 높은 온도로 실컷 지지는 동안 속은 낮은 온도에서 맛을 끌어낸다. 이 수분은 빨갛긴 해도 피가 아니라 육즙이다. 촉촉하게 느껴지는 포인트도, 맛에 관여하는 것도 모두 이 수분인데, 문제는 고기가 두꺼우면 속까지 열을 전달하기가 쉽지 않다는 점이다. 어느 정도 겉을 완성한 후에는 불을 낮추고 속까지 열을 넣는 작업이 필요하다.고기를 한 번만 뒤집어야 한다는 것은 한국식 숯불구이집에서 1㎝ 이하의 얇은 고기를 구울 때만 맞는 말이다. 고기는 자주 뒤집을수록 좋다. 자주 뒤집는다고 해서 육즙이 다 빠져버릴 두께가 아니니 절대 걱정 말자. 또, 스테이크에 많은 양의 기름을 사용한 이유는 열을 잘 전달하는 도구가 되기 때문이기도 하다. 숟가락으로 뜨거운 기름을 떠서 스테이크 윗면에 부지런히 끼얹으면 온도가 더 잘 전달된다. 베이스팅(Basting)이라고 하는 조리 테크닉인데 보기에도 꽤 그럴싸해 보인다. 잘 익혀두면 어느 파티에서나 ‘오늘은 내가 요리사’ 할 수 있다.한 덩어리의 호주산 안심을 잘라 단계별로 구웠다. 가장 왼쪽부터 순서대로 블루레어, 레어, 미디엄레어, 미디엄, 미디엄 웰던, 웰던. 강태훈 포토그래퍼8계명: 고기는 찔러보면 안다고기를 얼마나 익힐 것인가는 어디까지나 취향의 문제다. 겉만 얇게 익어 얇은 회색 띠를 두른 블루레어부터 회색 부분이 좀더 넓지만 표면 가까이까지 붉은 기운이 고루 퍼져 있는 레어, 미디엄 레어, 속은 분홍에 가까워져 있고 가장 안쪽에만 붉은 기운이 몰려 있는 미디엄, 미디엄 웰던, 골고루 회색에 가까운 빛으로 변한 웰던까지 모든 취향을 존중한다. 단, 촉촉하게 입맛 당기는 육즙을 듬뿍 머금고 구운 고기의 향까지 충분히 나는 것은 미디엄 레어라는 점만 분명히 해둔다.원하는 온도로 굽기 위해서는 온도계를 사용하는 것이 가장 중요하다. 뾰족한 끝 부분을 푹 찔러 내부 온도를 잴 수 있는 조리용 온도계가 1만원도 하지 않으니 하나 장만해 두자. 나라마다 다른데 보통 레어는 심부 온도가 45~55℃ 사이이고 웰던으로 갈수록 온도가 높아진다. 온도계가 번거롭다면 손톱 끝으로 눌러보는 방법도 있다. 레어는 볼을 눌렀을 때, 미디엄은 턱 끝의 도톰한 살을, 웰던은 이마의 가장 튀어나온 곳을 눌렀을 때 정도의 탄력을 갖고 있다.9계명: 스테이크에게도 휴식이 필요하다밥이 다 됐어도 뜸들일 시간이 또 필요한 것처럼 원하는 정도로 스테이크를 구운 후에도 ‘레스팅(Resting)’ 시간이 필요하다. 팬에서 내린 고기를 따뜻한 온도를 가진 접시나 도마 위에 10~12분 정도 그대로 두는 과정이다. 이렇게 하는 한 가지 의미는 여열에 고기가 마저 익도록 하는 것이고, 더 중요한 두 번째 의미는 가열하는 동안 상대적으로 속에 몰린 수분이 고기 덩어리에 고루 퍼져 재분배되도록 하는 것이다. 충분히 레스팅을 거치지 않고 섣불리 고기를 자르면 그때야말로 육즙이 줄줄 흘러 다 도망가고 뻣뻣한 근육 덩어리만 남는다.10계명: 스테이크에 필요한 것은?간이 잘 된 스테이크는 그대로 먹어도 충분하지만 더 맛있게 먹는 방법도 있다. 굽기 전, 혹은 구우면서가 아니라 구운 후에 거칠게 후추를 갈아 뿌리면 보기 좋은 장식이 될 뿐 아니라 후추 향도 온전히 느낄 수 있다. 부족한 간을 채우기 위해 소금을 곁들이는 것도 좋은데 게랑드 소금이나 거칠게 부순 암염(巖鹽)처럼 선명한 존재감을 지닌 입자 거친 소금이 좋다. 짜고, 신 맛을 동시에 지닌 홀그레인머스터드도 대표적으로 스테이크와 잘 어울린다. 팬에 남은 기름이나 버터에 레드와인과 레스팅하며 나오는 약간의 육즙을 부어 졸이면 고기의 맛 마지막 한 방울까지 놓치지 않고 그럴싸한 소스를 간단히 만들 수 있다.이해림 객원기자 herimthefoodwriter@gmail.com취재협조 그랜드 하얏트 서울▶한국일보[페이스북][카카오 친구맺기]▶자동차의 모든 것! [모클][ⓒ 한국일보(hankookilbo.com), 무단 전재 및 재배포 금지]"
30,2016-12-23,보이스피싱은 헬조선의 '도가니',https://news.naver.com/main/read.nhn?mode=LSD&mid=shm&sid1=102&oid=028&aid=0002347025,한겨레,"[한겨레]가난한 이들이 가난한 이들을 등치는 비극의 현장왜 사기 치냐구요?취직 안되고 비정규직 전전 빚 눈덩이생계 절반 한계에 내몰리자실적수당 눈멀어 전화 돌리고 돌리고…1천개 대포통장·58만건 거래내역 조사검찰, 피해자 3천여명·53억 피해 밝혀왜 사기 당하냐구요?당장 급전 필요한데 은행대출 안되고“대부업체 대출 가능케 해준다”에 솔깃뒤늦게 ‘사기당했다’ 알고서는 후회피해액 입증 쉽지않아 서민들 두번 울어검찰, 보이스피싱 ‘범죄단체 조직죄’ 적용법원, 보이스피싱 조직원 78명 모두 210년 선고지난 16일 수원지법 안산지원 401호 법정은 사람들이 몰리면서 복도까지 채웠다. 이날은 인천에 사무실을 두고 보이스피싱(전화대출사기)을 하다 기소된 조직원 79명의 선고날이었다. 이날 하루에만 조직 총책에서부터 전화상담을 맡은 말단 직원에 이르기까지 모두 78명에게 유죄 선고가 내려졌다. 조직 총책 박아무개(44)씨가 징역 20년형으로 보이스피싱 범죄 사상 국내 최고의 징역형을 선고받는 등 78명에게 모두 합해 210년의 징역형이 선고됐다. 근무 기간이 15일인 상담원 1명만 무죄 판결을 받았다.유죄선고된 다수가 팀장급 등 수뇌부를 빼고는 초범이었다. 볼펜 하나 훔쳐 본 적 없는 이들이었다. 상당수는 20∼30대로 젊었다. 재판 중 아내가 출산한 남성 피의자도 3∼4명이었고 상당수 여성 피고인들에겐 어린 자녀들이 딸려 있었다. 재판장의 서릿발 같은 징역형이 선고될 때마다 법정은 눈물 속에 실신자가 속출했다. 이날 선고에만 2시간이 걸렸다.주부 김아무개(31)씨도 이날 3년형을 선고받았다. 희귀병을 앓는 어린 자녀를 치료하느라 수년간 빚만 쌓였다. 그러던 지난 2014년 보이스피싱 조직에 있는 지인으로부터 “돈을 벌 수 있다”는 말에 혹해 조직에 발을 디뎠다.“고객님 00저축은행입니다 대출 필요하시면 저금리로 나가니 상담 신청 가능합니다.”전국을 무대로 활동하는 보이스피싱 조직에서는 30∼40대 여성들로 이뤄진 1차 콜센터 상담원들이 발신만 가능한 오토콜로 전화를 해 무작위로 대출을 권유한다. 대출 의사가 확인되면 “잠시 기다려 주십시오”라는 말과 함께 이름과 나이, 연락처, 대출 희망 금액이 파악돼 2차 콜센터로 넘어간다. 주부 김씨가 일한 곳은 ‘2차 콜센터’였다. 6개팀 45명의 상담원은 대포폰으로 전화를 해 저리 대출로 수천만원까지 대출이 가능하다며 본격 범죄에 나선다.“신용 조회를 해보니 신용등급이 낮아 대출을 받으려면 연체전산기록 등을 삭제해 신용등급을 올려야 합니다. 임시로 신용등급을 1∼2등급 올려 소액 대출을 받을 수 있게 해줄 테니 우리가 알려주는 대부업체에서 300만∼500만원 정도를 대출받아 43%를 신용관리비로 송금하시면 한 달 내로 신용등급을 3∼4등급 올려드리겠습니다.”자영업자인 40대 최아무개씨가 1차 콜센터의 전화를 받은 당시 그는 한계 상황이었다. 집안 식구들의 병치레로 이미 2억원의 빚을 진 터라, 금융기관에서 대출 승인을 거절당하는 상태였다. 6%의 저금리로 수천만원까지 대출받을 수 있다는 말에 귀가 번쩍한 최씨는 곧 “신용등급이 낮다”는 상담원의 말에 절망했다. 하지만 “임시로 등급을 조정해 대부업체에서 대출을 받을 수 있게 해주겠다”는 보이스피싱 조직의 말대로 실제 300만원을 대출받은 최씨는 ‘추가 대출도 가능하겠다’는 희망 속에 요구대로 신용관리비로 120만원을 송금했다.보이스피싱 조직의 수법인 이른바 ‘희망과 절망의 교체 원리’다. 절박함에 내몰린 피해자들에게 대출 희망을 주었다가 신용등급이 낮다며 좌절시키고 다시 소액 대출로 희망을 준 뒤 돈을 빼았는다. 피해자들로서는 절망과 희망의 롤러코스터에서 순간 판단력을 잃기 십상이다.보이스피싱 조직은 이후로도 한달간 신용등급을 조정하는 중이라는 말로 최씨를 안심시켜 신고를 지연시킨 뒤 대포폰과 사무실을 유유히 바꾸었다.보이스피싱 조직은 주변에서 조직원을 찾는다. 취직이 안되거나 비정규직으로 전전하다 빚이 쌓이거나 집안에 환자가 있어 어려움에 부닥친 사람들이 대상이다. 하지만 곧 사기라는 것을 알고도 이들은 왜 빠져나오지 못할까?1차 콜센터 상담원들은 매월 130만원의 기본급에 피해자 인적 사항 확인 시 1건당 1000원의 실적수당을, 본격적인 거짓말을 하는 2차 콜센터 상담원은 피해자에게서 뜯어낸 금액에 비례해 월 2000만원까지는 25%, 2000만원 이상은 30%를 월급으로 받는다. 매달 500만원에서 많으면 1500만원 정도의 수입이다. 상담원들이 동요라도 하면 팀장급 등 조직 수뇌부가 “너 그거 아니면 빛 어떻게 갚아? 애는 어떻게 키워?”라며 어른다.검찰 관계자는 “카드빚이 쌓이고 신용불량자이고 어린 애가 있고 어머니가 아프고 일을 그만두면 그것을 해결할 수 있는 방법이 없다. 그런데 자기 통장에 또박또박 돈이 입금되는데 중단할 수 있겠냐”고 말했다. 하지만 이 길에 들어서면 생계의 절박함에 내몰린 이들도 서서히 오염된다.피해자들 사정도 마찬가지다. 최씨처럼 절박함에 내몰려 대출을 바랐던 피해자들은 보이스피싱 조직이 요구하는 신용관리비 100만∼300만원도 당장 수중에 없는 경우가 허다하다. 뒤늦게 사기당한 것을 안 최씨는 충격 속에 개인회생을 신청했다.보이스피싱은 한마디로 대한민국의 ‘범죄의 연쇄 도가니’다. 보이스피싱 조직이 교묘하게 생계의 절박함에 내몰린 이들을 자신들 조직원으로 끌어오고, 절박함이 무엇인지 누구보다 잘 아는 조직의 상담원들이 자신과 같은 수많은 사람의 절박함을 악용해 범죄를 저지르는 것이다.절박함에 내몰린 이들끼리 물고 뜯기는 사이 총책 등 수뇌부들은 배를 불렸다. 조직 총책의 한 측근은 검찰 조사에서 “총책 박씨가 현금 30억원을 모으는 것을 목표로 했는데 실제로 모았다”고 진술했다. 그는 “총책의 집에 가면 큰 대형금고가 있는데 몇억원씩 현금 뭉치가 있는 것을 보았다”고도 했다.국내에서 활동 중인 보이스피싱 조직은 대략 4∼10개로, 인천 부천 일대에 집중된 것으로 검경은 추정한다. 2013년 대부업법 시행으로 대부업체가 받을 수 있는 최고금리를 지속적으로 낮아지자 매출과 영업이익률이 급감한 이 지역 대부중개업체들이 보이스피싱으로 업종을 전환했다는 설명이다. 이후 보이스피싱 피해가 급증했으나 신고해도 못 잡는 경우가 허다하다.검찰은 이 사건 수사 과정에서 대포통장과 판매업자를 찾고 1천개의 대포통장에서 58만건의 은행거래 내역을 조사해 피해자 3천여명과 54억원의 피해 규모를 밝혀냈다. 통상 대출사기 1건 성사에는 100통의 전화를 건다고 했을 때 30만명 이상에게 전화를 돌렸다는 것을 의미한다.보이스피싱 범죄는 그동안 들켜도 사기죄로 5년 이하의 형을 받았다. 누범인 경우에도 최고 형량이 12∼13년인 데다 5억원 이상의 피해액 입증이 쉽지 않다. 결국 피해를 본 서민들만 두 번 울게 한다.검찰은 이번엔 피해액 53억원을 특정해 특정경제범죄 가중처벌 등에 관한 법률(특경법)을 적용했다. 또 형법상 범죄단체의 조직죄도 적용됐다. 범죄단체 가입과 활동죄가 적용된 적은 있으나 조직죄가 적용된 것은 이번이 처음이다. 법원 역시 “대부분 처벌 전력이 없거나 경미한 사람들을 중범죄자로 몰아간 것”을 총책 등의 중형 이유로 내세웠다.이 사건을 수사해 기소한 수원지검 안산지청 박경세 검사는 “법원의 이번 판결로 보이스피싱 사범에 대해 최대 무기징역의 중형이 가능해졌고 범죄수익도 예외없이 국가가 추징가능하다는 사실이 확인돼 보이스피싱 폐해를 줄이는 계기가 마련됐다”고 말했다.홍용덕 기자 ydhong@hani.co.kr▶ 한겨레 절친이 되어 주세요![신문구독][주주신청]▶[페이스북][카카오톡][트위터]▶ 지금 여기[사설·칼럼][만평][정치BAR][ⓒ한겨레신문 : 무단전재 및 재배포 금지]"
31,2016-12-23,더 깊어진 고통…오늘도 '500원 순례길',https://news.naver.com/main/read.nhn?mode=LSD&mid=shm&sid1=102&oid=437&aid=0000142064,JTBC,"[앵커]오늘(22일) 밀착카메라는 '절박한 500원'에 대한 이야기를 다시 꺼내보겠습니다. 올해 초 였지요. 500원짜리 동전 하나를 받으려고 새벽부터 줄을 선 노인들을 밀착카메라가 전해드렸는데 한 해가 저물고 있는 지금은 고된 행렬이 더 길어졌습니다.박소연 기자입니다.[기자]< 지난 1월 22일 >어디가 끝인지 알 수 없을 정도로 이렇게 긴 줄이 만들어졌습니다. 날씨가 워낙 춥다 보니 바닥에 신문지와 박스를 깔고 앉아서 기다리고 있습니다.+++500원. 라면 한 봉지 값도 안 되는 동전을 벌기 위해 차가운 길바닥에서 하루를 보내는 노인들을 다시 만나러 가봤습니다.서울 반포동의 한 공원입니다.지금 시각은 8시 10분, 겨울비가 내리는 이른 아침입니다. 동전을 나눠주는 시간까지 1시간여 가량이 남았지만 이미 공원에는 수백 명의 노인이 모였습니다.우산을 쓰고 비닐봉지로 몸을 에워싸봐도 차디찬 비바람까지 전부 막지 못하고 있습니다.[이모씨/80살 : 새벽 5시에 나와요. 여기 온 사람들은 다. 그리고 밤 늦게 들어가지. 매일 밖에서 생활을 다하는 거예요.]자리싸움은 여전히 치열했습니다. 순서가 뒤로 밀리면 밥도 돈도 얻을 수 없기 때문입니다.[생떼를 부려! 이웃 사람 다 얘기해. (뭘 얘기해! 자리를 하나둘 맡아야지 왜 여러 사람을 맡아놔.)]'짤짤이 코스'라고 자조적으로 부르는 노인들의 행렬은 1년 가까운 시간이 지나는 동안 달라진 게 없었습니다.[김모씨/60살 : 짤짤이 코스라고 해서 (하루) 열 군데 정도는 다녀. 500원짜리고 1000원짜리고…]오히려 동전을 받으러 다니는 노인들은 늘었습니다. 이날 공원을 다녀간 노인은 410명, 지난 1월보다 꽤 늘었습니다.반면, 1년 사이 기초연금은 최대 20만 4010원으로 거의 제자리 걸음입니다.[전일학/81살 : (서울 영등포에서) 점퍼 얻는데 두 시간은 걸렸을 거야. 몇천 명이 왔으니까. (점퍼를) 5000원에 팔았지. 돈 써야지. 추워서 얼어 죽을 생각은 안 하고 돈 생각만 하는 거야.]동전을 받은 노인들은 또다시 어딘가로 바삐 뛰어갑니다. 혹여나 무단횡단으로 사고가 나지 않을까 이렇게 노끈도 설치해놨습니다.지적장애 2급 손자와 88살 조모 할머니가 사는 집도 다시 찾아갔습니다.[(어떻게 지내셨어요?) 그럭저럭 지냈죠! 뭐.]석 달 전부터 할머니의 건강이 악화되면서 동전 받는 일조차 못하고 있습니다.유일한 소득은 정부지원금인데 지난달부턴 기초연금마저 끊겼습니다.아들의 사망 보험금이 지급되는 등 일부 금융 재산이 늘어나면서 정부가 정한 지원 대상에서 탈락한 겁니다.한 달 생활비는 국민연금과 손자의 장애인 연금 등 총 38만 5천여원입니다.[조모 씨/88살 : 지금도 살고 싶은 생각은 없어요. 손자도 시설에다 넣는다고 알아봤는데 자리가 없어서 그런지 안 데려가네.]노년층의 삶은 더 팍팍해지고 있습니다.얼마 전 통계청 등이 발표한 조사를 보면 65세 이상 노인층 빈곤율은 46.9%. 노인 2명 가운데 1명은 빈곤에 허덕이고 있습니다.[김모 씨/80살 : 보기 어때요? 비참하죠? 대한민국 노인들의 삶의 현주소야. 최순실이 국정 농단하고 박근혜가 정치를 잘못하는 과정에서. 국민이 힘들고 어렵고 비참한 삶을 살아야 하는 건 첫째 정치인들의 책임이야.]노인들이 떠난 공원에는 이렇게 깔고 앉았던 빈 박스 종이와 신문지가 놓여있습니다. 가난의 늪에 빠진 노인들에겐 더 힘겨운 겨울입니다.박소연▶ JTBC 뉴스 공식 SNS[트위터][페이스북][유튜브]Copyright by JTBC(http://jtbc.joins.com)and JTBC Content Hub Co., Ltd. All Rights Reserved. 무단 전재 및 재배포 금지"
32,2016-12-23,크리스마스 트리에 달려있는 눈물,https://news.naver.com/main/read.nhn?mode=LSD&mid=shm&sid1=104&oid=056&aid=0010399085,KBS,"■ 앵커> 세계 곳곳에서, 크리스마스 철이 되면 화려한 트리 점등식을 하죠? 오늘은 크리스마스 트리에 대해서 이야기해볼까 합니다. 조지현기자 나와있습니다.진짜 사흘 뒤면 크리스마스네요. 혹시 집에 트리 장식은 하셨나요?○ 조지현 기자> 전 사실 못했는데요, 올해 미국의 경우 1억 가구가 트리를 꾸밀 것으로 추정됩니다.미국 사람들이 지난해 트리용 나무에 쓴 돈이 13억 2천만달러, 우리돈으로는 1조 5천억원이 넘는데요. 그만큼 크리스마스하면 빠질 수 없는 게 트리라는 거겠죠.■ 앵커> 크리스마스 기분을 내기 위해 적잖은 돈을 아낌없이 쓰네요. 그런데 이 크리스마스 트리에도노동착취가 숨어있다고요?○ 조지현 기자> 우리가 흔히 접하는 플라스틱으로 된 트리의 경우 대부분 중국에서 만들어집니다. 저장성의 이우 시라는 곳에서 전 세계 크리스마스 장식품의 60%가 생산되는데요. 이 때문에 '크리스마스 타운'이라고 불립니다.크리스마스 트리부터, 장식품, 산타 모자, 장난감 등을 만드는 공장 600여개가 모여있는데요. 말하자면진짜 산타 작업장인 셈인데, 실제 모습은 어떨까요?이우 시의 크리스마스 트리 공장은 전 세계에서 밀려드는 주문때문에 1년 내내 크리스마스 준비를 하고 있는데요.산타의 작업장이라기에는 삭막한 이곳에서 노동자들은 아침 7시부터 밤 9시까지 일주일에 7일을 일합니다. 토요일 저녁에야 잠깐 쉴 수 있다는데요. 이렇게 일해도 이들이 받는 돈은 시간 당 10위안, 1700원 수준에 불과합니다.■ 앵커> 저기서 일하는 분들은 1년 내내 크리스마스인 셈인데, 그리 행복해 보이지는 않네요. 작업환경이 어떤지요?○ 조지현 기자>  네, 보셨다시피 열악합니다. 거기다 크리스마스 장식품을 만드는 과정에 먼지도 많이 날리고 화학물질도 쓰다보니까 당연히 건강에도 안좋고요.장식품용 눈송이에 빨간색 가루를 코팅하는 작업을 하는 19살 소년입니다. 온몸이 가루투성이죠? 작업할때 날리는 가루와 먼지 때문에 숨을 제대로 쉴 수 없어서 하루에 사용하는 마스크가 10개가 넘는다고 하는데요. 하루 평균 2~300개의 눈송이를 코팅하는데 한달 월급은 30만원 남짓입니다.트리에 눈이 내린 것 같은 효과를 주기 위해 흰색 가루를 뿌리는 작업 역시 수술용 마스크 외에는 보호장비도 없이 일하는데요. 화학물질을 그대로 들이마시게 되겠죠?거기다 어린아이들까지 크리스마스 장식품 만들기에 동원되는데요. 15살의 한 소녀는 11살 때부터 크리스마스 장식용 반짝이 조각을 만들어왔다고 하는데요. 일하는 틈틈이 교과서를 본다는 소녀는 학교를 가는 게 꿈입니다.■ 앵커> 대부분 가정용 트리죠. 플라스틱 트리에 이런 눈물이 숨어있었네요, 그럼 진짜 나무 트리는 어떤가요?○ 조지현 기자>  미국의 크리스마스트리는 대부분 노스캐롤라이나의 농장에서 만들어집니다. 무려 1600개의 농장이 있다고 하는데요.그런데 트리 농장에서 나무를 베는 노동자 대부분은 라틴계 출신의 불법 이민자로 알려있습니다. 대략 천 명가량의 이민자가 일하고 있는 것으로 추정되는데요. 이들이 생산하는 크리스마스트리용 나무가 1년에 5백만 그루에 달한다고 합니다.위험하고 힘든일이지만 불법 이민자라는 신분때문에 저임금에 시달리기는 마찬가지입니다. 크리스마스트리를 볼 때 한 번쯤은 생각해 볼 문제겠죠. 글로벌 이슈였습니다.조지현기자 (cho2008@kbs.co.kr)▶ [저작권자ⓒ KBS 무단복제-재배포 금지]"
33,2016-12-23,"""잿더미 속 희망인데 두고 볼 수 없죠""",https://news.naver.com/main/read.nhn?mode=LSD&mid=shm&sid1=102&oid=469&aid=0000179650,한국일보,"서문시장 화재현장 발굴 신무순씨화재 현장서 금고ㆍ제품 수색 앞장붕괴 위험 속에 금고 40여 개 발굴지하창고 20톤, 옥상서 30톤 찾아""힘 모아 다시 일어서야죠""서문시장 4지구 잿더미에 묻힌 금고 구한 신무순 씨. 윤희정기자 yooni@hankookilbo.com화재현장에서 찾아 낸 타다 만 장부. 윤희정기자 yooni@hankookilbo.com서문시장 현장 발굴 작업 중 한 상인이 흐느끼며 쓸 수 있는 부분이라도 살리려고 타다만 천을 자르고 있다. 윤희정기자 yooni@hankookilbo.com신무순 씨가 금고 발굴 당시 상황을 설명하고 있다. 윤희정기자 yooni@hankookilbo.com신무순(왼쪽)씨가 화재현장을 방문한 상인들을 인솔하고 있다. 윤희정기자 yooni@hankookilbo.com4지구 옥상창고 앞, 신무순 씨가 피해 복구 상황을 설명하고 있다. 윤희정기자 yooni@hankookilbo.com“상인들에겐 돈이나 상품 그 이상 중요한 게 장부다. 여긴 도매상이 많아 외상 거래가 많은데, 내역을 기록한 장부가 없으면 재기는 물 건너간다. 우린들 위험한 줄 모르겠나. 욕 먹으면서도 잿더미를 뒤지는 이유가 여기에 있다.” 지난달 30일 큰 불로 전소된 서문시장 4지구 상가에서 지난 20일까지 잿더미 속을 헤맨 신무순(58)씨. 자신과 동료 상인들의 금고와 장부, 타다 남은 상품을 찾아낸 신씨는 시민들의 성원에 보답하기 위해서라도 4지구 상인 모두 힘을 모아 다시 일어서겠다고 두 주먹을 불끈 쥐었다.신씨는 서문시장에서 30년간 장사해 온 터줏대감이다. 요즘 상인들 사이에선 '구원투수' 로 통한다. 대부분 불에 타버렸지만, 신씨 주도로 시작한 금고수색과 재고 발굴 등을 통해 재기의 실마리를 찾은 경우가 많기 때문이다. ""재산 대부분을 날렸지만, 타다 남은 원단이나 장부, 현금은 우리 피해상인들에겐 정말 가뭄의 단비나 마찬가지""라고 설명했다.그가 금고 발굴에 나선 것은 지난 4일. 잔불정리가 막 끝난 다음 날이다. ""저도 가게에 남겨둔 금고 속 귀중품이 혹시 남아있지 않을까 기대감에 다른 상인들과 시작했다""며 ""구청 측을 설득해 모든 책임을 우리가 지겠다는 각서를 쓰고 현장에 진입했다""고 말했다.귀금속과 일반 액세서리 등을 취급하는 신씨는 이번 불로 수십억의 피해를 본 것으로 알려졌다. 그는 ""금고가 4개인데, 보통 영업 후 금고 안에 보관하던 귀금속 대부분을 진열대에 그대로 두는 바람에 금고 안에 넣어 둔 일부만 건질 수 있었다""고 아쉬움을 감추지 못했다.현장 진입 전에 그는 먼저 금고전문가들에게 자문을 구해 가능성을 확인했다. ""전문가들이 내화기능을 갖춘 최신 특수금고는 그 정도 불길에도 견딜 수 있다고 했다. 100㎏이 넘는 무게 때문에 금고 자체를 외부로 끄집어 내는 것은 위험하다고 해 현장에서 열기로 했다""고 수색 배경을 설명했다. 자신의 금고만 열려다가 비상대책위원회 재무간사를 맡으면서 비슷한 처지의 다른 상인들과 힘을 모았다.4, 5명 단위로 조를 짰고, 지역 금고 전문가 2명과 경찰 소방 구청관계자들이 동행했다. 지난 4일 하룻동안 무너지지 않은 4지구 동쪽 1~3층에서 40여 개의 금고를 찾아냈다. 마스크는 기본이고 방진복과 안전모, 안전화를 착용한 채 조심스레 현장에 진입했다. 상인들은 자신의 금고가 있는 곳으로 전문가들을 안내했다. 금고 하나를 여는데 걸리는 시간은 평균 30분. 하나씩 열릴 때마다 환호성과 탄식이 터져 나왔다. 기뻐서, 때로는 슬퍼서 눈물을 흘렸다.""다행히 금고 대부분이 원래 자리에 있어 전문가들이 큰 어려움 없이 열 수 있었다. 남은 게 하나도 없을 줄 알았는데 대부분 멀쩡했다. 일부 불에 탄 것들도 현금 같은 경우 한국은행에서 교환할 수 있을 정도였다. 정확히는 모르겠지만 수십억 원은 건졌을 것""이라고 회상했다. 하지만 ""상인들 상당수는 보통 장부를 금고 안에 두지 않아 어쩔 수가 없었다""고 아쉬워했다.1차로 금고 발굴이 끝난 뒤 상품 수색을 시작했다. 신씨는 ""상인들은 우선 자신의 가게가 어떤지 궁금해했다""며 ""귀중품을 넣어둔 금고 부분이 정리돼야 2차 발굴이 가능할 것 같아 금고부터 수색했는데, 대부분 찾았고 일부 찌그러진 2, 3개는 철거 후 들어내 특수장비로 열 계획""이라고 말했다.금고 수색 당일 건물 바깥쪽 상가를 수색했고, 7일엔 지하층, 14일엔 옥상 수색에 들어가 20일쯤 수색을 거의 마무리했다. 지하 창고에선 멀쩡한 양복 원단과 한복 등 1톤 트럭 20대 분량을 찾아냈다. 붕괴 위험 때문에 마지막으로 들어간 옥상 창고에선 1톤 트럭 30여 대 분량을 끄집어 냈다. 신씨는 “옥상 창고 7개 내부는 불 냄새조차 나지 않을 정도로 멀쩡했다""며 ""완전 망한 줄 알았던 한 이불집 사장은 멀쩡한 이불을 보곤 '이젠 살았다'며 소리 내어 우는 모습을 보고 '내가 정말 잘 시작했다'는 생각이 들었다""고 말했다.금고발굴 과정에 마음고생도 적지 않았다. ""돈이 많아서 저렇게 한다"", ""자기 금고에 많은 귀중품을 넣어 두었으니 앞장선다""는 등 수군거리는 소리도 들렸다. ""1주일 이상 잠도 못 자고 컵라면으로 끼니를 때우며 잿더미를 뒤졌는데, 한편으로 서글프기도 했다""며 ""모두 너무 큰일을 당하다 보니 그럴 수도 있겠다 여기고 수색에 전념했더니 오해가 풀렸다""고 말했다. 처음엔 만류하던 가족들도 먼저 안전모를 챙겨주는 등 응원을 아끼지 않고 있다.그는 요즘 남은 지역을 어떻게 안전하게 발굴할 수 있을지 고민 중이다. 재기를 위해선 한 푼이라도 더 찾아내야 하기 때문이다. 철거작업과 함께 금고나 집기 등을 발굴해야 하기 때문에 그 누구도 안전발굴을 장담하기 어렵다.신씨는 ""무너진 쪽 상인들은 지금도 밤잠을 못 이룬다""며 ""할 수 있는 데까진 발굴하고, 대체상가로 지정된 옛 베네시움 건물에서 하루빨리 영업을 재개할 수 있기를 기대한다. 설 전이라도 장사할 수 있었으면 좋겠다""고 말했다.윤희정기자 yooni@hankookilbo.com▶한국일보[페이스북][카카오 친구맺기]▶자동차의 모든 것! [모클][ⓒ 한국일보(hankookilbo.com), 무단 전재 및 재배포 금지]"
34,2016-12-23,'맑고 추운' 크리스마스 이브… 전국 영하권,https://news.naver.com/main/read.nhn?mode=LSD&mid=shm&sid1=103&oid=008&aid=0003795163,머니투데이,"[머니투데이 이건희 기자]24일 전국이 대체로 맑지만 낮은 기온과 강한 바람으로 인해 추운 날이 될 것으로 보인다. 사진은 23일 오후 서울 영등포구 여의도공원 스케이트장에서 즐거운 시간을 보내는 시민들의 모습. /사진=뉴스1크리스마스 이브인 내일(24일)은 전국이 대체로 맑지만 낮은 기온과 강한 바람으로 인해 추운 날이 될 것으로 보인다.기상청은 이달 24일 서해상에서 동쪽으로 이동하는 고기압의 영향을 받아 전국이 대체로 맑을 것이라고 23일 예보했다. 다만 강원 영동은 동풍의 영향으로 새벽 사이에 눈 또는 비가 오는 곳이 있을 것이라고 내다봤다.강한 바람에 기온도 평년보다 낮은 분포를 보이면서 체감온도는 더욱 낮을 것으로 예상된다. 이날 아침 예상 최저기온은 △서울 -5도 △대전 -4도 △광주 -1도 △부산 0도 △제주 5도 등이다. 낮 예상 최고기온은 △서울 3도 △대전 4도 △광주 7도 △부산 10도 △제주 9도 등이다.해안가를 중심으로 강한 바람도 예보돼 있다. 기상청 관계자는 ""전남 해안과 경상 해안, 제주도에 강풍특보가 발효 중""이라며 ""내일 새벽까지 바람이 매우 강하게 부는 곳이 있을 수 있어 시설물 관리에 유의해야 한다""고 당부했다.한편 전해상에 내려진 풍랑특보도 이날을 기점으로 약해질 전망이다. 기상청에 따르면 서해와 남해상을 시작으로 차차 바람이 약해져 풍랑특보가 해제될 수 있다. 다만 동해상은 밤까지 강한 풍랑이 이어질 것으로 보인다.미세먼지 농도는 전국이 '보통' 수준일 것으로 예상된다.[이코노미스트들의 깊이있는 투자정보 'TOM칼럼'][부자들에게 배우는 성공 노하우 '줄리아 투자노트'  ][내 삶을 바꾸는 정치뉴스 'the 300']이건희 기자 kunheelee@mt.co.kr<저작권자 ⓒ '돈이 보이는 리얼타임 뉴스' 머니투데이, 무단전재 및 재배포 금지>"
35,2016-12-23,리비아 국내선 여객기 납치돼 몰타 강제착륙…승객 전원..,https://news.naver.com/main/read.nhn?mode=LSD&mid=shm&sid1=104&oid=001&aid=0008912031,연합뉴스,"납치범 2명 수류탄으로 폭파 위협…""승무원 일부만 억류 상태""""납치범은 카다피 지지자""…요구사항은 아직 확인 안 돼(카이로=연합뉴스) 한상용 특파원 = 승객 111명과 승무원 7명 등 모두 118명이 탄 리비아 국내선 여객기가 23일(현지시간) 오전 공중 납치된 후 지중해 섬나라 몰타에 강제 착륙했다.승객들은 이후 전원 해당 비행기에서 풀려났으나 납치범들은 현재 승무원 일부만 억류한 채 몰타 당국과 협상을 진행하고 있다.몰타 공항 당국에 따르면 리비아 남부 사브하를 출발해 수도 트리폴리로 향하던 리비아 아프리키야 항공 에어버스 A320 여객기가 비행 중 납치돼 이날 오전 11시32분(한국시각 오후 7시32분) 몰타 국제공항에 긴급 착륙했다.이에 따라 몰타 당국은 현장에 무장 군인은 물론 비상대기팀과 협상팀을 급파했다.납치범 2명은 착륙 후 ""수류탄을 소지하고 있다. 비행기를 폭파하겠다""고 위협하면서 출동한 몰타 군인과 대치했다.그러다 여성과 어린이 승객 25명을 먼저 풀어주고 나서 또 다른 승객들을 비행기에서 추가로 내리게 했다.조셉 무스카트 몰타 총리는 ""현재 승객들 전원이 풀려났으며 일부 승무원만 비행기에 남아 있는 상태""라고 밝혔다.동시에 납치범들은 유엔 중재 아래 몰타 국가안보위원회 협상팀과 협상을 진행하고 있다고 AP통신이 전했다.그러나 범인들이 요구한 구체적인 사항은 아직 확인되지 않았다.이 여객기는 이날 오전 9시10분께 리비아 사브하 공항을 출발해 목적지인 북부 트리폴리로 향하던 중 공중 납치됐다.무스카트 총리는 ""납치 당시 해당 비행기에 남성 82명과 여성 28명이 탑승해 있었으며 승객 가운데 유아도 1명 있다""고 밝혔다.'타임스오브몰타'는 납치범 중 한 명이 초반에 자신을 '카다피 지지자'라고 밝힌 뒤 자신의 요구가 받아들여지면 승객 전원을 풀어주겠다고 제시했다고 전했다.이 사건 발생 후 몰타국제공항에 도착할 예정이던 다른 항공편은 모두 다른 공항으로 향했으며 이륙도 취소됐다.리비아는 2011년 '아랍의 봄' 여파로 무아마르 카다피 전 국가원수가 이끄는 정권이 붕괴한 후 반군의 난립 속에 정국 혼란이 지금도 이어지고 있다.납치된 리비아 여객기[AP=연합뉴스자료사진]gogo213@yna.co.kr"
36,2016-12-23,특검 역외탈세전문가 투입…최순실 재산 찾아낼 수 있을까,https://news.naver.com/main/read.nhn?mode=LSD&mid=shm&sid1=100&oid=008&aid=0003795235,머니투데이,"[머니투데이 박보희 기자, 김세관 기자]최순실 국정농단 사건 수사를 맡은 박영수 특별검사팀 이규철 대변인(특검보)이 22일 오후 서울 강남구 대치동 특검 사무실에서 브리핑을 갖고 취재진 질문에 답하고 있다./사진=뉴스1'박근혜·최순실 게이트'를 수사 중인 박영수 특별검사팀이 최순실씨가 해외로 빼돌린 재산에 대한 추적에 나섰다. 특검팀은 이 재산이 어떻게 형성됐는지 면밀히 살필 예정이다.이규철 특검보는 23일 ""최순실씨 등에 대한 재산 의혹 수사를 위해 재산추적 경험이 많은 변호사 한 명과 역외탈세 조사에 밝은 국세청 간부 출신 한 명을 특별 수사관으로 채용했다""고 밝혔다.현재까지 최씨 재산의 구체적인 규모는 밝혀지지 않았다. 당초 최씨의 재산은 340억원이라고 알려졌지만, 최근에는 최대 10조원에 달한다는 의혹이 제기됐다. 독일에 만든 더블루케이 등 해외 유령 법인을 통해 차명으로 재산을 빼돌렸다는 것이 의혹의 골자다. 최씨가 독일, 스위스, 리히텐슈타인 등지에 세운 것으로 추정되는 페어퍼컴퍼니만 500여개에 이르는 것으로 알려졌다.특검팀은 우선 최씨가 해외로 빼돌린 재산이 있는지, 있다면 어느정도 규모인지 등을 확인하는데 주력할 방침이다. 이 특검보는 ""최씨의 재산이 8000억원에서 10조원이라는 얘기가 나오는데 구체적인 증거를 확보하거나 조사를 시작한 건 아니다""며 ""관련 자료를 입수하면 구체적으로 조사 여부를 결정할 예정""이라고 설명했다.특검팀이 이를 확인하기 위해 영입한 인사 중 한명이 이광재 전 국세청 역외탈세담당관이다. 그는 세무대를 졸업한 뒤 국세청을 거쳐 대형회계법인으로 근무지를 옮겼다. 그러나 역외탈세분야 전문가가 필요하다는 요청에 국세청으로 돌아왔고 이후 국세청 역외탈세전담센터 팀장, 국제조세담당관실 역외탈세담당관 등을 지내며 '역외탈세 저승사자'라는 별명을 얻었다. 조세피난처를 이용해 수천억원대 세금을 내지 않아 유죄를 선고받은 '선박왕' 권혁 시도상선 회장의 혐의를 밝혀낸 것으로 유명하다.한편 특검팀은 최씨의 재산 형성 과정에 박근혜 대통령의 개입이 있었는지 여부도 확인할 것으로 보인다. 단칸방에 살았다던 최씨의 부친인 최태민씨는 1970년대 당시 퍼스트레이디 역할을 하던 박근혜 대통령을 만난 이후 급속하게 재산이 늘어난 것으로 알려졌다. 지난 1995년 '중앙일보'에는 최태민씨에 대해 ""(박 대통령의) 생활비를 대주면서 재산관리인 행세를 해온 것으로 알려지고 있다""는 글이 실리기도 했다. 이때문에 최씨 일가가 박 대통령을 이용해 불법적으로 재산을 모았다는 의혹은 꾸준히 제기돼왔다.박 대통령이 이사장으로 있던 영남대와 육영재단 운영 등에 최씨 일가가 개입해 공금을 횡령하는 등 비리를 저지른 정황이 나오면서, 최씨 일가와 박 대통령이 재산을 공동관리하고 있는 것 아니냐는 의혹마저 제기되는 상황이다.만약 이들이 공동으로 재산을 관리하는 등 '경제적 공동체'를 이루고 있다는 의혹이 사실로 밝혀지면, 기업 등이 최씨에게 제공한 금품은 곧 박 대통령에게 돌아간 것으로 볼 수 있다. 이 경우 박 대통령이 직접 뇌물을 받은 것으로 간주해 제3자 뇌물제공죄가 아닌 뇌물수수죄를 직접 적용할 수 있다는 얘기도 나온다.[이코노미스트들의 깊이있는 투자정보 'TOM칼럼'][부자들에게 배우는 성공 노하우 '줄리아 투자노트'  ][내 삶을 바꾸는 정치뉴스 'the 300']박보희 기자 tanbbang15@mt.co.kr, 김세관 기자 sone@mt.co.kr<저작권자 ⓒ '돈이 보이는 리얼타임 뉴스' 머니투데이, 무단전재 및 재배포 금지>"
37,2016-12-23,中 반도체 대국 야심…한국 맹추격,https://news.naver.com/main/read.nhn?mode=LSD&mid=shm&sid1=105&oid=056&aid=0010399550,KBS,"<앵커 멘트>반도체는 우리나라의 대표 수출 산업이라 해도 과언이 아닌데요, 중국의 추격이 맹렬합니다.정부 주도 아래 거대 자본과 시장을 앞세운 중국의 '반도체 굴기'가 이제 우리의 주력 산업까지 위협하고 있습니다.상하이 김태욱 특파원입니다.<리포트>인수.합병을 통해 일약 '반도체 공룡'으로 부상한 중국의 칭화유니그룹.기술 확보를 위해 한국 유망 반도체 기업들에도 눈독을 들이고 있습니다.<녹취> 자오웨이궈(칭화유니그룹 회장) : ""단기간에 스스로 세계적 수준의 기술력을 만들 수 없는 만큼 인수.합병을 통해 얻겠다는 것입니다.""이런 자신감의 배경엔 정부의 든든한 지원이 있습니다.지난 2년 동안 중국정부가 반도체 분야에 지원한 자금은 무려 69조 원, 여기다 20조 원대의  국영 반도체 투자펀드도 내놨습니다.이를 등에 엎고 중국의 반도체 설계회사는 1년여 만에 2배 가까이로 늘어났습니다.오는 2020년까지 중국에서 새로 가동할 반도체 기지만 26곳, 전세계의 42%에 이릅니다.<녹취> 황유선(코트라 상하이무역관)  : ""(중국은) 향후 10년간 약 170조원의 정부자금을 투자해서 자급률이 20% 미만인 반도체산업을 2025년까지 70%로 끌어올릴 (방침입니다).""이를 위한 기술인력 빼가기도  공공연합니다.한국 우수 인력의 경우, '연봉의 9배와 5년 고용보장', 이른바 '1-9-5 대우'를 제시하는 것으로 알려져 있습니다.중국은 세계 반도체 생산량의  절반 이상을 쓰는 최대 소비국이기도 합니다.이런 내수기반과 자본을 무기로 미래 IT산업의 주도권을 쥐겠다는  중국의 '반도체 대국' 야심이 글로벌 산업지형을 뒤흔들고 있습니다.상하이에서 KBS 뉴스 김태욱입니다.김태욱기자 ( twkim@kbs.co.kr)"
38,2016-12-23,118명 탄 리비아여객기 납치돼 몰타 비상착륙…승객 일부..,https://news.naver.com/main/read.nhn?mode=LSD&mid=shm&sid1=104&oid=001&aid=0008912016,연합뉴스,"납치범 2명 수류탄으로 폭발 위협…""승무원만 억류 상태""납치 목적·배후 세력은 아직 확인 안 돼(카이로=연합뉴스) 한상용 특파원 = 승객 111명과 승무원 7명 등 모두 118명이 탄 리비아 여객기가 23일(현지시간) 오전 공중 납치돼 지중해 섬나라 몰타의 국제공항에 비상착륙했다.몰타 공항당국은 이날 오전 11시32분(한국시각 오후 7시32분) 리비아 아프리키야 항공 에어버스 A320 여객기가 긴급 착륙했으며 비상대기팀과 협상팀이 현장에 급파됐다고 밝혔다.납치범 2명은 수류탄으로 비행기를 폭파하겠다고 위협하면서 출동한 몰타 군인과 대치하다가 여성과 어린이 승객을 풀어줬다.납치범들은 동시에 유엔 중재로 몰타 대응팀과 협상을 진행하고 있다고 AP통신이 전했다.몰타 현지 언론에서는 승객 전원이 여객기에서 풀려났으나 승무원 7명만 억류 상태에 있다는 보도도 나오고 있다.이 여객기는 이날 오전 리비아 남부 사브하를 출발해 수도 트리폴리로 향하던 중 공중 납치됐다.조셉 무스카트 몰타 총리는 ""남성 82명과 여성 28명이 해당 비행기에 타고 있었으며 승객 가운데 유아도 1명 있다""고 밝혔다.몰타국제공항에 도착할 예정이던 다른 항공편은 모두 다른 공항으로 향했으며 이륙도 취소됐다.납치 이유와 배후 세력의 정체는 아직 밝혀지지 않았다.리비아는 2011년 '아랍의 봄' 여파로 무아마르 카다피 전 국가원수가 이끄는 정권이 붕괴한 후 반군의 난립 속에 정국 혼란이 지금도 이어지고 있다.납치된 리비아 여객기[AP=연합뉴스자료사진]gogo213@yna.co.kr"
39,2016-12-23,118명 탄 리비아여객기 납치돼 몰타 비상착륙…승객 일부 풀려나..,https://news.naver.com/main/read.nhn?mode=LSD&mid=shm&sid1=104&oid=001&aid=0008912016,연합뉴스,"납치범 2명 수류탄으로 폭발 위협…""승무원만 억류 상태""납치 목적·배후 세력은 아직 확인 안 돼(카이로=연합뉴스) 한상용 특파원 = 승객 111명과 승무원 7명 등 모두 118명이 탄 리비아 여객기가 23일(현지시간) 오전 공중 납치돼 지중해 섬나라 몰타의 국제공항에 비상착륙했다.몰타 공항당국은 이날 오전 11시32분(한국시각 오후 7시32분) 리비아 아프리키야 항공 에어버스 A320 여객기가 긴급 착륙했으며 비상대기팀과 협상팀이 현장에 급파됐다고 밝혔다.납치범 2명은 수류탄으로 비행기를 폭파하겠다고 위협하면서 출동한 몰타 군인과 대치하다가 여성과 어린이 승객을 풀어줬다.납치범들은 동시에 유엔 중재로 몰타 대응팀과 협상을 진행하고 있다고 AP통신이 전했다.몰타 현지 언론에서는 승객 전원이 여객기에서 풀려났으나 승무원 7명만 억류 상태에 있다는 보도도 나오고 있다.이 여객기는 이날 오전 리비아 남부 사브하를 출발해 수도 트리폴리로 향하던 중 공중 납치됐다.조셉 무스카트 몰타 총리는 ""남성 82명과 여성 28명이 해당 비행기에 타고 있었으며 승객 가운데 유아도 1명 있다""고 밝혔다.몰타국제공항에 도착할 예정이던 다른 항공편은 모두 다른 공항으로 향했으며 이륙도 취소됐다.납치 이유와 배후 세력의 정체는 아직 밝혀지지 않았다.리비아는 2011년 '아랍의 봄' 여파로 무아마르 카다피 전 국가원수가 이끄는 정권이 붕괴한 후 반군의 난립 속에 정국 혼란이 지금도 이어지고 있다.납치된 리비아 여객기[AP=연합뉴스자료사진]gogo213@yna.co.kr"
40,2016-12-23,"황교안, 임대아파트 방문서 '황제 의전'··· 주민에 ""차 빼라""..",https://news.naver.com/main/read.nhn?mode=LSD&mid=shm&sid1=100&oid=032&aid=0002752487,경향신문,"서울  동작구 한 아파트에서 23일 관리사무소 직원이 “총리가 온다”며 주민들에게 주차된 차량을 빼달라는 전화를 하고 있다. 시민 제공황교안 대통령 권한대행의 방문을 위해 한 아파트에서 주차된 차량을 빼달라고 한 의혹이 제기돼 논란이 일고 있다.황 권한대행은 23일 오후 2시 연말연시 민생현장 점검 차 서울 동작구 대방동의 한 임대아파트를 방문했다.앞서 아파트 관리사무소 직원들이 오전 9시쯤부터 가가호호 전화를 걸어 “총리가 온다”며 주차된 차량을 옮겨달라고 요구했다.이 과정에서 한 주민이 “남편이 차량 키를 갖고 출근했다”며 거부했다. 그런데 관리사무소 측은 경찰에 불법주차라며 신고를 했다. 이 주민이 거주하는 동 건물 앞에 주차하지 않았다는 주장이었다. 실제로 경찰관 2명이 곧바로 출동했다. 결국 이 주민은 어쩔 수없이 차량을 옮겼다.한 주민은 “10년 넘게 살았는데 단 한번도 이런 일이 없었다. 이사를 해도 전날 미리 공지를 해주는데 아침부터 무슨 짓이냐”며 “기가 막힌다”고 말했다.경찰 관계자는 “신고가 접수돼 직원이 출동한 것”이라며 “차량에 불법 스티커도 붙어 있고 연락을 해도 ‘안 뺀다’고 해 방문해 조치를 해달라고 해서 찾아간 것”이라고 해명했다.아파트 관리사무소 측은 “오래 전부터 아파트 내 주차 문제로 인해 불법 주차 단속을 해왔다”며 “황교안 대통령 권한대행이 방문하면 기자단, 수행원 등도 올 것으로 예상돼 공간 확보를 위해 이동 주차를 해달라고 양해를 구한 것일 뿐”이라고 밝혔다.이에 대해 총리실 관계자는 “관리사무소 측에서 자체적으로 신경을 쓴 것 같은데 이런 논란이 벌어져 저희도 아주 곤혹스럽다”고 밝혔다. 이 관계자는 “(대통령 권한대행이 된 이후) 경호가 격상된 것은 맞지만 그것은 공식행사에 적용되는 것이고 오늘은 약식방문으로 격상된 경호가 적용되지 않았다”며 “최근 모든 의전은 최소화해서 진행하고 있고 오늘도 그렇게 진행했다”고 밝혔다.<김원진·노도현 기자 onejin@kyunghyang.com>▶ 경향신문 SNS[트위터][페이스북]▶[인기 무료만화 보기]©경향신문(www.khan.co.kr), 무단전재 및 재배포 금지"
41,2016-12-23,내일 서울 영하 6도…성탄 전야 '꽁꽁',https://news.naver.com/main/read.nhn?mode=LSD&mid=shm&sid1=103&oid=056&aid=0010399553,KBS,"<앵커 멘트>오늘(23일)도 전국이 흐린 가운데  눈이 내린 곳이 많았는데요.지금은 충청과 남부 일부 지역에 눈이 약하게 내리고 있습니다.내일(24일)은 전국이 맑겠지만, 추위가 이어지고, 성탄절인 일요일 낮부터 누그러지겠습니다.명동 성당에 중계차 나가 있습니다.오수진 기상캐스터!  기온이 많이 내려갔습니까?<리포트>기온도 낮은데다 바람까지 강해서 얼굴이 얼얼하고 몸이 얼어붙는 느낌인데요.현재 서울의 기온은 영하 4도, 체감온도는 영하 7.8도를 가리키고 있습니다.제가 나와 있는 곳은 명동 성당입니다.다가오는 성탄절을 맞아  성당 안으로는 아기 예수 구유가 재현되어 있고요.성당 밖으로도  연말 분위기의 조형물들이, 금요일 밤을 즐기는 관광객들을  환영하고 있는 듯 합니다.서울의 경우  오늘(23일) 낮 기온이 영하 1.2도로 종일 영하권이었고 그 밖의 지역도 찬바람 때문에  영하의 추위를 체감할 수 있었는데요.내일(24일) 아침에는 서울 기온이 영하 6도로  오늘(23일) 아침보다 7도 정도 낮겠습니다.추위는 성탄절 낮부터  누그러질 전망입니다.오늘(23일) 전국적으로 내린 눈은 점차 그쳐가고 있고, 충청과 남부 지방의 눈도 밤사이 대부분 그치겠습니다.내일(24일) 주말과 일요일(25일) 성탄절에는 대체로 맑겠습니다.다만, 추위에 지금까지 내려 쌓인 눈이 얼어붙을 가능성이 높습니다.운전자와 보행자 모두  조심해서 이동하셔야겠습니다.지금까지 날씨 전해드렸습니다.KBS▶ [저작권자ⓒ KBS 무단복제-재배포 금지]"
42,2016-12-23, '타짜' 고용해 수억대 사기도박 일당 검거,https://news.naver.com/main/read.nhn?mode=LSD&mid=shm&sid1=102&oid=057&aid=0001064727,MBN,"【 앵커멘트 】서울 강남 한복판에서 사기도박판을 벌이며 금품을 가로챈 일당이 경찰에 붙잡혔습니다.이들은 딜러와 가짜 도박 참여자까지 고용해 사기행각을 벌였습니다.박수진 기자의 단독 보도입니다.【 기자 】카드를 나눠주는 딜러의 손이 쉴 틈이 없습니다.(현장음)페어 나왔어요. 베팅하세요, 베팅. 더 가실 분?지난 10월 서울 강남의 한 오피스텔에서 벌어진 사기도박판입니다.박 모 씨 등은 지인인 김 모 씨를 이 사기도박판으로 끌어들였습니다.김 씨는 평범한 도박장인 줄 알았지만, 딜러와 다른 도박 참가자들은 김 씨의 돈을 뜯으려고 미리 섭외된 사람들이었습니다.▶ 스탠딩 : 박수진 / 기자- ""이들이 김 씨를 속이기 위해 빌린 오피스텔에서 약을 탄 커피를 줬다는 의혹도 포착됐습니다.""▶ 인터뷰 : 피해자- ""(커피를 마셨더니) 가라앉죠. 그리고 돈에 대한 감각이 없고…. 다른 사람들은 캔커피를 마셔요. 그런데 저한테는 종이컵….""김 씨가 이들에게 속아 빼앗긴 돈은 3억 원이나 됐습니다.▶ 인터뷰(☎) : 경찰 관계자- ""탄이라고 하는데 미리 숫자를 맞춰놓은 거예요. 그림을…. (한 타임 끝나면) 5분 정도 쉬잖아요. 그때 탄을 넣었다고 하더라고요. 딜러가….""성공할 뻔하던 이 사기도박판은 사기를 의심한 김 씨가 몰래카메라를 찍은 뒤 경찰에 제보하며 들통났습니다.서울 수서경찰서는 박 씨 등 11명을 사기 등의 혐의로 검찰에 송치했습니다.MBN뉴스 박수진입니다. [ parkssu@mk.co.kr ]영상취재 : 유용규 기자영상편집 : 박기덕< Copyright ⓒ MBN(www.mbn.co.kr) 무단전재 및 재배포 금지 >"
43,2016-12-23,"자선냄비 종 울리다 울 뻔했다…힘들어서, 감동스러워서",https://news.naver.com/main/read.nhn?mode=LSD&mid=shm&sid1=102&oid=032&aid=0002752565,경향신문,"ㆍ명동 구세군 12시간 체험기“어려운 사람들을 도웁시다”구세군 자선냄비 자원봉사 1일체험에 나선 홍재원 기자가 20일 오후 서울 명동 롯데백화점 본점 정문 앞에 설치된 구세군 자선냄비 앞에서 ‘사랑의 종’을 치며 모금하고 있다. 정지윤 기자 color@kyunghyang.com서울 명동 입구에 구세군 자선냄비를 설치한 건 20일 정오였다. 삼각대를 세우고 냄비를 걸자마자 한 할머니가 말없이 두툼한 봉투를 넣고 사라졌다.“어, 저 할머니. 올해 또 오셨네. 오늘 오셨어, 오늘. 저분 누군지 모르겠어요. 매년 오시는데….” 구세군 학생사관들이 말했다. 지하상가로 내려가는 할머니를 쫓았다. 계단 중간쯤에서 그를 따라잡았다. 할머니의 옷차림은 그리 화려하지 않았다. 다리를 약간 저는 듯했다. “경향신문 기자인데요, 혹시 잠시만 얘기 좀 나누실 수 있으세요?” “아이고, 나는 그냥 팔십 노인이에요. 얘기할 게 뭐가 있겠어요.” 할머니는 기자를 뿌리치고 종종걸음으로 사라졌다. 할머니가 올해엔 또 얼마의 쌈짓돈을 넣었는지는 몰라도 그 돈은 내년에 형편이 어려운 보육시설·노인복지시설·미혼모 시설 지원 등에 요긴하게 쓰일 것이다.거리에 크리스마스캐럴이 울려 퍼지지 않은 지 오래됐다. 자선냄비의 종소리는 그래서 더 반갑다. 이 종소리는 40대인 기자가 어릴 때도, 부모 세대가 어릴 때도 있었다. 사람들은 주로 1000원 또는 1만원짜리 지폐 한 장씩을 넣는다. 명동 관광을 온 외국인들도 각국 동전이나 지폐를 넣는다. 할머니처럼 준비해온 봉투를 넣기도 한다. 이런 사람은 매년 구세군 냄비를 기다리고 있는 것처럼 보인다. 60대로 보이는 한 남성도 돈 봉투를 넣었다. “저 이거 넣으러 방화동에서 왔어요.”명동 일대에 설치되는 냄비는 4개다. 명동 거리 입구와 안쪽의 우리은행 부근, 길 건너 롯데백화점 본점 정문, 을지로입구역 롯데백화점 지하연결 통로 등이다. 8명이 교대로 4곳을 지킨다. 기자도 이날 빨간색 자원봉사 코트를 입고 휴식시간과 준비·마무리 과정을 포함한 12시간가량의 일정에 참여했다. 명동 자선냄비를 지키는 사람들은 학생사관으로 불리는 구세군사관대학원대학교(석사과정) 학생들이다.김기석 사관(오른쪽) 등 구세군 관계자들이 20일 명동 지역에서 수거된 자선냄비를 서울 충정로 구세군빌딩 사무실에서 개봉하고 있다.냄비 앞에서 종을 치면 사람들이 다가온다. 대략 5분이나 10분마다 한 명꼴이다. 몇몇은 길을 묻는 이들이지만 대부분 지폐 한 장씩을 집어넣는다. 뭐라고 말할까 망설이다, “감사합니다, 복 받으세요”라고 인사하기로 했다. 연인으로 보이는 커플 중 남성이 돈을 넣은 뒤 여성에게 돌아가면서 “나 복 받으래” 하고 웃었다. 유치원생인 듯한 어린이 8명이 1000원씩 들고 줄을 서기도 했다. 칭찬을 받은 아이들이 좋아했다. 어른들은 사진을 찍었다. 학생사관인 양보미씨(30)는 “엄마랑 아빠가 아이들에게 ‘저기에 돈을 넣으면 어려운 사람을 도와주는 거야. 자, 넣어봐’라고 할 때 가장 뿌듯하다”고 말했다.롯데백화점이 구세군 측에 점심·저녁 식사와 교대 후 휴식처인 차량 주차공간 등을 무료로 제공한다. 이날 백화점 구내식당의 점심 메뉴는 닭곰탕과 잡채덮밥, 저녁은 고등어구이·순두부찌개였다. 구세군 사람들은 머슴처럼 먹었다. 12월이 되면 1~19일은 정오부터 오후 8시까지, 20~23일은 오후 10시까지, 마지막날인 24일은 자정까지 냄비 옆에 서서 종을 울린다. 체력 소모가 상당해 제때 먹고 쉬는 게 가장 중요하다.명동 지역 자선냄비 중 하나는 올해 지하철역 내부에서 쫓겨났다. 을지로입구역 측이 자선냄비 설치를 불허했기 때문이다. 그래서 을지로입구역과 연결된 롯데백화점 지하 입구 앞으로 후퇴했다. 30여m 물러났을 뿐인데 모금액은 3분의 1 토막이 났다고 한다. 그나마 롯데백화점이 설치를 허용해 냄비를 유지할 수 있었다.을지로입구역 관계자는 “역사 내부에 공사가 있고 촛불집회 등으로 혼잡해진 데다 자선냄비가 에스컬레이터 바로 앞에 설치돼 통행에 방해가 되고 안전사고 우려까지 있다고 판단했다”며 “내년부터는 다시 지하철역 내부 모금을 허용하겠다”고 밝혔다.이날 모금이 끝난 냄비들은 현장에서 봉인돼 오후 10시30분쯤 서울 충정로의 구세군빌딩에서 개봉됐다. 동전을 가득 넣은 주머니나 수십장의 헌혈증서 다발 등도 나왔다. 여기에서 정리된 돈은 다음날 우체국에 입금된다. 통상 한 해 70억원가량의 기부금이 모이지만, 구세군 측은 불황 탓에 올해 모금 실적이 상대적으로 저조해 걱정하고 있었다.구세군 사람들이 얻는 금전적 이익은 없다. 기독교의 한 종파인 구세군은 목사를 사관(장교)이라 부르고 부부가 함께 사관으로 활동하는 특징이 있다. 사관이 돼도 월급은 부부 합계 170만원 정도에 불과하다. 내년 2월 졸업해 ‘임관’하는 학생사관 안진영씨(36)는 “구세군 사관들의 살림은 늘 빠듯하다”면서도 “어려운 사람들을 돕는다는 보람 하나로 만족한다”고 말했다.남루한 차림의 한 할머니는 12월이면 매일 명동입구 냄비에 구겨진 지폐를 넣는다. 1000원씩, 2000원씩 넣는다. 이날 그가 안씨에게 물었다. “오늘까지 해서 다섯번(닷새) 남았지? 내년에도 올 거지?” 안씨가 크게 답했다. “네, 할머니! 우린 언제나 여기에 있어요!”<홍재원 기자 jwhong@kyunghyang.com>▶ 경향신문 SNS[트위터][페이스북]▶[인기 무료만화 보기]©경향신문(www.khan.co.kr), 무단전재 및 재배포 금지"
44,2016-12-23,118명 탄 리비아 여객기 공중납치…몰타에 비상 착륙,https://news.naver.com/main/read.nhn?mode=LSD&mid=shm&sid1=104&oid=001&aid=0008912001,연합뉴스,납치범 2명 수류탄으로 폭발 위협(테헤란=연합뉴스) 강훈상 특파원 = 승객 111명과 승무원 7명 등 모두 118명이 탄 리비아 여객기가 23일(현지시간) 오전 공중 납치돼 지중해 상 몰타국제공항에 비상착륙했다.몰타 공항당국은 이날 오전 11시32분(한국시각 오후 7시32분) 리비아 아프리키야 항공 A320 여객기가 착륙했으며 비상대기팀과 협상팀이 현장으로 급파됐다고 밝혔다.납치범 2명은 수류탄으로 비행기를 폭파하겠다고 위협하면서 대치 중이다.이 여객기는 이날 오전 리비아 남부 사브하를 출발해 수도 트리폴리로 향하던 중 공중 납치됐다. 납치 이유는 배후는 아직 밝혀지지 않았다.승객 가운데는 유아 1명도 포함됐다.몰타국제공항에 도착할 예정이던 다른 항공편은 모두 다른 공항으로 향했으며 이륙도 취소됐다.납치된 리비아 여객기[AP=연합뉴스자료사진]hskang@yna.co.kr
45,2016-12-23,개헌 논의 급물살…정치권 연대 '활기',https://news.naver.com/main/read.nhn?mode=LSD&mid=shm&sid1=100&oid=056&aid=0010399536,KBS,"<앵커 멘트>새누리당 비박계의 탈당 선언으로 여권 발 정계 개편이 가시화된 가운데 정치권의 개헌 논의도 탄력을 받고 있습니다.이른바 '제 3지대' 세력의 개헌을 고리로 한 연대 움직임이 점차 활발해지고 있습니다.김기흥 기자의 보도입니다.<리포트>국민의당이 개헌 당론을 채택한 오늘(23일) 개헌 모임도 잇따랐습니다.여당 개헌 모임엔 계파 구분 없이 의원들이 참석해 87년 개헌 경험을 공유했고,<녹취> 김덕룡(전 민족화해협력범국민협의회 상임의장) :  ""(개헌 발의하고) 불과 40일 만인 10월 27일 국민투표로 완결을 했습니다. 시간이 없다라고 하는 것은 저는 핑계(라고)...""정치원로들이 참여한 모임에선  권력 분산 등을 담은 개헌안 초안이 공개됐습니다.<녹취> 정세균(국회의장) : ""제왕적 대통령제의 한계와 폐해를 노출하는 한계에 직면했습니다.""정치권의  개헌 논의가 급류를 타면서 개헌을 고리로 한 정치권의 이합집산 움직임도 활발해지고 있습니다.김무성 전대표 등의 여당 비주류와 김종인 전 대표를 중심으로 한  민주당 비주류, 그리고 제3지대를 표방한 국민의당이 물밑 접촉을 시작했다는 얘기도 흘러나옵니다.개헌추진에 찬성하는 의원도  의결정족수 200명에 육박하고 있습니다.문제는 개헌의 시기와 내용입니다.개헌이 대선 전 가능하다는 주장과 대선 이후에나 가능하다는 주장이 팽팽히 맞서고 있습니다.개헌의 내용을 놓고도  의원내각제와 분권형 대통령제, 대통령 4년 중임제 등 의견이 분분합니다.이런 가운데, 국회 개헌특위가 시작되고  국정조사 등이 마무리되는  내년 1월이 개헌 추진의 분수령이 될 것이란 전망이 나옵니다.<녹취> 조유진(처음헌법연구소 소장) : ""반기문 총장의 귀국 직후 메시지, 특히 개헌에 대한 구체적인 상을 제시하고 그때 반 총장의 지지율이 높게 나타난다면 개헌 추진의 기폭제가 될 수 있습니다.""특히 개헌 추진 움직임은 대선주자들의 판도에도 영향을 미칠 수 있어 개헌 찬성파와 반대파의 대립은 더욱 격화될 것으로 보입니다.KBS 뉴스 김기흥입니다.김기흥기자 ( heung@kbs.co.kr)▶ [저작권자ⓒ KBS 무단복제-재배포 금지]"
46,2016-12-23,"태영호, '촛불집회 대한민국' 신선한 충격",https://news.naver.com/main/read.nhn?mode=LSD&mid=shm&sid1=100&oid=448&aid=0000193604,TV조선,"[앵커]첫 소식은 국회로 갑니다. 영국을 탈출한 태영호 전 북한 공사가 오늘 국회 정보위에 출석했습니다. 어떤 증언을 했는지, 취재기자 연결합니다.백대우기자, 오늘이 태 전 공사 데뷔전인 셈이네요?[기자]네, 그렇습니다. 태영호 전 주영국 북한대사관 공사는 오늘 오후 5시쯤 국회 본관 6층 정보위원회 회의실에 들어섰습니다.이 자리에서 여야 정보위원들과 간담회를 갖고 자신의 망명 경위와 김정은 체제의 실상을 전했습니다.오늘은 정보 당국의 집중 보호 기간이 끝나고 태 전 공사가 공개 활동을 시작한 첫 날인데요. 태 전 공사의 소감 직접 들어보시겠습니다.태영호""제일 먼저 방문하게 되어서 기쁘게 생각하고 신문이나 TV 통해서만 모습 보던 분들을 이렇게 직접 이렇게 공식석상에서...""반가움을 전한 태 전 공사는 취재진도 자연스레 응대했습니다.[앵커]귀순 이유와 남한 체제의 우수성도 언급했다고요?[기자]네, 그렇습니다. 태 전 공사는 김정은 체제의 폭압적 공포정치에 환멸을 느껴 귀순을 결심했다고 말했습니다.광화문 촛불집회를 두곤 권력자들을 대상으로 하고, 대규모 집회가 일어나는대도 국가 시스템이 정상적으로 돌아가 신선한 충격을 받았다고 했습니다.촛불집회를 통해 오히려 대한민국을 긍정적으로 생각하게 됐다는 겁니다. 국회 청문회에 대해서도 권력을 가진 정부를 주시하고 비판하면서 국가 발전의 동력을 삼는다고 평가했습니다.[앵커]이병호 국정원장은 대법원장 사찰 의혹을 전면 부인했다고요?[기자]네, 그렇습니다. 이병호 국정원장은 양승태 대법원장 등에 대한 사찰 의혹 문건과 관련해 불법적으로 사찰하고 있지 않다고 말했습니다. 의도적인 동향파악도 하고 있지 않다, 다만 특이한 공개 여론은 수집·보고하고 있다고 해명했습니다.지금까지 국회에서 TV조선 백대우입니다./ 백대우 기자 run4free@chosun.com* 뉴스제보 : 이메일(tvchosun@chosun.com), 카카오톡(tv조선제보), 전화(1661-0190)백대우 기자(run4free@chosun.com)- Copyrights ⓒ TV조선. 무단전재 및 재배포 금지 -"
47,2016-12-23,비주류 당명 '개혁보수신당'…27일 교섭단체 등록,https://news.naver.com/main/read.nhn?mode=LSD&mid=shm&sid1=100&oid=056&aid=0010399529,KBS,"<앵커 멘트>탈당을 선언한  새누리당 비주류는 창당 작업에 속도를 내고 있습니다.오는 27일 탈당 즉시 원내 교섭단체를 구성하고 내년 설 전까지, 모든 창당 작업을  마칠 방침입니다.장덕수 기자가 보도합니다.<리포트>새누리당 탈당파 의원들이  신당의 임시 명칭을 '개혁보수신당'으로 정했습니다.쇄신과 변화를 통해 보수의 구심점 역할을 하겠다는  의지를 담았습니다.<녹취> 정병국(가칭 ‘개혁보수신당’ 창당준비위원장) : ""조직 중심의 패권주의를 지향하는 정당을 탈피할 것입니다.""구체적인 창당 일정도  공개했습니다.오는 27일 탈당과 동시에  원내교섭단체를 구성하기로 했습니다.이어 다음날  신당의 핵심 가치가 담긴 정강 초안을 공개하고, 의견 수렴 과정을 거쳐  다음달 20일 정도까지 창당 작업을 마무리할 계획입니다.약 한 달 동안  정당의 체계를 압축적으로 완성하고, 설 명절 이후에는 본격적인 조기 대선 체제에  들어간다는 구상입니다.남경필 경기지사와  김용태 의원 등  새누리당 선도 탈당파도,  창당 작업에 동참하기로 했습니다.'개혁 보수'를 표방한 만큼  신당은 새누리당보다  진보적 색채가 짙어질 전망입니다.<녹취> 유승민(새누리당 의원) : ""경제, 교육, 복지, 노동 뭐 이런 쪽은 저희들이 새누리당보다는 훨씬 더 개혁적인 방향으로 가고 싶다…""하지만 '개헌'은  김무성과 유승민,  두 사람의 입장이 달라, 정강 포함 여부가 불투명한  상황입니다.신당 창당이 본격화되고 있는 가운데,  내년 초 귀국하는 반기문 유엔사무총장의 합류 여부가 성패의 중대 변수가 될 전망입니다.KBS 뉴스 장덕수입니다.장덕수기자 (joannes@kbs.co.kr)▶ [저작권자ⓒ KBS 무단복제-재배포 금지]"
48,2016-12-23,"""수입란 운송비 50% 지원""…양계협회 ""미봉책 불과""",https://news.naver.com/main/read.nhn?mode=LSD&mid=shm&sid1=102&oid=057&aid=0001064721,MBN,"【 앵커멘트 】AI로 계란 대란이 이어지자 정부가 계란 수입 때 부과되는 관세를 면제해 주고, 운송비도 지원하는 방안을 내놨습니다.그런데 실효성에 논란이 일 뿐 아니라, 양계 농가들도 크게 반발하고 있습니다.신동규 기자입니다.【 기자 】계란값 폭등을 막기 위해 외국산 계란을 수입하기로 한 정부가 구체적인 방안을 내놨습니다.항공을 이용한 운송비용의 절반을 지원하고, 27% 수준인 관세도 내년 6월까지 아예 없애기로 했습니다.업체들이 과자 같은 가공품을 만들 때 수입계란을 쓰면, 상대적으로 국내산 날계란 수요가 줄어 가격이 안정될 수 있다는 복안입니다.▶ 인터뷰 : 김경규 / 농림축산식품부 식품산업정책실장- ""수입에 소요되는 운송비를 지원하여 국내 계란가격이 과도하게 높아지지 않도록 유도할 계획입니다.""양계 농가들은 크게 반발하고 있습니다.기본적으로 실현 가능성이 낮은데다 세금 낭비가 될 수 있고, 특히 AI 확산세가 잡히지 않는 상황에서는 미봉책에 불과하다는 것입니다.▶ 인터뷰(☎) : 오세을 / 대한양계협회장- ""앞뒤가 안 맞는 행정을 하고 있습니다, 지금.""수입계란이 가공품 시장을 장악하면, 이후 국내 산란계 농장들의 설자리가 없어질 수 있다는 우려도 나옵니다.MBN뉴스 신동규입니다.영상취재 : 이권열 기자영상편집 : 박찬규< Copyright ⓒ MBN(www.mbn.co.kr) 무단전재 및 재배포 금지 >"
49,2016-12-23,"검찰도 못부른 대통령, 사실상 헌재가 조사한다",https://news.naver.com/main/read.nhn?mode=LSD&mid=shm&sid1=100&oid=422&aid=0000233029,연합뉴스TV,"검찰도 못부른 대통령, 사실상 헌재가 조사한다[앵커]헌법재판소가 박근혜 대통령에게 세월호 7시간 행적 등에 대한 입장을 명확히 할 것을 요구하며 사태는 새로운 국면으로 접어들었습니다.검찰 조사는 거부했지만 탄핵을 방어하기 위해서는 자료를 낼 수밖에 없게 됐습니다.이소영 기자입니다.[기자]탄핵심판의 준비절차를 맡은 헌법재판관들은 박근혜 대통령측에 소추사유에 대한 구체적인 해명을 요구했습니다.헌재는 생명권 보호 의무 위반 여부를 판단하기 위해 소위 '세월호 7시간'의 행적을 시간대별로 밝힐 것을 촉구한 데 이어, 최순실 씨에게 의견을 들었다고 시인한 '일부 자료'가 무엇이며, 언제까지, 어떤 도움을 받았는지 명확히하라고 요구했습니다.갖은 의혹이 제기됐지만 대통령이 검찰조사를 거부하며 확인되지 못했던 부분이 헌재에 의해 수면 위로 떠오르게 된 것입니다.자료제출 요구에 강제성은 없지만, 관련 내용은 헌재가 제안한 탄핵소추사유 중 한 가지 유형으로 분류된만큼 탄핵 방어를 위해서라도 이번 요구는 거부하기 힘들어 보입니다.헌재는 다음 기일 해당 자료 제출여부를 확인할 방침으로, 자료 미제출시 대응방안에 대해서도 고심하고 있습니다.헌재의 이번 요구로 인해 특검 수사도 새로운 국면을 맞게 됐습니다.헌재는 공판 전 자료공개를 금지했지만 소추위원이 대통령측 자료를 받아 참고자료 형식으로 특검에 보낼 수 있는만큼 수사의 결정적 단서가 될 전망입니다.특검 관계자도 헌재의 결정에 환영의 뜻을 밝히며 진행상황을 주시하겠다는 입장입니다.사실상 대통령 조사에 나선 헌재.검찰에서 실패한 작업이 이번에는 이뤄질 수 있을지 관심이 쏠립니다.연합뉴스TV 이소영입니다.연합뉴스TV : 02-398-4441(제보) 4409(기사문의), 카톡/라인 jebo23(끝)▶ 대한민국 뉴스의 시작, 연합뉴스TV 앱 다운받기"
50,2016-12-23,"국제유가 급등에 국내 기름값 '요동', 상승 언제까지?",https://news.naver.com/main/read.nhn?mode=LSD&mid=shm&sid1=101&oid=214&aid=0000714779,MBC,"[뉴스데스크]◀ 앵커 ▶석유수출국기구의 감산 합의 여파로 껑충껑충 뛰는 기름값도 걱정입니다.두 달 전만 하더라도 휘발유 가격이 이랬죠.주유소 3곳 중 2곳은 1리터에 1,300원대에 머물렀는데요.서울에선 이런 가격대가 자취를 감추더니 전국 평균 가격이 1,500원대를 향해 치솟고 있습니다.기름값 상승세가 얼마나 지속될지, 이상민 기자가 전해드립니다.◀ 리포트 ▶서울 강서구의 한 주유소.1년 이상 1,300원대를 유지하던 휘발유 1리터 가격을 이번 주 들어 1,400원대로 올렸습니다.[서강석/주유소 사장]""정유사 공급가가 최근 한 달간 100원 이상 인상이 됐거든요. 저희 입장에서도 마진이 줄어드니까….""석유 수출국들의 감산 합의로 국제 유가가 오르면서, 국내 주유소 기름값은 최근 일주일 사이 매일 올해 최고치를 갈아치우고 있습니다.오늘을 기준으로 전국의 평균 휘발유 가격은 1,468원.가장 값이 쌌던 지난 3월에 비해 129원이 올라, 40리터를 주유한다고 하면 그때보다 5천 원 이상을 더 내야 합니다.두 달 전만 해도 전국 주유소 64%의 휘발유 가격이 1,300원대였지만, 지금은 비율이 5%로 급감했습니다.서울 시내 중심가에는 휘발유 1리터 가격이 2,100원에 육박하는 주유소가 속속 등장하고 있고, 서울 평균 가격은 1,600원에 근접했습니다.[송재경]""기름값이 생각지 못하게 많이 올라가는 것 같습니다. 요즘. 그래서 앞으로 이렇게 계속 올라갈까 봐 걱정이 되네요.""하지만, 이런 추세가 계속되지는 않을 것이라는 전망도 있습니다.국제 유가가 60달러를 넘으면 가격 경쟁력이 생긴 미국의 셰일가스가 생산되기 때문에 국제 유가와 국내 유가 모두 어느 정도 선에서 안정될 것이란 전망입니다.MBC뉴스 이상민입니다.이상민기자 (mini4173@mbc.co.kr )[저작권자(c) MBC (www.imnews.com) 무단복제-재배포 금지]Copyright(c) Since 1996,MBC&iMBCAll rights reserved."
51,2016-12-23,"인명진, 탈당파에 잔류 요청…""분당 이유 국민 납득 어려워""",https://news.naver.com/main/read.nhn?mode=LSD&mid=shm&sid1=100&oid=001&aid=0008911683,연합뉴스,"""원내대표 경선 패배·비대위원장 인선, 보수정당 분열 원인 못돼""""촛불민심 가장 중요한 화두는 개헌…꼭 추진해야""친박 핵심들에 ""적당한 책임 수준 스스로 판단해 지혜롭게 처신 기대""(서울=연합뉴스) 이승우 배영경 기자 = 새누리당 인명진 비상대책위원장 내정자는 23일 집단 탈당을 예고한 비박(비박근혜)계에 대해 ""나뉘면 안 된다. 같이해야 한다""며 잔류를 요청했다.인 내정자는 여의도 당사에서 기자간담회를 열어 ""탈당의 직접적 계기가 된 것은 '원내대표 선거에 졌다. 비대위원장에 이 사람(유승민 의원을 지칭)을 안 받았다'는 것들 아니냐""며 이같이 밝혔다.이어 ""그게 분당의 이유가 되느냐. 그런 건 보수정당을 분열하는 원인이 되지 못한다""면서 ""그 일 때문에 분열됐다고 하면, 모든 국민이 납득하기 어려울 것""이라고 강조했다.또 ""새누리당의 누구든 간에 정도의 차이는 있지만, 책임이 있다""며 비박계에도 책임이 있다는 인식을 드러냈다.인 내정자는 비박계 탈당파를 만날 것이냐는 질문에 ""필요하다면 왜 못 만나느냐""면서 ""나가려는 분이나 여기 남은 분이나 오랫동안 당을 같이 해왔고 이념, 정책에서 특별한 차이가 있지 않다. 뭐하러 나뉘어 딴살림하느냐""고 답했다.인 내정자는 친박(친박근혜)계 핵심들의 2선 후퇴론과 관련해 ""본인들도 어떤 응분의 책임을 져야 할지 안다고 생각한다""면서 ""본인들이 우리 새누리당을 위해, 나라를 위해, 우리나라를 위해 어떻게 책임지는 게 적당한 책임인지를 스스로 판단해서 지혜롭게 처신하리라 기대한다""고 말했다.아울러 ""그분들이 저보다 당 생활을 오래 했던 분들이니 본인 스스로 얼마만큼 책임지는 게 옳은지 잘 알리라""면서 ""본인 판단에 맡겨야 한다""고 덧붙였다.다만 인 내정자는 최근 국회 최순실 국정농단 국정조사특위에서 '위증 교사' 논란에 휘말린 이완영 의원에 대해서는 ""오늘 원내대표에게도 말했지만, 이완영 의원은 더는 특조위원으로 활동하기 부적합하다""면서 ""윤리위에 회부해 응분의 책임을 저야 한다""고 말했다.인 내정자는 당 윤리위원회의 박근혜 대통령의 출당 심사에 대해서는 ""내가 얘기하기 적절치 않은 듯하다""며 즉답을 피했다.이어 ""한나라당 때 나도 윤리위원장을 했지만, 윤리위가 독립적인 기구""라며 ""그래서 당 대표도 이래라 저래라 할 수 없는 독립성을 유지해야 윤리위 기능을 발휘할 수 있다""고 설명했다.또 ""출당은 구체적 해당 행위가 있어야 하고, 그걸 기소해야 하는 것이다.  윤리위에서 출당을 결정하면 의원총회를 해서 3분의 2가 찬성해야 하고, 최고위원회가 승인해야 한다""면서 ""그것을 염두에 둘 때 실현성과 현실성이 있는지 생각하면서 이 이야기를 해야 하는 게 옳다""고 말했다.그는 이른바 '전권'의 범위에 대해서는 ""당에서 주는 대로 받겠다""고 말했다. 그러면서 ""당의 여러 가지 형편이나 사람과의 관계 등 복잡한 것들에 얽매이지 않고 국민만 바라보고 눈높이를 맞추도록 당을 쇄신하려고 한다""고 말했다.비대위원장을 맡기로 결심한 시기에 대해선 ""아까 오후 3시경까지 고민했다""고 말했다.인 내정자는 개헌 문제와 관련해 ""5년 전부터 개헌은 꼭 해야 한다고 했던 개헌론자""라며 ""개헌은 꼭 추진해야 한다. 최근 촛불민심의 가장 중요한 화두가 개헌""이라고 강조했다.그는 헌법재판소의 박 대통령 탄핵소추안 심리에 대해서는 ""헌재 판단은 독립적으로 맡겨야 한다""면서 ""누가 이래라 저래라 할 수 없고 압력을 넣어선 안 된다. 당연히 그건 헌재가 독자적으로 판단해야 한다""고 말했다.한편 인 내정자는 '새누리당에 미래가 있느냐'는 질문에 ""택시 타고 오는데, 새누리당 당사 간다고 했더니 기사가 '망한 당에 왜 가느냐'고 해서 '조문하러 간다""고 얘기했다""고 전했다.이어 ""보수 정당도 어떤 때는 국민 사랑을 받다가, 때론 잘못해서 국민에 매를 맞고 지탄받기도 한다""면서 ""정당 역사가 그런 것 아니냐. 새누리당은 지금 매를 맞는 때""라고 덧붙였다.leslie@yna.co.kr"
52,2016-12-23,"논문심사 '뒷돈 관행', 청탁금지법 힘쓸까?",https://news.naver.com/main/read.nhn?mode=LSD&mid=shm&sid1=102&oid=214&aid=0000714788,MBC,"[뉴스데스크]◀ 앵커 ▶청탁금지법이 우리 사회 곳곳을 바꾸고 있는데, 구조적으로 접대 관행이 여전한 분야가 있습니다.석박사 논문심사가 그중 하나인데요.표면적으로는 논문심사 교수들에 대한 접대가 줄어들고는 있지만, '뒷돈 관행'이 암암리에 계속될 것이란 예상도 있습니다.박준규 기자가 집중취재했습니다.◀ 리포트 ▶2년 전, 서울의 한 유명 사립대에서 박사학위를 취득한 이 모 씨는 논문심사가 시작되자마자 지도교수에게서 전화를 받았습니다.[박사학위 취득자]""(논문심사) 교수님들과 식사를 해야 하기 때문에 식사비를 돈으로 가져오라고… 1백만 원을 현찰로 봉투에 넣어서 갖다줬죠.""정식 논문심사비 말고도 '식사비'와 '수고비' 같은 명목으로 모두 4백만 원의 추가 비용이 들었다고 합니다.지난 9월 청탁금지법이 시행되면서 국민권익위원회는 '논문심사를 받는 학생이 교수에게 식비와 여비 등을 주는 행위는 허용되지 않는다'고 못박았습니다.일단 변화는 감지되고 있습니다.이 법률이 캔커피 하나조차 용납하지 않기 때문에, 대학원생이 교수를 대접하기 위해 준비했던 논문심사용 '고급 도시락'도 자취를 감췄습니다.['고급 수제도시락' 업체]""김영란법 이후에 (논문심사용 도시락) 문의도 예전보다는 많이 줄었고…. 예전에 10건이었다면 요즘엔 1건 정도?""표면적으로는 긍정적인 변화가 눈에 띄지만, 한편에선 신고자가 쉽게 노출되는 대학원의 구조상 뒷돈 관행이 암암리에 이어질 것이라는 우려가 많습니다.예를 들면 외부 심사위원 초빙 비용입니다.박사논문은 공정성을 위해 심사위원 5명 중 외부 교수가 반드시 1명 이상 참여해야 하는데, 대학원생들은 이 외부교수의 교통비와 숙박비를 계속 부담할 수밖에 없습니다.청탁금지법 위반이지만, 심사하는 교수를 법 위반자로 신고할 경우 결국 논문통과가 어려워질 거란 우려 때문입니다.[00 대학교 대학원생]""교수들이 그걸 (내지 말라고) 얘기하지 않는 이상 저희가 계속 떠안을 수밖에 없는 문제라고 생각합니다.""그래서 숭실대는 아예 이번 학기부터 이런 비공식 비용까지 포함해 논문심사비를 기존 50만 원에서 최대 110만 원으로 올리는 방법을 내놨습니다.충남대도 비슷한 방식을 두고 대학원생들과 협의 중입니다.그러나 이 역시 음성적으로 내던 심사비가 양성화되는 것뿐이어서 근본적인 대안이 필요합니다.MBC뉴스 박준규입니다.박준규기자 (jpark@mbc.co.kr )[저작권자(c) MBC (www.imnews.com) 무단복제-재배포 금지]Copyright(c) Since 1996,MBC&iMBCAll rights reserved."
53,2016-12-23,"국편위원장, 거의 매달 집필진 회의…집필 지휘했나",https://news.naver.com/main/read.nhn?mode=LSD&mid=shm&sid1=102&oid=437&aid=0000142150,JTBC,"[앵커]지난달 공개된 국정 역사교과서 현장 검토본에 대한 의견수렴이 오늘(23일)밤 12시에 마감됩니다. 지난 16일 기준으로 모두 2117건이 접수됐는데, 반영된 의견은 20건에 불과하고, 검토사항이 415건, 나머지는 모두 참고만 하겠다고 합니다. 교육부는 오늘까지 접수된 의견을 바탕으로 다음주 수요일쯤 현장에 어떻게 적용할지, 결론을 발표합니다. 이런 가운데, 국사편찬위원회 위원장 등이 교과서 집필진들을 모아놓고 수십차례 회의를 한 사실이 드러났습니다. 사실상 입맛에 맞는 내용을 주입한 것 아니냐는 지적이 나오는데요.먼저 윤정식 기자의 단독 보도를 보시고, 관련 보도를 이어가겠습니다.[기자]국정 역사교과서 집필진들이 지난달까지 1년 동안 개최한 회의 목록입니다.집필진 회의지만 참석자 명단에 김정배 국사편찬위원회 위원장 이름이 보입니다.집필진 3명이 지난 1월 19일부터 28일까지 8일 동안 합숙한 자리에 김 위원장이 함께한 겁니다.이날만이 아닙니다.김 위원장은 집필이 한창이던 2월 18일, 초고가 막 나온 5월 19일, 개고본이 나온 후인 8월 17일과 9월 19일 등 1년에 10번, 거의 매달 집필진 회의에 참석했습니다.사실상 집필을 지휘했다는 의심이 나오는 대목입니다.김 위원장만이 아닙니다.국사편찬위원회 2인자인 진재관 편사부장은 11번, 박덕호 편수실장은 41번 회의에 참석했습니다.이들이 회의에 참석할 때마다 실무자들도 함께 갔습니다.집필 후반기에는 일부 교육부 인사들도 이 회의에 참석한 것으로 확인됐습니다.이에 대해 교육부는 단순히 집필에 도움을 주는 차원이었다고 말합니다.[교육부 관계자 : 집필진만 혼자 (교과서 작업을) 하는 게 아니고 국사편찬위원회 직원들의 도움을 받을 필요가 있어요. 사진이나 도표 같은 거는 도움을 받아요.]하지만 과거 검정교과서는 물론이고 국정교과서 체제일 때도 위원장 등 국편 고위진이 이처럼 수십차례 회의를 주재한 경우는 없었습니다.국편이 집필진을 일일히 통제하며 현정부의 역사관을 교과서에 반영하려 한 것 아니냐는 의혹이 나오고 있습니다.윤정식▶ JTBC 뉴스 공식 SNS[트위터][페이스북][유튜브]Copyright by JTBC(http://jtbc.joins.com)and JTBC Content Hub Co., Ltd. All Rights Reserved. 무단 전재 및 재배포 금지"
54,2016-12-23,"이승철, 청와대에 '국감 대응문건' 보내…특검, 박근혜 대통령..",https://news.naver.com/main/read.nhn?mode=LSD&mid=shm&sid1=100&oid=057&aid=0001064711,MBN,"【 앵커멘트 】미르와 K스포츠 재단을 설립하는 데 핵심 역할을 한 혐의로 검찰 조사를 받았던 이승철 전국경제인연합회 부회장이 지난 9월 국정감사를 앞두고 '국감 대응문건'을 만들어 청와대에 건넸던 것으로 드러났습니다.그 '대응문건'을 MBN이 단독 입수했는데요.특검은 그 문건에 대통령이 관여했는지도 조사할 예정입니다.한민용 기자의 보도입니다.【 기자 】전국경제인연합회 이승철 부회장이지난 9월 열린 국정감사를 앞두고 만든 '대응문건'입니다.모두 두 장으로, 미르와 K스포츠 재단을 둘러싼 각종 의혹에 대해 어떻게 대답해야 하는지 자필로 쓰여 있습니다.""외부 개입은 없었고, 통상적인 설립 절차에 따라 재단을 설립했다""며 청와대 개입 의혹을 일축하고, 향후 법적으로 문제가 될 대가성 관련해서도 대응책을 빼놓지 않았습니다.""기업들은 크고 작은 문제가 언제나 있다""며 ""대가성으로 보면 안 된다""는 논리를 내세운 겁니다.당시 의혹을 제기한 언론 보도들을 '억지성·부실 취재'라고 공격하겠다는 전략도 담겨 있습니다.청와대 연풍문에서 안종범 전 수석을 만나 해당 문건을 건네준 이승철 부회장.안 전 수석 역시 검찰 조사에서 ""이 부회장이 대통령을 보호하기 위해 이렇게 정리해야 한다며 대응문건을 건네줬다""고 털어놨습니다.국감을 앞두고 전경련과 청와대가 입맞추기 한 정황이 포착된 겁니다.실제 이 부회장과 안 전 수석은 국감에서 대응문건대로 답했습니다.▶ 인터뷰 : 이승철 / 전경련 부회장(지난 9월)- ""저희가 갹출한 것이 아니고요. 기업들에게 참여를 독려해서 기업들이 재단에 냈기 때문에….""특별검사팀 역시 이승철 부회장이 만든 '국감 대응문건'을 이미 확보했습니다.▶ 스탠딩 : 한민용 / 기자- ""특검은 이 대응문건이 박 대통령에게까지 보고된 것으로 보고, 국감 위증에 대통령이 어디까지 관여했는지 들여다볼 방침인 것으로 전해졌습니다. MBN뉴스 한민용입니다.""[myhan@mbn.co.kr]영상취재: 조영민 기자영상편집: 양성훈< Copyright ⓒ MBN(www.mbn.co.kr) 무단전재 및 재배포 금지 >"
55,2016-12-23,"""우병우 장모-최순실 변호인, 같은 모임 간부""",https://news.naver.com/main/read.nhn?mode=LSD&mid=shm&sid1=100&oid=055&aid=0000488164,SBS,"<앵커>지금부터는 어제(22일) 청문회에서 드러난 사실들을 좀 더 깊이 있게 다뤄본 결과들입니다. 먼저 이 사진 보시죠. 최순실 씨 측 이경재 변호사, 그리고 새누리당 국정조사위 간사 이완영 의원이 술자리를 함께한 모습입니다. 경북 고령 향우회 자리입니다. 이번 사건에는 이렇게 고령 향우회 인맥이 적잖게 등장합니다. 그런데 저희가 취재해봤더니 우병우 전 민정수석의 장모와 이경재 변호사, 또 그리고 우 전 수석 가족회사 정강의 임원들이 단순히 동향일 뿐만이 아니라, 같은 고향 모임의 간부로 긴밀한 관계를 맺고 있는 거로 확인됐습니다.박상진 기자가 단독 보도합니다.<본문>경북 고령군 출신의 인사들로 구성된 '대가야를 사랑하는 모임' 명단입니다.60명이 넘는 회원 가운데에는 전 국회의원은 물론 대법관, 전 헌재 재판관까지 포함돼 있습니다.그런데 이 모임 고문에 기흥컨트리클럽 회장 김장자 씨가 올라와 있습니다.김 씨는 우병우 전 수석의 장모로, 최순실 씨와 밀접한 관계라는 의혹이 불거진 상태입니다.또 이 모임의 부회장은 최순실 모녀의 변호인인 이경재 변호사입니다.사무총장은 우 전 수석 처가의 가족 회사 전무이자 집사로 이 변호사와 절친한 이정국 씨입니다.김장자 씨를 고리로 이경재 변호사와 최순실 씨가 연결됐다는 의혹이 제기되는 이유입니다.이 모임을 중심으로 밀접한 친분을 쌓아온 이들이, 박근혜 대통령과 최순실 씨에 대한 방어막을 치는데 일사불란하게 움직였을 가능성도 제기됩니다.특검은 이들의 정확한 관계와 함께 우병우 전 수석이 이 모임을 이용해 대통령과 최 씨를 보호하는 과정을 전체적으로 기획하고 있는지도 조사할 방침입니다.(영상취재 : 최준식, 영상편집 : 김종우)▶ 이완영, 위증교사 논란에 발끈…""정치생명 걸겠다""▶ 입 열 때마다 거침없는 폭로…'키맨' 노승일박상진 기자(njin@sbs.co.kr)※ ⓒ SBS & SBS콘텐츠허브 : 무단복제 및 재배포 금지☞ [스페셜] 박근혜 대통령 - 최순실 게이트의 모든 것"
56,2016-12-23,호시절 끝난 은행…희망퇴직 '칼바람',https://news.naver.com/main/read.nhn?mode=LSD&mid=shm&sid1=101&oid=015&aid=0003704402,한국경제,"핀테크 확산·인터넷은행 출범에 대규모 인력 감축[ 이현일 기자  ] 2800여명이 희망퇴직을 신청한 국민은행 외에 다른 은행들도 잇따라 희망퇴직을 시행하고 있다.핀테크(금융+기술)가 발전하고 모바일·인터넷뱅킹이 확산되면서 지점 수가 줄어드는 등 인력 감축이 필요하기 때문이다. 가계대출 증가 등으로 올해 실적이 괜찮아 대규모 희망퇴직금을 감당할 여력이 생긴 것도 영향을 미치고 있다.23일 금융권에 따르면 농협은행 SC제일은행 등은 지난달부터 대규모 희망퇴직을 했거나 조만간 할 예정이다. 올초 희망퇴직제도를 없앤 기업은행 등 몇 곳을 제외한 대부분 은행에 희망퇴직 ‘칼바람’이 불고 있다.농협은행은 지난달 희망퇴직 신청을 받은 결과 작년(344명)보다 19%가량 많은 410명이 몰렸다. 10년 이상 근무한 만 40세 이상 직원이면 누구나 퇴직금 외에 20개월치 급여를 받고 퇴직하는 조건이다.SC제일은행은 지난달 희망퇴직을 시행해 66명의 직원을 내보내기로 했다. 올해는 만 49세 이상으로 대상자를 제한했지만 적지 않은 인원이 몰렸다. SC제일은행은 지난해 만 40세 이상 직원을 대상으로 희망퇴직 신청을 받아 전 직원의 20%에 가까운 961명이 은행을 떠났다.광주은행도 지난달 만 40세 이상 15년 이상 근속 직원을 대상으로 희망퇴직 신청을 받아 지난해(88명)보다 많은 102명을 퇴직시켰다.하나은행은 이달 22일부터 26일까지 만 38세 이상, 근속 기간 10년 이상인 직원을 대상으로 ‘준정년퇴직’ 희망자를 접수한다. 직급에 따라 22~27개월치 급여를 특별퇴직금으로 지급하는 조건이다. 또 최대 2000만원의 자녀학자금과 최대 1000만원의 건강관리 지원금을 준다. 퇴직 후 재취업이나 창업 지원금으로도 500만원을 준다.우리은행은 이달 26일까지 ‘전직 지원 프로그램’ 신청자를 받고 있다. 임금피크제 대상자는 물론이고 일반 직원도 신청할 수 있다.은행권 관계자는 “올해 은행권의 희망퇴직은 3600여명으로 추정되는 지난해 규모를 훌쩍 뛰어넘을 것으로 예상된다”고 말했다.이현일 기자 hiuneal@hankyung.com[한경닷컴 바로가기] [스내커] [모바일한경 구독신청]ⓒ 한국경제 &hankyung.com, 무단전재 및 재배포 금지"
57,2016-12-23,롯데와 독대 때 '면세점 혜택' 언급 정황,https://news.naver.com/main/read.nhn?mode=LSD&mid=shm&sid1=100&oid=055&aid=0000488159,SBS,"<앵커>특별검사와 헌법재판소. 최순실 국정농단 사태를 다루는 두 갈래의 움직임이 발 빠르게 진행되고 있습니다. 양쪽 다 생각보다 ""빠르다"" 이렇게 말할 수 있을 것 같습니다. 우선 특검 수사 소식부터 들어가겠습니다. 특검 수사의 초점은 박근혜 대통령의 뇌물죄 입증에 ?춰져 있습니다. 박근혜 대통령이 신동빈 롯데 회장과 독대하면서도 롯데가 절실하게 바라는 특정 사안에 대해서 언급한 정황이 나왔습니다. SK, 삼성 이런 기업들에 이어서 롯데까지 재단 출연금이 이권의 대가였음을 입증할 단서를 포착한 겁니다.민경호 기자가 단독 보도합니다.<기자>지난 3월 박근혜 대통령의 신동빈 롯데 회장 독대를 앞두고, 청와대 비서실이 박 대통령의 할 말을 미리 정리한 '말씀 자료'를 특검이 확보했습니다.해당 문건에는 당시 롯데의 최대 관심사였던 면세점 제도를 개선하겠다는 약속이 담겨 있는 것으로 전해졌습니다.롯데로부터 미르와 K스포츠 재단 출연금을 받은 데 이어 하남에 체육시설 건립 자금 75억 원을 지원받기로 한 대가로, 박 대통령이 이런 언급을 했을 가능성을 특검팀은 따져보고 있습니다.역시 면세점 사업을 노렸던 최태원 SK그룹 회장과의 독대 당시 말씀 자료에도 비슷한 내용이 담겨 있는 것으로 알려졌습니다.특검은 이 밖에도 재단 출연금과 대기업 총수들 민원 사이의 연결 고리를 전방위로 들여다보고 있습니다.당시 교도소에 있었던 SK 최태원 회장과 CJ 이재현 회장이 각각 석방·사면된 것도 관련성이 있는지 살펴보겠다는 방침입니다.[이규철/특검보, 특검 대변인 : (대통령의 대기업 총수 사면이 대가성이 있는지 들여다보고 있습니까?) 그것도 수사 대상에는 포함돼 있는 것으로 알고 있습니다.]기업들이 대가를 바라고 자금을 출연한 정황을 속속 확보하면서 특검팀은 대기업 총수들에 대한 소환 카드도 꺼내 들 태세입니다.(영상취재 : 최준식, 영상편집 : 김호진)▶ 최순실 일가 재산이 10조 원?…전담팀 꾸려 추적▶ 최순실 천문학적 재산…'박근혜 후광' 얻어 축적?민경호 기자(ho@sbs.co.kr)※ ⓒ SBS & SBS콘텐츠허브 : 무단복제 및 재배포 금지☞ [스페셜] 박근혜 대통령 - 최순실 게이트의 모든 것"
58,2016-12-23,국민의당 당론에 민주 비주류 가세…'文 vs 非文' 개헌전선,https://news.naver.com/main/read.nhn?mode=LSD&mid=shm&sid1=100&oid=001&aid=0008911913,연합뉴스,"박원순 ""2020 대선·총선…모바일투표""·김부겸 ""野 공동개헌안 내자""孫 ""安 개헌추진 환영""…安, '대선 전 개헌'에는 여전히 부정적文 ""이해관계 따라 개헌 말하며 저를 공격하는 건 안돼"" 반격(서울=연합뉴스) 이광빈 기자 = 조기 대선이 가시화된 가운데 야권내 개헌 전선이 더욱 명확해지고 있다.국민의당이 23일 '즉각적 개헌 추진'을 당론으로 채택한 가운데 민주당 비문(비문재인) 진영 인사들도 개헌 논의 공론화의 목소리를 높이며 이에 가세했다. 손학규 전 민주당 전 대표에 이어 안철수 전 국민의당 대표와 박원순 서울시장 등도 개헌론에 한 걸음씩 다가서는 등 '비문 진영'이 더불어민주당 문재인 전 대표에 대한 고립작전에 나선 모양새이다.특히 반기문 유엔 사무총장이 내년 초 귀국해 개헌론을 들고나올 경우 개헌론을 둘러싼 합종연횡은 대선 지형을 결정하는 주요 요소가 될 수 있다는 관측까지 나온다. 당장 개헌 논란은 민주당 경선 구도에서도 대결구도 형성에 영향을 미칠 가능성이 있다.국민의당은 이날 오전 비상대책위원-국회의원 연석회의에서 즉각적으로 개헌을 추진하되 조기대선으로 여의치 않으면 대선 후 추진해 2018년에 지방선거에서 국민투표에 부치기로 결론을 내렸다.즉각적인 개헌을 요구해온 호남 중진의원들의 입장과 대선 후 지방선거에서의 국민투표를 주장한 안철수 전 대표의 입장이 모두 반영된 셈이다.안 전 대표 입장에선 기존 입장을 지키면서도 호남 중진의원들의 의견을 수용해 당의 원심력을 막고, 자연스럽게 개헌론을 고리로 제3지대의 판이 커지는 효과를 기대할 수 있는 셈이다.다만, 안 전 대표는 여전히 대선 전 개헌이 현실적으로 불가능하다는 입장을 내비쳤다. 대선 전 개헌 불가론은 문 전 대표와 일맥상통한 지점이기도 하다.안 전 대표는 기자간담회에서 ""개헌에서 각론을 합의하려면 시간이 오래 걸린다. 국회에서 합의만 하면 2달 안에 통과될 수 있다고 하는 것은 국민이 볼 때 어이가 없는 일""이라며 ""시민사회분들도 1987년 개헌 때 정치권이 원하는 것만 들어가고 시민이 원하는 게 안 들어가 불만과 배신감이 대단했다""고 말했다.그러면서 ""오늘 국민의당 논의는 개헌특위를 빨리 구성해 논의하자는 것""이라고 설명해 당론과 함께하겠다는 뜻을 나타냈다.개헌 당론 채택을 주도한 국민의당 박지원 원내대표는 연석회의가 끝난 뒤 개헌론의 기치를 내걸어 온 손학규 전 민주당 대표와 오찬을 가져 이목을 끌었다.특히 손 전 대표는 오찬 뒤 기자들과 만나 ""안 전 대표가 개헌의 적극 추진을 받은 데 대해 크게 환영한다""라며 ""만약 헌법재판소의 심판이 빨라져서 조기 대선이 이뤄지면 대안으로 2018년 지방선거 국민투표가 현명한 대안이라고 생각한다""고 말했다.민주당 대선주자들도 개헌론의 목소리를 끌어올렸다.박원순 서울시장은 연합뉴스와의 인터뷰에서 차기 정부에서 국가대혁신과 개헌을 완수하고 2020년 대선과 총선을 동시에 치르자고 제안해 임기를 단축할 수 있다는 입장을 나타냈다.박 시장은 기자단 오찬간담회에서는 ""다양한 형태로 국민이 참여할 방안을 만들어야 한다""며 ""개헌 과정에 모바일투표 도입을 고려할 수 있다""는 주장도 내놨다.김부겸 의원도 대전에서 기자간담회를 갖고 ""야 3당이 공동 개헌안을 마련해야 한다""면서 ""개헌이 다음 대통령 선출 시점까지 결론이 나지 않으면, 그때까지 논의된 내용만으로 대선을 치른 뒤 모든 후보자가 개헌을 완수하겠다는 약속을 하는 방식도 있다""고 말했다.사실상 안 전 대표와 박 시장, 김 의원 등이 모두 현실적으로 대선 전에는 시간이 촉박하다는 현실을 인정하면서 대선공약으로 개헌을 내걸어 대선 후 완수하자는 데 일맥상통한 셈이다.민주당의 이날 의총에서도 대표적 개헌파인 김종인 전 비상대책위 대표와 가까운, 이른바 '김종인 사단' 을 중심으로 개헌론이 터져나왔다.김성수 의원은 대선 전 개헌을 못한다고 가정하는 것은 적절치 못하다는 취지로 발언했고, 박용진 의원도 개헌 당론이 마련돼야 한다는 입장을 보였다.노웅래 의원도 개헌특위에 적극 나서야 한다는 입장을 보였고, 변재일 의원도 개헌에 호의적인 반응을 보인 것으로 전해졌다.그러나, 문 전 대표는 기자간담회에서 개헌론을 고리로 다른 대선주자들이 자신을 '포위'한 형국에 대해 ""이 시기에 정치적 이해관계에 따라 개헌을 말하고 싶은 사람들이 그 정치적 이해관계나 목적 때문에 개헌을 말하면서 저를 공격하는데 맞지 않다""고 했다.또한 ""대선 전 개헌은 현실적·물리적으로 불가능하므로 다음 정부에서 할 수밖에 없다""며 ""지금은 개헌 논의를 차분하게 해서 공론이 모이면 그 과제를 대선후보들이 공약하고 선택을 받은 분이 다음 정부 초기에 개헌하면 되는 것""이라고 말했다.문 전 대표 시절 당직을 맡았던 민주당 진성준 전 의원도 지원사격했다. 그는 트위터에서 국민의당의 개헌 당론에 대해 ""헌법 개정을 '반문연대'의 도구로 활용하겠다는 의도를 노골적으로 드러낸 것""이라며 ""반드시 자멸의 수가 될 것""이라고 비판했다.lkbin@yna.co.kr"
59,2016-12-23,"박정희기념관 모금방식, 미르 '판박이'",https://news.naver.com/main/read.nhn?mode=LSD&mid=shm&sid1=100&oid=449&aid=0000119267,채널A,"박정희 기념관 건립과정을 보면 미르와 K스포츠재단이 떠오릅니다.2002년 첫 삽을 뜬 뒤 8년간의 표류 끝에 사업이 본궤도에 오른 원동력은 전경련을 통한 대기업 자금 모금이었습니다.박근혜 대통령은 당시 유력 대선후보였습니다.김기정 기자의 단독보도입니다.[리포트]박정희 기념관에 걸린 기부금 기탁자 명단입니다.전경련과 함께 삼성, LG, SK 등 국내 굴지의 대기업 이름들이 적혀 있습니다.2009년 당시 전경련이 삼성에 60억 원, LG·현대차·SK 등에 각 30억 원 씩 기부를 독려하는 공문을 보냈고, 이후 대기업들이 자금을 출연한 겁니다.출연 액수는 당시 재계 순위로 책정됐습니다.'최순실 게이트'의 뇌관이 됐던 미르-K 스포츠재단의 대기업 모금 과정과 비슷합니다.당초 추진위원회는 국민 성금 500억 원을 모금하기로 했는데, 실제로 걷힌 돈은 100억여 원.이 때문에 사업이 8년간 표류하다가 2010년 대기업 출연 금이 모이며 공사가 재개됐습니다.박근혜 대통령은 당시 여당의 유력 대선후보였습니다.[2012년 2월, 박정희 기념도서관 개관식]""아버지와 함께 땀과 눈물로 이 나라를 일궈내신 우리 국민 모두의 자료와 기록인 것입니다.""추진위원회를 미르-K 스포츠재단처럼 재단법인 형태를 띈 것도 박근혜 대통령과 최순실 씨 등의 논의과정에서 결정됐습니다.박근혜 : ""민간들 성금 이런 거 벌리고… ""실무자 : ""네, 성금도 십시일반으로 모였을 때에 효과가 크다""최순실 : ""재단법인""박근혜 : ""해야 해요""미르· K 스포츠재단 설립도 박정희 기념관 건립 때 쌓은 노하우가 반영된 것 아니었냐는 의혹도 나옵니다.채널A 뉴스 김기정입니다.영상취재 : 추진엽영상편집 : 박형기그래픽 : 김민수[특종 기사는 채널A][채널A 뉴스 페이스북][세상에 없는 뉴스쇼, 뉴스 TOP 10]ⓒCHANNEL A(www.ichannela.com), 무단 전재 및 재배포 금지"
60,2016-12-23,베를린 트럭테러 용의자 伊 밀라노 인근서 경찰에 사살돼,https://news.naver.com/main/read.nhn?mode=LSD&mid=shm&sid1=104&oid=001&aid=0008911950,연합뉴스,"獨베를린트럭테러 용의자 아니스 암리 [AP=연합뉴스 자료사진]伊내무장관 긴급회견 ""베를린 테러 용의자 암리 맞아"" 확인용의자, 프랑스 거쳐 이탈리아 입국…독일내 행방 쫓던 獨당국 또 허찔려(로마=연합뉴스) 현윤경 특파원 = 이달 19일(현지시간) 독일 베를린 크리스마스 마켓을 19t 트럭으로 공격한 용의자인 아니스 암리(24)가 23일 이탈리아 밀라노 인근에서 경찰의 총에 맞에 숨졌다.마르코 민니티 이탈리아 내무장관은 이날 오전 로마에서 긴급 기자회견을 열어 ""의심의 여지 없이 사살된 사람은 베를린 테러의 용의자인 아니스 암리가 맞다""고 밝혔다.베를린 테러 용의자의 사살 소식을 접한 독일 정부는 안도감을 표명했다.독일 내무부 대변인은 ""숨진 사람이 베를린 테러 수배자임이 확실해지고 있다""며 ""사망자가 진범이 맞다면 그가 더 이상 위험을 가하지 않는다는 사실에 안도한다""고 말했다.베를린 트럭테러 용의자 사살현장 감식     (밀라노 AP=연합뉴스) 23일(현지시간) 이탈리아 밀라노의 세스토 산 지오반니 지역에서 한 남성이 경찰과 총격전 중 사망한 가운데, 과학수사요원들이 현장 감식을 하고 있다. 마르코 민니티 이탈리아 내무장관은 이날 오전 로마에서 긴급 기자회견을 열어 ""의심의 여지 없이 사살된 사람은 베를린 테러의 용의자인 아니스 암리가 맞다""고 밝혔다.안사통신 등 이탈리아 언론은 테러 용의자가 이날 오전 3시께 밀라노 근처 세스토 산 지오반니에서 검문을 받던 중 경찰에게 총격을 가했고, 경찰이 응사한 총에 맞아 사망했다고 보도했다.밀라노의 대테러 당국 관계자는 사망자의 외모와 지문을 근거로 그가 베를린 테러 용의자인 암리임을 확인했다고 전했다.암리는 이탈리아 경찰관 2명이 밀라노 외곽 세스토 산 지오반니에서 일상적인 검문의 일환으로 신분증 제시를 요청하자 갑작스레 총을 꺼낸 뒤 한 경찰관의 어깨를 쐈고, 대응 사격한 29세의 수습 경찰관의 총에 맞아 사망한 것으로 전해졌다.앞서 독일 당국은 암리의 지문이 범행에 쓰인 19t 트럭 운전석과 문 등에서 발견됐다면서 그가 사실상 범인을 가능성이 크다고 말했다.독일 당국은 당초 테러 직후 파키스탄계 청년을 용의자로 붙잡았으나 이튿날 증거 불충분으로 풀어줬고, 사건 발생 이틀 뒤인 21일에야 암리를 용의자로 지목해 유럽 전역에 현상금 10만 유로를 내걸고 공개 수배했다.튀니지 태생의 암리는 작년에 독일에 들어가 난민 신청을 하기 전 이탈리아에 수 년 간 머물렀다.그는 2011년 중동을 휩쓴 '아랍의 봄' 사태 직후 배를 타고 이탈리아에 들어왔고, 시칠리아 섬 난민등록센터에 불을 지른 혐의로 4년간 현지 교도소에 수감됐다.그는 2015년 석방돼 튀니지로 송환 명령을 받았으나, 튀니지 당국이 송환을 머뭇거리는 사이 독일로 넘어간 것으로 알려져 있다.베를린 트럭테러 용의자 사살 현장 조사    (밀라노 AP=연합뉴스) 23일(현지시간) 이탈리아 밀라노의 세스토 산 지오반니 지역에서 한 남성이 경찰과 총격전 중 사망한 가운데, 경찰이 사건 현장을 봉쇄하고 조사를 벌이고 있다. 마르코 민니티 이탈리아 내무장관은 이날 오전 로마에서 긴급 기자회견을 열어 ""의심의 여지 없이 사살된 사람은 베를린 테러의 용의자인 아니스 암리가 맞다""고 밝혔다.한편, 이탈리아 대테러 경찰은 암리가 알프스산 기슭에 위치한 프랑스 샹베리에서 이탈리아 북서부 토리노로 이동한 뒤 토리노에서 기차를 타고 밀라노로 움직였다고 설명했다.사건 초기 엉뚱한 사람을 용의자로 몰아 초동 대응에 문제점을 드러낸 베를린 경찰 당국은 암리가 아직 독일을 벗어나지 못한 것으로 보고 22일에도 그가 테러 전 목격된 것으로 알려진 베를린 시내 모스크를 집중 수색하는 등 독일 내에서 그의 행방을 쫓았지만 다시 한번 허를 찔린 셈이 됐다.베를린 테러 용의자 암리의 사진[이탈리아 안사통신 홈페이지 캡처]ykhyun14@yna.co.kr"
61,2016-12-23,중국인들 '팔자'에 외국인 보유 제주 땅 줄어,https://news.naver.com/main/read.nhn?mode=LSD&mid=shm&sid1=101&oid=001&aid=0008911888,연합뉴스,"[연합뉴스TV제공]국내 외국인 토지 2억3천여만㎡…여의도 면적 80배(세종=연합뉴스) 이재영 기자 = 중국인들이 땅 처분에 나서면서 외국인이 보유한 제주도 땅이 줄어든 것으로 나타났다.또 국내 외국인 토지는 여의도 면적(윤중로 둑 안쪽 290만㎡)의 약 80배로 국토의 0.2%에 달하는 것으로 집계됐다.23일 국토교통부에 따르면 제주의 외국인 토지는 올해 상반기 기준 2천37만㎡로 작년 말보다 21만8천㎡가 줄었다.제주의 외국인 토지가 감소한 것은 관련 통계가 작성된 지난 2002년 이후 사실상 처음이다.외국인이 가진 제주 땅은 2011년 867만3천㎡에서 작년 말 2천58만8천㎡로 약 2.4배 뛴 상황이었다.제주에서 땅을 팔아치운 외국인은 중국인이었다.상반기 현재 제주에 853만2천㎡의 땅을 가진 중국인들은 애초 중국인의 땅으로 분류됐던 제주헬스케어타운(26만㎡)이 소유권 이전이 안된 것으로 확인돼 빠진 것을 제외하고도 작년 말 이후 34만9천㎡의 땅을 처분했다.중국인의 땅 투자에 대한 제주 내 여론이 나빠진 데다가 무분별한 분양형 관광숙박시설을 억제하는 등 제주도의 정책이 바뀌었기 때문으로 분석된다.상반기 현재 미국인이 보유한 제주 땅은 368만3천㎡로 작년 말과 변화가 없었으며 일본인의 땅은 237만2천㎡로 3만3천㎡ 줄었다.<그래픽> 외국인 토지 보유 현황유럽인은 57만8천㎡, 기타국가는 520만5천㎡의 제주 땅을 보유해 작년 말보다 각각 4만6천㎡와 37만8천㎡ 늘렸다.한편 올해 상반기 기준 외국인이 전국에 보유한 땅은 총 2억3천223만㎡로 작년 말에 견줘 396만㎡가 늘었다.다만 외국인 보유 토지의 공시지가 총액은 32조2천608억원으로 같은 기간 3천95억원 감소했다.외국인 토지가 늘어난 것은 중국 안방보험그룹이 국내 생명보험업계 8위 규모이던 동양생명을 인수하면서 땅 249만㎡를 취득한 영향이 크다.소유자 국적에 따라 외국인 토지를 나눠보면 미국이 1억1천838만㎡(51.0%), 유럽이 2천134만㎡(9.2%), 일본이 1천881만㎡(8.1%), 중국이 1천685만㎡(7.2%), 기타국가가 5천685만㎡(24.5%)였다.또 소유자의 성격별로 외국인 토지를 나누면 외국국적을 가진 교포의 땅이 1억2천552만㎡(54.1%)로 가장 많았고 합작법인(7천511만㎡·32.3%), 순수외국법인(1천941만㎡·8.4%), 순수외국인(1천163만㎡·5.0%), 정부·단체(56만㎡·0.2%) 순이었다.시도별 외국인 토지는 경기가 3천841만㎡(16.5%), 전남이 3천804만㎡(16.4%), 경북이 3천484만㎡(15.0%), 강원이 2천340만㎡(10.1%), 제주가 2천37만㎡(8.8%) 등이었다.[국토교통부 제공]jylee24@yna.co.kr"
62,2016-12-23,"태영호 ""北 김정은 핵보유국 지위서 대화 '전략'""",https://news.naver.com/main/read.nhn?mode=LSD&mid=shm&sid1=100&oid=003&aid=0007671523,뉴시스,"【서울=뉴시스】김진아 기자 = 태영호 전 주 영국 북한대사관 공사가 23일 서울 여의도 국회에서 열린 정보위원회 전체회의에 출석하고 있다. 2016.12.23.   photo@newsis.com【서울=뉴시스】김지훈 전혜정 기자 = 지난 8월 국내 입국한 '탈북 외교관' 태영호 전(前) 주영 북한 공사는 23일 북한 김정은 위원장이 국제사회로부터 핵보유국 지위를 인정받은 후 대화에 나서는 전략을 세우고 있다고 밝혔다.국회 정보위원회 새누리당 간사 이완영 의원은 이날 오후 국회에서 열린 정보위원회 전체회의에 참석한 후 기자들과 만나 태 전 공사가 정보위 전체회의에서 이같이 말했다고 전했다.이 의원에 따르면 태 전 공사는 ""파키스탄과 인도식 핵보유국의 지위를 인정받는 게 김정은의 방침""이라며 ""(핵보유국 지위) 인정받은 후 국제 대화로 문제 풀겠다는 전략""이라고 말했다.태 전 공사는 또한 북한 외무성이 각 재외공관에 '한국에서 대선 치러지는 차원에서 핵실험이 실시될 것이니 준비하라'는 내용의 공문을 보냈다고 소개하며 ""17년 말이나 18년 초가 (추가 핵실험) 적기라고 본다""고 밝혔다.국정원은 이날 정보위에서 북한 간부들이 유엔 안전보장이사회 대북제재 결의 2321호 채택으로 외화난 등의 경제상황 악화를 우려하고 있다고 밝혔다.이병호 국정원장은 이날 국회에서 열린 정보위에 참석해 이같이 말한 뒤 ""(북한) 각 기관은 신규제재 대상자 긴급소환, 자금 인편 송금 등 제재 회피책을 마련하고 있다""며 ""비제재 분야 사업 확대 모색하는 등 외화수입 손실 최소화 방안을 강구하고 있다""고 밝혔다고 민주당 간사인 김병기 의원이 전했다.이 원장은 또한 ""북한은 미국 도널드 트럼프 신정부에 대한 공식 반응을 보이지 않고 있으나, 대북정책방향이 구체화될 때까지 관망하는 자세를 유지할 것""이라며 ""또한 미국과 북한 간 민간차원의 트랙2 회의 등을 통해 한미연합훈련 중단 등을 제시하고, 북미 간 대화 가능성도 타진할 것""이라고 전망했다.jikime@newsis.com뉴시스 뉴스, 네이버 뉴스 스탠드에서도 만나세요뉴시스 SNS [페이스북] [트위터]<저작권자ⓒ 공감언론 뉴시스통신사. 무단전재-재배포 금지.>"
63,2016-12-23," ""베를린 트럭 테러 용의자, 이탈리아 경찰과의 총격전에 사살돼""",https://news.naver.com/main/read.nhn?mode=LSD&mid=shm&sid1=104&oid=003&aid=0007671524,뉴시스,"【밀라노=AP/뉴시스】김재영 기자 = 이탈리아 밀라노에서 23일 새벽(현지시간)  경찰과 총격전 끝에 피살된 남자가 19일 밤 독일 베를린 트럭 테러의 용의자라고 이탈리아 안사 통신이 보도했다.이에 관해 이탈리아 내무부가 곧 기자회견을 가질 예정이다.총격전은 이날 새벽 3시 밀라노의 세트토 산 지오반니 구역에서 정규적인 순찰 활동을 하던 경찰의 불심 검문 과정에서 벌어졌다.사망한 남성은 경찰이 신분증 제시를 요구하자 즉시 백팩에서 총을 꺼냈으며 이 사람은 이어 벌어진 총격전에서 사망했다고 통신은 전했다. 경찰 한 명이 부상 당했다.사살된 사람이 베를린 크리스마스 시장을 트럭으로 돌진해 12명을 죽인 아미스 암리라는 사실을 밀라노 및 로마의 여러 소식통들이 확인해 주었다고 통신은 덧붙였다.튀니지 출신인 암리는 2011년 아랍의 봄 직후 이탈리아로 왔으며 범죄 행위로 수감되기도 했는데 이때 급진 의식화된 것 같다고 튀니지 가족들은 말하고 있다.kjy@newsis.com뉴시스 뉴스, 네이버 뉴스 스탠드에서도 만나세요뉴시스 SNS [페이스북] [트위터]<저작권자ⓒ 공감언론 뉴시스통신사. 무단전재-재배포 금지.>"
64,2016-12-23,'가습기·세월호법' 신속처리안건 지정…늦어도 내년 11월..,https://news.naver.com/main/read.nhn?mode=LSD&mid=shm&sid1=100&oid=008&aid=0003795212,머니투데이,"[머니투데이 심재현  기자] [[the300]]23일 서울 여의도 국회에서 열린 환경노동위원회 전체회의에 신속처리대상안건(패스트트랙)으로 지정된 가습기 피해자 구제 대책 및 재발 방지를 위한 내용과 세월호 참사 진실 규명을 위한 내용이 포함된 사회적 재난 관련 법안에 대한 투표 명패가 놓여 있다. 이날 국회 환노위는 가습기·세월호특조위 구성법 신속처리안건을 가결시켰다. 2016.12.23/뉴스1  <저작권자 &copy; 뉴스1코리아, 무단전재 및 재배포 금지>가습기 피해자 구제 대책과 세월호 참사 진상 규명 등을 골자로 한 '사회적 참사의 진상규명 및 안전사회 건설 등을 위한 특별법안'이 23일 국회 환경노동위원회 신속처리대상안건(패스트트랙)으로 지정됐다.국회 환노위는 이날 전체회의에서 이 법안에 대한 투표를 실시해 신속처리안건으로 가결했다.신속처리안건은 국회 상임위에서 재적위원 5분의 3 이상의 찬성으로 지정되고 상임위 계류기간 330일이 경과되면 본회의 의결 절차를 밟게 된다. 이에 따라 이 법안이 내년 11월17일까지 환노위에서 처리되지 않으면 곧바로 본회의에서 의결 절차를 밟을 수 있게 됐다.법안은 가습기 살균제 피해 사태와 4·16 세월호 참사 수습을 위해 각각의 사건에 대한 특별조사위원회를 구성해 운영하고 조사위에 자료 제출 명령·청문회·동행명령·고발·수사요청·감사원 감사요구 권한을 부여하는 내용을 담고 있다. 필요시에는 국회가 특검을 구성해 주도록 하는 내용도 법안에 포함됐다.앞서 더불어민주당은 이날 정책의원총회에서 2월 임시국회 처리를 목표로 새누리당이 협조하지 않더라도 환노위에서 신속처리안건 지정 절차를 밟겠다는 방침을 결정했다.민주당 이재정 원내대변인은 이날 브리핑에서 ""박근혜 정부와 새누리당은 그동안 세월호 참사와 가습기살균제 관련 특별법을 합의는커녕 논의조차 거부했다""며 ""불가피하게 현행 법 테두리 안에 있는 절차를 활용해 신속처리안건 대상으로 지정했다""고 밝혔다.이어 ""올해가 가기 전에 가습기 피해자와 유가족, 세월호 유가족께 작은 희망이라도 드려야 하는 것이 정치인으로서 최소한의 도리""라며 ""국회법에 명시된 본회의 부의일자 전이라도 여야합의를 도출할 수 있다면 언제든지 나설 것""이라고 말했다.[이코노미스트들의 깊이있는 투자정보 'TOM칼럼'][부자들에게 배우는 성공 노하우 '줄리아 투자노트'  ][내 삶을 바꾸는 정치뉴스 'the 300']심재현  기자<저작권자 ⓒ '돈이 보이는 리얼타임 뉴스' 머니투데이, 무단전재 및 재배포 금지>"
65,2016-12-23,"정부, AI 수급대응팀 가동…""물가 잡겠다""",https://news.naver.com/main/read.nhn?mode=LSD&mid=shm&sid1=102&oid=018&aid=0003709729,이데일리,"[세종=이데일리 박종오 기자] 정부가 최악의 조류 인플루엔자(AI) 사태로 가격이 치솟은 계란 등 생필품 물가를 잡겠다며 팔을 걷어붙였다.정부는 23일 ‘AI 관련 민생 물가·수급 대응 태스크포스(TF)’ 첫 회의를 열고 계란 수급 대책, 민생 물가 점검 및 대응 방안을 논의했다고 밝혔다.TF는 이찬우 기획재정부 차관보와 김경규 농림축산식품부 식품산업정책실장이 공동 팀장을 맡고, 공정거래위원회·식품의약품안전처·중소기업청·관세청·한국농수산식품유통공사(aT)·농협중앙회·한국소비자단체협의회 물가감시센터 등이 참여한다.이날 TF는 수입 계란과 계란 가공품 관세율을 한시적으로 0%로 낮추는 할당 관세 적용을 위한 법령 개정 절차를 최대한 빨리 추진하고, 수출 작업장 등록·검역·검사·통관 등 계란 수입 절차도 최소화하기로 의견을 모았다. 할당 관세는 내년 1월부터 적용하는 것이 목표다. 외국에서 신선란을 항공기로 수입하는 민간 업체에 지원하는 운송비 비율은 추가 논의를 거쳐 정할 계획이다.TF는 AI로 수급 차질을 빚는 계란 뿐 아니라 다른 농·축·수산물과 가공식품 등 민생과 밀접한 품목의 가격 인상 우려에 적극 대응하기로 했다. 정기적으로 회의를 열고 물가 안정 방안을 모색하겠다는 방침이다.박종오 (pjo22@edaily.co.kr)＜ⓒ종합 경제정보 미디어 이데일리 - 무단전재 & 재배포 금지＞"
66,2016-12-23,"신생아 버리고 사라진 20대 산모, 이번이 세 번째",https://news.naver.com/main/read.nhn?mode=LSD&mid=shm&sid1=102&oid=214&aid=0000714716,MBC,"[이브닝뉴스]◀ 앵커 ▶한 20대 산모가 태어난 지 50일도 채 안 된 신생아를 병원에 두고 사라졌습니다.알고 보니 이번이 벌써 세 번째였습니다.조미애 기자입니다.◀ 리포트 ▶지난 10월, 청주의 한 대학병원에서 남자아기가 1.36kg 몸무게로 8개월 만에 태어났습니다.산모 25살 이 모 씨는 출산 뒤 이틀 만에 퇴원했고, 미숙아 상태로 치료를 받는 아기를 가끔 보러왔습니다.[병원 관계자]""아이에 필요한 물품이라든지 그런 걸 저희가 산모한테 연락을 취해줘요. 길게는 뭐 5일 이상 연락이 안 된 적도 있답니다. 그럴 때마다 이제 산모는 직장을 다녀서 바빠서 연락을 못 받았다….""그러나 지난달 말 산모와의 연락이 끊겼습니다.아기가 태어난 지 채 50일도 안 된 시점이었습니다.20여 일 동안 산모와 연락이 되지 않자, 병원은 아동보호전문기관에 신고했고, 아동보호기관은 경찰에 고발했습니다.이 여성은 지난 2013년과 2014년에도 전북의 익산, 전주 등의 병원에서 아기를 낳고 종적을 감춘 것으로 드러났습니다.당시 어린 나이에 출산해 양육 형편이 안 됐다며 선처를 호소했고, 두 아이는 입양기관에 보내졌습니다.경찰은 이 씨를 찾아 아동 유기·방임 등의 아동복지법 위반 혐의를 적용할 방침입니다.이 씨가 낳은 신생아는 현재 건강한 상태로 오는 26일 아동보호전문기관에 맡겨질 예정입니다.MBC뉴스 조미애입니다.조미애기자[저작권자(c) MBC (www.imnews.com) 무단복제-재배포 금지]Copyright(c) Since 1996,MBC&iMBCAll rights reserved."
67,2016-12-23,서병수 부산시장 최측근 구속…엘시티서 2억 수수 혐의,https://news.naver.com/main/read.nhn?mode=LSD&mid=shm&sid1=101&oid=001&aid=0008911844,연합뉴스,"(부산=연합뉴스) 오수희 기자 = 서병수 부산시장의 최측근이자 부산 '친박' 외곽조직 전 사무처장이 엘시티 이영복 회장으로부터 2억원에 가까운 불법 정치자금을 받은 혐의로 구속됐다.부산지검 특수부(임관혁 부장검사)는 정치자금법 위반 혐의로 법원에 청구한 김모(64)씨의 영장이 발부돼 김씨를 구속했다고 23일 밝혔다.장성훈 부산지법 영장전담 부장판사는 ""범죄사실이 소명되고 도망의 우려가 있다""며 검찰이 청구한 김씨의 구속영장을 발부했다.검찰은 김씨의 구속영장에 '김씨가 엘시티 시행사 실질 소유주인 이 회장에게서 2억원에 가까운 불법 정치자금을 받은 혐의가 있다'고 적시했다.부산 검찰검찰은 김씨가 한 달에 200만원씩, 8년동안 이 회장에게서 돈을 받은 내역을 확인했다.이어 김씨가 비리 의혹이 있는 엘시티 인허가나 특혜성 행정조치 등이 이뤄지도록 엘시티 사업의 인허가권을 쥔 부산시청이나 해운대구청, 부산도시공사 고위직 인사들에게 알선청탁 명목으로 이씨에게서 돈을 받은 것으로 보고 수사를 진행한 것으로 알려졌다.그러나 알선수재가 아닌 정치자금법 위반 혐의를 김씨에게 둔 것은, 오랜 기간 정당인 생활을 한 김씨가 엘시티 사업 인허가 비리나 특혜성 행정조치에 부당하게 개입한 구체적인 정황을 잡지 못했기 때문인 것으로 분석된다.김씨는 이 회장과 오랜 기간 정상적으로 금전 거래를 했을 뿐이며 엘시티 인허가 등과 관련해 부정한 행위를 한 적이 없다며 혐의를 강하게 부인하는 것으로 알려졌다.엘시티 시행사 실질 소유주 이영복 회장김씨는 서 시장의 고교 동문이자 부산 친박 외곽조직인 '포럼부산비전' 전 사무처장으로, 포럼을 이끌면서 친박계 부산 국회의원을 포함한 지역 정치인과 고위 공무원 같은 유력 인사들과 두터운 친분을 유지한 인물이다.김씨를 구속한 검찰은 김씨를 상대로 이 회장에게서 받은 돈이 엘시티 사업에 부당하게 개입한 대가라는 혐의를 입증하는 데 수사력을 모을 것으로 전망된다.osh9981@yna.co.kr"
68,2016-12-23,"국정원 ""北 풍계리 핵실험장 2번 갱도 움직임 활발""",https://news.naver.com/main/read.nhn?mode=LSD&mid=shm&sid1=100&oid=003&aid=0007671508,뉴시스,"【서울=뉴시스】김진아 기자 = 이병호 국가정보원장이 23일 오후 서울 여의도 국회에서 열린 국회 정보위원회 전체회의에 참석해 회의가 시작되길 기다리고 있다. 2016.12.23.   photo@newsis.com""3번 갱도서 언제든 추가 핵실험 가능""""北, 한미정세 고려 추가도발 시기 저울질""【서울=뉴시스】김태규 전혜정 기자 = 이병호 국정원장은 23일 북한의 핵실험 동향과 관련, ""풍계리 핵실험장은 동절기에도 불구하고 2번 갱도에서 인원과 차량 등 활동이 활발하다""고 밝혔다.이 원장은 이날 국회에서 열린 정보위원회에 참석해 관련 의원들의 관련 질문에 이같이 답한 뒤 ""3번 갱도는 언제든지 추가 핵실험이 가능한 상태로 유지되고 있다""고 밝혔다고 새누리당 간사인 이완영 의원이 브리핑을 통해 전했다.이 원장은 북한 잠수함과 잠수함발사탄도미사일(SLBM) 개발 동향에 대해선 ""12월 중순 신포조선소에서 SLBM의 지상 사출시험을 하는 등 개발 활동을 지속하고 있으며, 새로운 잠수함 건조용으로 보이는 자재들도 계속 식별되고 있다""고 말했다.이어 ""이러한 움직임으로 볼 때 북한이 한미 정세를 고려해 추가 도발시기를 저울질 하는 것으로 보인다""고 덧붙였다.이 원장은 SLBM 발사를 위한 잠수함 기동훈련 징후가 포착됐다는 미 38노스 등의 일부 보도에 대해 ""지난 8월 SLBM 시험발사 이후 (북한 잠수함의) 이동사례가 없다는 점에서 사실이 아니다""라고 밝혔다.그는 북한군 동계훈련 동향에 관해 ""전차·함정 등 재래식 장비의 70%~90%가 30년이상 경과돼 잦은 고장으로 차질을 빚고 있다""며 ""무리한 병력동원과 만성적인 보급품 부족으로 탈영이 증가하고 있어 전투준비태세는 지속적으로 약화될 것""이라고 전했다.kyustar@newsis.com뉴시스 뉴스, 네이버 뉴스 스탠드에서도 만나세요뉴시스 SNS [페이스북] [트위터]<저작권자ⓒ 공감언론 뉴시스통신사. 무단전재-재배포 금지.>"
69,2016-12-23,"박영수 특검팀, 내일 김종 전 차관 첫 공개 소환",https://news.naver.com/main/read.nhn?mode=LSD&mid=shm&sid1=100&oid=003&aid=0007671502,뉴시스,"특검팀, 삼성의 최씨 일가 특혜 지원 의혹과 고리 확인할 듯【서울=뉴시스】오제일 김예지 기자 = 최순실(60·구속기소)씨 등의 국정농단사건을 수사 중인 박영수(64·사법연수원 10기) 특별검사팀이 김종(55·구속기소) 전 문화체육관광부 2차관을 24일 소환 조사한다.지난 1일 특검팀이 출범한 후 처음으로 김 전 차관이 공개 소환되는 셈이다.김 전 차관은 최씨 일가가 문화·체육계 전반에 걸쳐 이권을 챙기는 데 역할한 것으로 알려졌다. 특검팀이 주요 수사 대상으로 삼고 있는 삼성그룹의 최씨 일가 특혜 지원 의혹에도 관여한 것으로 검찰 수사과정에서 드러났다.특검팀은 23일 ""김 전 차관을 24일 오전 10시 공개소환한다""며 ""소환 이유는 기존 진술 확인과 추가 조사""라고 말했다.앞서 검찰 특별수사본부(본부장 이영렬 서울중앙지검장)는 김 전 차관을 직권남용권리행사방해 및 공무상비밀누설 혐의로 구속기소했다. 첫 재판은 29일로 예정돼 있다.검찰에 따르면 김 전 차관은 지난 3월 K스포츠재단과 더블루케이가 대한체육회를 대신해 광역스포츠클럽 운영권 등을 독점할 수 있도록 문체부 비공개 문건을 최씨에게 전달한 혐의를 받고 있다.또 지난해 10월부터 지난 3월까지 최씨와 함께 삼성그룹 프로스포츠단을 총괄하는 김재열 제일기획 스포츠총괄사장에게 압력을 행사해 최씨 조카 장시호(37·구속기소)씨가 운영하는 센터에 16억2800만원을 후원하게 한 혐의도 있다.김 전 차관은 장씨와 공모해서 문체부 산하 공기업 그랜드코리아레저(GKL)가 해당 센터에 2억원을 후원하는 과정에도 개입한 혐의도 받았다.조사 결과 최씨는 정부기관과 기업의 후원금을 챙길 목적으로 장씨를 시켜 센터를 설립했고 김 전 차관에게 부탁해 센터 후원을 알아보도록 한 것으로 드러났다.김 전 차관은 후원할 만한 기업을 물색한 뒤 최씨에게 ""빙상연맹을 맡고 있는 삼성으로부터 후원을 받을 수 있을 것 같으니 접촉을 해보겠다""고 말했다. 장씨의 사업계획서 작성도 도왔다.이후 김 전 차관은 김 사장을 직접 만나선 ""BH(청와대) 관심사""라며 후원을 강요한 것으로 조사됐다.현재 특검팀은 삼성그룹의 최씨 일가 특혜 지원의혹을 우선 수사 대상으로 보고 수사력을 집중하고 있다. 이와 관련 박상진 삼성전자 사장, 장충기 삼성그룹 미래전략실 사장 등이 비공개 참고인 조사를 받았다.한편 특검팀은 20일 간의 준비기간을 꽉 채우고 지난 21일 수사를 개시했다. 수사 개시 첫날부터 삼성그룹의 최씨 일가 특혜 지원 의혹과 관련해 국민연금공단과 보건복지부 등 10곳 이상에 대한 압수수색을 진행했다.또 최씨의 딸 정유라(20)씨에 대해 체포영장 발부, 여권 무효화, 지명수배 등 소환을 위한 조치를 취하고 기소중지했다.kafka@newsis.comyejis@newsis.com뉴시스 뉴스, 네이버 뉴스 스탠드에서도 만나세요뉴시스 SNS [페이스북] [트위터]<저작권자ⓒ 공감언론 뉴시스통신사. 무단전재-재배포 금지.>"
70,2016-12-23,"국정원 ""김정은, 12일 특수부대서 '청와대 불바다' 위협""",https://news.naver.com/main/read.nhn?mode=LSD&mid=shm&sid1=100&oid=001&aid=0008911798,연합뉴스,"이병호 국정원장, 국회 정보위 출석    (서울=연합뉴스) 김현태 기자 = 이병호 국가정보원장이 23일 오후 국회에서 열린 정보위원회 전체회의에 출석하고 있다.(서울=연합뉴스) 안용수 류미나 기자 = 김정은 북한 노동당 위원장은 지난 12일 ""청와대를 불바다로 만들겠다""고 위협한 것으로 23일 전해졌다.이병호 국가정보원장은 이날 국회 정보위 전체회의에서 ""김 위원장이 우리나라 후방 침투부대인 특수작전부대를 방문했을 때 이같이 말했다""고 보고했다고 정보위 여야 간사들이 전했다.이 원장은 ""12월 이후 김 위원장이 포병 화력 연습, 청와대 습격 훈련, 군부대 방문, 훈련 참관 등 군사 위주로 활동하고 있다""고 설명했다.aayyss@yna.co.kr"
71,2016-12-23,"특검, 내일 오전 김종 문체부 前차관 첫 공개소환",https://news.naver.com/main/read.nhn?mode=LSD&mid=shm&sid1=100&oid=001&aid=0008911749,연합뉴스,"고개 숙인 '체육대통령' 김종[연합뉴스TV 제공](서울=연합뉴스) 전성훈 기자 = '박근혜-최순실 게이트'를 파헤치는 박영수 특별검사팀은 24일 오전 10시 김종 전 문화체육관광부 2차관을 피의자 신분으로 소환한다고 23일 밝혔다.이달 21일 특검팀이 현판식을 하고 공식 수사에 착수한 이래 의혹에 연루된 주요 인물을 공개 소환하는 것은 처음이다.특검 측은 ""기존 진술 확인과 추가 조사를 위한 것""이라고 설명했다.김종 전 차관은 '비선실세' 최순실(60·구속기소)씨 조카인 장시호(37·구속기소)씨와 공모해 기업 후원금을 뜯어내는 등 혐의로 이달 중순 구속기소됐다.lucho@yna.co.kr"
72,2016-12-23,신당 투톱 김무성-유승민 순항할까…개헌·반기문 변수 산적,https://news.naver.com/main/read.nhn?mode=LSD&mid=shm&sid1=100&oid=421&aid=0002470621,뉴스1,"김무성 새누리당 전 대표와 유승민 의원우여곡절 끝 창당 합의 했지만 이슈 대립 불보듯 뻔해(서울=뉴스1) 김정률 기자 = 새누리당 비박계 탈당파들의 '개혁보수신당'(가칭) 창당이 본격화 되면서 신당의 두 구심점인 김무성 전 새누리당 대표와 유승민 의원의 향후 관계 설정에 관심이 쏠리고 있다.김 전 대표와 유 의원은 20대 국회들어 우여곡절 끝에 박근혜 대통령 탄핵과 신당창당에 공감대를 이루며 의기투합하고 있지만 이념적 지향, 개헌과 대권 후보 영입 등 주요 쟁점을 놓고 이견을 드러내고 있다.이에 향후 신당은 이들의 관계설정에 따라 크게 요동칠 수 있다는 관측이다.◇탈당 부터 삐걱…'결심 굳힌 金', '마지막까지 고민 劉'사실 이번 탈당을 두고도 김 전 대표와 유 의원은 뚜렷한 입장차를 보여왔다.김 전 대표는 일찍이 박근혜 대통령의 탄핵을 주장하며 탈당을 공언해왔다. 하지만 유 의원은 탈당을 주저하며 당 잔류쪽에 힘을 실어왔다.이에 당내 비주류들도 혼란을 거듭해 왔다. 김 전 대표 측 일부 탈당만으로는 신당에 힘이 실리지 못할 것이라는 우려에서다.보수정당을 지향하는 두 사람의 입장차는 개혁을 바라보는 태도에서 기인한다.김 전 대표의 경우 기존 보수세력을 모으되 친박계로 구성된 새누리당 주류를 배제해야 한다는 입장이었다. 이를 위해서는 탈당을 통한 방법도 마다하지 않겠다는 것이다.실제 이미 백의종군 선언 등 총선 불출마를 통해 사실상 당을 떠나본 전력이 있는 상황에서 탈당은 비록 부담감이 크지만 해볼만한 싸움이라고 생각한 것이다.반면, 유 의원의 경우 탈당보다는 당에 잔류하며 기존 친박계를 배제한 보수개혁을 해야 한다는 입장이었다.보수의 핵심인 TK(대구·경북)를 지역구로 뒀을 뿐 아니라 대선 출마까지 염두해 두고 있는 상황에서 성급한 탈당은 오히려 독배가 될수 있기 때문이다.유 의원의 이같은 성향은 당내 초·재선 의원들을 응집하는데 한 몫 했다.◇개헌 두고도 제각각,  金 '분권형 개헌' vs 劉 '글쎄'정치권의 또다른 이슈인 개헌 두고도 김 전 대표와 유 의원의 입장은 극명하게 갈리고 있다.김 전 대표는 적극적 개헌론자인 데 반해, 유 의원은 개헌에는 원론적으로 공감하지만 즉각적 개헌에는 부정적이다.탈당 직전이었던 지난 15일 김 전 대표는 한 행사에서 ""권력구조를 개헌을 통해 바꿔야 한다는 공감대는 이미 다 형성돼 있고, 오래전부터 국회에서 많은 준비를 했기 때문에 시간은 부족하지 않다""고 말했다.대선 전 개헌이 부적절하다고 보는 유 의원을 애둘러 비판한 것으로 보였다.김 전 대표의 개헌론 배경에는 최순실 게이트를 통해 사실상 5년 단임 대통령제의 수명을 다했다는 그의 신념이 실려 있다는 분석이다.그동안 정치권에서 차일피일 미뤄왔던 개헌을 이번 기회를 통해 하지 않고 다음 정권으로 넘길 경우 또 다시 속절없이 미뤄질 것이라는 우려에서다.반면 유 의원은 23일 기자들과 만나 개혁보수신당의 정강·정책에 개헌 포함 여부에 대해 ""그건 어렵다""며 ""개헌은 생각이 다르다""고 말했다.아직 개헌에 대해 김 전 대표와 의견 조율이 이뤄지지 않았다는 것을 표현한 것이다.유 의원은 평소에도 개헌의 시기에 대해서는 뚜렷한 입장을 밝히지 않았다. 특히 정치권에 대한 국민적 불신이 팽배하고 남북이 대치하고 있는 상황에서 분권형 개헌은 사실상 불가능하다고 보고 4년 중임 대통령제 정도가 그나마 적당하다고 판단하고 있는 상태다.결국 개헌을 둘러싼 김 전 대표와 유 의원의 입장차는 한동안 좁혀지지 않을 것으로 보인다.◇반기문 총장 등 영입 두고도 미묘한 입장차현재 개혁보수신당의 중대 분수령들 중 하나로 반기문 유엔 사무총장의 영입이 꼽히고 있다.개혁보수신당에 여러 대선 주자들이 있지만 여권 후보들 가운데 부동의 1위를 지키고 있는 반 총장의 파괴력은 무시할 수 없기 때문이다.이미 대선 불출마를 선언한 김 전 대표로는 반 총장은 놓치기 아까운 카드다.보수를 기반으로 하는 신당으로서는 반 총장 뿐 아니라 유 의원, 남경필 경기도지사, 원희룡 제주도지사, 오세훈 전 서울시장 등의 경쟁이 필요하다.반면 유 의원은 반 총장 영입을 반대하지는 않지만 대선 주자로서 반 총장의 능력에는 의구심을 드러내고 있다.또 앞서 김 전 대표가 신당 외연 확대와 관련해서 친박과 친문 패권세력을 제외한 누구와도 손을 잡을 수 있다는 입장을 밝힌데 대해서도 ""동의할 수 없다""는 뜻을 밝히고 있다.비교적 선명한 이념적 색채의 개혁보수를 지향하는 유 의원이 정치공학적 연대에 거부반응을 보이고 있는 것이다.결국 개혁보수신당의 향후 운명은 개헌, 반기문 영입 문제 등에서 의견을 달리하고 있는 두 사람이 어떠한 화음을 내느냐에 달려 있는 듯하다.jrkim@▶ 놓치면 후회! 최신 만화 보기 / 2017년 나의 운세 보기[© 뉴스1코리아(news1.kr), 무단 전재 및 재배포 금지]"
73,2016-12-23,"'최순실·안종범·정호성' 청문회, 서울구치소 통합 진행",https://news.naver.com/main/read.nhn?mode=LSD&mid=shm&sid1=100&oid=421&aid=0002470633,뉴스1,"(서울=뉴스1) 조규희 기자 = 국회 최순실 국정농단 국정조사특별위원회는 23일 국정농단의 몸통인 최순실씨, 안종범 전 청와대 수석, 정호성 전 청와대 비서관에 대한 현장 청문회를 서울구치소 한 곳에서만 진행한다고 밝혔다.최씨는 현재 서울구치소에, 안 전 수석과 정 전 비서관은 남부구치소에 구속 수감 중이다.이 때문에 국조특위는 오는 26일 오전과 오후로 나눠 각각 서울구치소와 남부구치소에서 청문회를 열 계획이었다. 하지만 보다 효율적이고 집중적인 청문회를 위해 서울구치소 한 곳에서만 열기로 한 것이다.국조특위는 이날 뉴스1과의 통화에서 구속수감중인 최순실씨, 청와대 안종범 전 수석, 정호성 전 비서관의 현장 청문회를 26일 오전 서울구치소 회의실에서 개최한다고 알렸다.앞서 세 사람은 2차례 청문회 증인출석 요구 및 동행명령장 발부에 불응했다.이에 김성태 국조특위 위원장은 지난 22일 세 증인에 대한 구치소 청문회를 결정했다.이를 위해 청문회 당일 남부구치소에 수감 중인 안 전 수석과 정 전 비서관을 서울구치소로 이송해야 한다.다만 국조특위는 세 증인이 두 차례 불출석한 이력이 있는 만큼 안, 정 두 사람이 끝까지 청문회 출석을 거부할 경우 별도로 남부구치소를 찾아 현장 청문회를 개최하는 방안도 배제하지 않고 있다.playingjo@▶ 놓치면 후회! 최신 만화 보기 / 2017년 나의 운세 보기[© 뉴스1코리아(news1.kr), 무단 전재 및 재배포 금지]"
74,2016-12-23,"국정원 ""김정은, 12일 특수부대 방문해 '청와대 불바다' 위협""",https://news.naver.com/main/read.nhn?mode=LSD&mid=shm&sid1=100&oid=001&aid=0008911761,연합뉴스,"이병호 국정원장, 국회 정보위 출석    (서울=연합뉴스) 김현태 기자 = 이병호 국가정보원장이 23일 오후 국회에서 열린 정보위원회 전체회의에 출석하고 있다.국정원 ""김정은, 12일 특수부대 방문해 '청와대 불바다' 위협""(속보)"
75,2016-12-23,"간호장교 조여옥, 청문회前 신보라 전 대위와 통화",https://news.naver.com/main/read.nhn?mode=LSD&mid=shm&sid1=100&oid=001&aid=0008911707,연합뉴스,"동료 간호장교 동행 이유 설명하는 조여옥 대위동료 간호장교 동행 이유 설명하는 조여옥 대위(서울=연합뉴스) 황광모 기자 = 세월호 참사 당시 청와대 간호장교로 근무했던 조여옥 대위가 22일 오후 국회에서 열린 박근혜 정부의 최순실 등 민간인에 의한 국정농단 의혹사건 진상규명을 위한 국정조사 5차 청문회에 간호사관학교 동기인 이슬비 대위 동행에 대한 이유를 설명하고 있다.hkmpooh@yna.co.kr軍 ""신보라, 조여옥에 '조력자 필요하다' 조언…증언 관련 대화는 안해""국방부 ""이슬비 대위, 조 대위 요청으로 동행""…감시 의혹 부인(서울=연합뉴스) 이정진 기자 = 세월호 참사 당일 청와대 의무실에서 근무했던 간호장교 조여옥 대위가 청문회 출석 전 청와대 동료였던 신보라 전 대위와 통화한 사실이 23일 확인됐다.국방부 관계자는 ""조 대위는 당초 청문회에 가족과 함께 가겠다고 했지만 신보라 전 대위가 조 대위에 전화해 '너무 힘드니 심적으로 도움을 줄 사람이 있는 게 좋다'고 조언해 이슬비 대위와 함께 청문회에 간 것""이라고 말했다.조 대위와 신 전 대위는 세월호 참사 당일 청와대에서 함께 파견 근무를 해 일각에서 제기된 박근혜 대통령의 시술 의혹을 풀 수 있는 핵심 인물로 지목됐다.조 대위가 국회 청문회가 열리기 전에 신 전 대위와 통화한 사실이 새로 확인되면서 두 사람이 사전에 입장을 조율했을 가능성도 제기되고 있다.조 대위는 지난달 30일 미국에서 언론 인터뷰를 통해 세월호 참사 당시 '의무동'에 근무했다고 말했지만, 신 전 대위는 지난 14일 청문회에서 조 대위의 근무지가 의무동이 아닌 '의무실'이라고 밝힌 바 있다. 조 대위는 전날 청문회에서 신 전 대위의 증언처럼 의무실에서 근무했다고 말을 바꿨다.그러나 국방부 당국자는 ""조 대위에 확인한 결과, 둘 간의 통화에서 증언 관련 내용은 없었다고 한다""고 말했다.한편 국방부는 전날 국회 청문회에 조여옥 대위와 동행해 감시 논란을 낳은 이슬비 대위에 대해 ""이 대위가 휴가 중 조 대위의 요청으로 청문회에 참석했다""면서 감시 의혹을 부인했다.국방부 당국자는 ""이슬비 대위가 개인용무로 21∼28일 휴가를 내놓았는데 조 대위가 청문회에 같이 가자고 하니 동행한 것""이라며 ""둘은 간호사관학교 동기생으로 친한 사이로 알고 있다""고 말했다.이 당국자는 이 대위가 청문회에서 휴가가 아닌 공가로 처리될 가능성을 언급한 데 대해선 ""이 대위가 육군 인사사령부에 동행해도 되느냐고 문의하자 실무자가 '공가로 처리할 수 있는지 알아보겠다'고 답해 그렇게 말한 것 같다""고 설명했다.그는 ""현재는 휴가로 처리돼 있는데 소속부대인 국군수도병원에서 공가로 인정해줄 수 있는지 검토하고 있다""고 말했다.이 대위는 전날 청문회에서 ""원래 휴가였는데 공교롭게 청문회가 열린다고 해서 함께 왔다""면서 ""국방부가 공가 처리로 바꿔준다고 들었다""고 말해, 이 대위의 동행이 사적인 차원인지, 공식 임무인지를 놓고 논란이 일었다.이 당국자는 ""이 대위의 국회 출석 여부는 국방부가 아닌 수도병원 부대장의 승인사항""이라며 ""국방부가 상황을 파악하고는 있었지만, 출석 여부에 개입한 것은 아니며 청문회 출입조치를 해준 것뿐""이라고 설명했다.그는 국회 국정조사 특별위원회가 조 대위의 출국 금지를 검토하고 있는 것과 관련, ""결정이 나면 실무적인 조치를 취하겠다""고 말했다.조 대위는 오는 30일 미국으로 돌아가 교육을 받고 내년 1월에 귀국할 예정이다.transil@yna.co.kr"
76,2016-12-23,"박영수 특검팀, 내일 김종 전 차관 첫 공개 소환",https://news.naver.com/main/read.nhn?mode=LSD&mid=shm&sid1=100&oid=003&aid=0007671405,뉴시스,"【서울=뉴시스】뉴시스 뉴스, 네이버 뉴스 스탠드에서도 만나세요뉴시스 SNS [페이스북] [트위터]<저작권자ⓒ 공감언론 뉴시스통신사. 무단전재-재배포 금지.>"
77,2016-12-23,"뇌질환 70대 기사, 40명 탄 공항버스 몰다 이상증세 '아찔",https://news.naver.com/main/read.nhn?mode=LSD&mid=shm&sid1=102&oid=001&aid=0008911692,연합뉴스,"팔 떨려 갓길에 급정차 구급차로 이송…파킨슨병 유사 증세로 치료(울산=연합뉴스) 김근주 기자 = 뇌혈관질환을 앓는 70대 기사가 승객 40명가량이 탄 공항리무진버스를 몰다가 양팔이 떨려 간선로 갓길에 갑자기 버스를 세운 아찔한 일이 발생했다.이 버스는 김해공항∼양산∼울산을 오가는 공항리무진 셔틀버스로 양산∼울산은 경부고속도로 구간이어서 고속도로 주행 중 기사가 이상 증세를 보였다면 대형 사고로 이어질 뻔했다.특히 리무진 버스 운행 업체는 울산에 있는 '태화공항버스'로 지난 10월 14일 경부고속도로 언양분기점 화재로 10명의 사망자를 낸 태화관광 대표가 소유하고 있다.공항버스[연합뉴스 자료사진]23일 경찰과 소방당국에 따르면 전날 오후 10시 44분께 부산 대저동 김해공항 인근 마을 앞 도로에서 ""공항버스 운전기사가 손을 떨고 있으며 상태가 좋지 않다""는 승객의 신고가 들어왔다.경찰과 소방당국이 현장에 도착하니 버스는 도로 옆에 정차된 상태였고 버스 기사 A(71)씨는 운전석에 앉아 양팔을 떨고 있었다.이 공항버스는 김해공항에서 오후 10시 20분에 출발해 울산 태화로터리로 가는 것으로 출발 후 5㎞ 정도 운행했을 때 버스 기사 A씨의 팔이 떨리면서 갑자기 차를 갓길에 세운 것이다.결국, A씨는 119구급차로 이송됐고, 해당 버스 업체인 태화공항버스 측은 다른 기사를 보내 같은 버스에 승객들을 울산까지 태워 갔다.이 때문에 승객들이 예정보다 1시간가량 늦게 울산에 도착하는 불편을 겪었다.승객들은 업체 측에 ""어떻게 아픈 사람이 대형 사업용 버스를 몰 수 있느냐""며 강하게 항의하기도 했다.더 황당한 것은 A씨가 뇌혈관질환으로 통원 치료를 받고 있는 환자라는 점이다.A씨는 울산의 한 병원에서 손 떨림, 운동능력 둔화 등 파킨슨병과 유사한 증세 때문에 정기적으로 약을 처방받은 것으로 확인됐다.결국, 언제 떨림이나 경직 증상이 발생할지 모르는 70대 기사가 승객 40명을 태우고 운전한 것이다.A씨는 이 공항버스업체서 15년가량 일하다가 지난 2월 퇴사했으나 업체 측의 요청을 받고 지난 21일부터 운전을 한 것으로 알려졌다.업체 관계자는 ""지난 이틀 동안 일할 때 다시 입사 원서를 쓰고 난 뒤 운전했다""며 ""A씨에게 심각한 질환이 있는지 몰랐다""고 말했다.대형 인명 사고를 낸 태화관광 대표가 이 업체를 소유한 것으로 알려지면서 이 업체의 안전 불감증과 당국의 관리·감독 허술이 다시 도마 위에 올랐다.이 업체는 경남도 인허가를 받아 공항 리무진 노선 영업을 하는 것으로 알려져 경남도의 관리·감독이 제대로 이뤄졌는지 철저히 조사해야 한다는 지적이 나오고 있다.'2개 시도에 걸친 운송사업 허가는 인근 도지사에게 맡긴다'고 규정한 '여객자동차운수사업법 시행규칙'도 개정할 필요가 있다는 여론이다. 도 단위에 무조건 인허가권을 줄 것이 아니라 법인이 소재한 광역시에서 관리해야 점검과 감독을 효율적으로 할 수 있기 때문이다.여객자동차운수사업법과 교통안전공단이 정한 고령운전자 자격유지검사도 강화해야 한다는 지적이다.사업용 버스 운전사의 나이가 70세 이상이면 매년 자격유지검사를 받도록 하고 있으나, 질환 여부는 확인하지 않고 시야 각(角)·신호등 검사 등 운전기능 검사만 하고 있다. 평소 질환이 있는 운전사가 사업용 대형 버스회사에 취업한다면 대형 사고 가능성이 크다.canto@yna.co.kr"
78,2016-12-23,"WHO ""에볼라 100% 예방 백신 개발""…2018년부터 상용",https://news.naver.com/main/read.nhn?mode=LSD&mid=shm&sid1=104&oid=421&aid=0002470578,뉴스1,"라이베리아 어린이가 에볼라 백신을 접종받고 있다.© APF=뉴스1(서울=뉴스1) 배상은 기자 = 기니, 라이베리아 등 아프리카 일대에서 지난 2년간 수만명의 목숨을 앗아간 에볼라 감염을 100% 막을 수 있는 백신이 개발됐다.AFP통신에 따르면 세계보건기구(WHO)는 23일(현지시간) 캐나다 보건당국이 최초로 개발한 백신(rVSV-ZEBOV)이 기니에서 실시한 임상 실험 결과 100% 예방 효과를 나타냈다고 밝혔다.WHO는 백신이 고속 승인 절차를 거쳐 2018년부터 사용할 수 있게 될 것이라고 밝혔다.해당 백신은 지난해 기니에서 약 6000명을 대상으로 임상 시험을 진행한 결과 단 한명도 에볼라 바이러스에 감염되지 않았다.다만 백신을 맞지 않았던 일부 참가자 가운데서는 23명이 에볼라에 감염됐다고 의학저널 랜싯은 전했다.2013년 말 기니에서 시작돼 인근 라이베리아, 시에라리온으로 확산한 에볼라는 이후 2년 동안 전 세계에서 2만8000명의 감염자를 냈고 이가운데 1만 1300명이 목숨을 잃었다.에볼라 백신은 미국의 거대 제약회사인 머크(Merck)사가 캐나다 당국으로부터 넘겨받아 이미 생산에 착수한 상태다. 유럽연합(EU)과 미 당국의 공식 승인은 내년께 이뤄질 전망이나 이미  30만명 분이 확보된 상황이라고 AFP는 전했다.baebae@▶ 놓치면 후회! 최신 만화 보기 / 2017년 나의 운세 보기[© 뉴스1코리아(news1.kr), 무단 전재 및 재배포 금지]"
79,2016-12-23, 매서운 강추위…화이트 크리스마스 없어,https://news.naver.com/main/read.nhn?mode=LSD&mid=shm&sid1=103&oid=052&aid=0000948849,YTN,"크리스마스 이브인 내일은 또다시 강추위가 찾아옵니다.오늘은 서울 낮 최고 기온이 영하 1.2도로 아침 기온과 큰 차이가 없어 종일 무척 추웠는데요.오늘 밤사이 기온은 더 떨어져, 내일은 서울 아침 기온이 영하 6도까지 곤두박질하겠습니다.현재 위성영상입니다.전국에 구름 잔뜩 끼어 있는데요.충남과 호남, 영동 지방에는 밤사이 눈이 조금 더 내린 뒤 개겠습니다.내일은 고기압의 영향으로 전국에 맑고 파란 하늘이 드러나겠고, 미세먼지 걱정도 없겠습니다.내일 아침 기온, 대부분 지역이 영하권까지 떨어지며 매서운 추위를 보이겠습니다.서울 영하 6도, 대전 영하 4도, 대구는 영하 3도로 시작하겠습니다낮 동안에도 찬바람이 불며 춥겠습니다.서울 낮 기온 3도, 전주 5도, 울산 8도로 예상됩니다.성탄절인 모레 아침까지 영하권의 추위가 이어지겠고요.낮부터는 따뜻한 남서풍이 불면서 평년 기온을 웃돌겠습니다.이후 다음 주 월요일과 화요일에는 전국에 또 한차례 비나 눈이 내릴 전망입니다.날씨정보였습니다.▶ [원포인트생활상식] 생활 속 아이디어 공모전▶ 뉴스 덕후들의 YTN페이스북▶ 내가 만드는 뉴스! YTN제보[저작권자(c) YTN(Yes! Top News) 무단전재 및 재배포 금지]"
80,2016-12-23,핀테크발 은행권 희망퇴직 '칼바람',https://news.naver.com/main/read.nhn?mode=LSD&mid=shm&sid1=101&oid=015&aid=0003704402,한국경제,"핀테크 확산·인터넷은행 출범에 대규모 인력 감축[ 이현일 기자  ] 2800여명이 희망퇴직을 신청한 국민은행 외에 다른 은행들도 잇따라 희망퇴직을 시행하고 있다.핀테크(금융+기술)가 발전하고 모바일·인터넷뱅킹이 확산되면서 지점 수가 줄어드는 등 인력 감축이 필요하기 때문이다. 가계대출 증가 등으로 올해 실적이 괜찮아 대규모 희망퇴직금을 감당할 여력이 생긴 것도 영향을 미치고 있다.23일 금융권에 따르면 농협은행 SC제일은행 등은 지난달부터 대규모 희망퇴직을 했거나 조만간 할 예정이다. 올초 희망퇴직제도를 없앤 기업은행 등 몇 곳을 제외한 대부분 은행에 희망퇴직 ‘칼바람’이 불고 있다.농협은행은 지난달 희망퇴직 신청을 받은 결과 작년(344명)보다 19%가량 많은 410명이 몰렸다. 10년 이상 근무한 만 40세 이상 직원이면 누구나 퇴직금 외에 20개월치 급여를 받고 퇴직하는 조건이다.SC제일은행은 지난달 희망퇴직을 시행해 66명의 직원을 내보내기로 했다. 올해는 만 49세 이상으로 대상자를 제한했지만 적지 않은 인원이 몰렸다. SC제일은행은 지난해 만 40세 이상 직원을 대상으로 희망퇴직 신청을 받아 전 직원의 20%에 가까운 961명이 은행을 떠났다.광주은행도 지난달 만 40세 이상 15년 이상 근속 직원을 대상으로 희망퇴직 신청을 받아 지난해(88명)보다 많은 102명을 퇴직시켰다.하나은행은 이달 22일부터 26일까지 만 38세 이상, 근속 기간 10년 이상인 직원을 대상으로 ‘준정년퇴직’ 희망자를 접수한다. 직급에 따라 22~27개월치 급여를 특별퇴직금으로 지급하는 조건이다. 또 최대 2000만원의 자녀학자금과 최대 1000만원의 건강관리 지원금을 준다. 퇴직 후 재취업이나 창업 지원금으로도 500만원을 준다.우리은행은 이달 26일까지 ‘전직 지원 프로그램’ 신청자를 받고 있다. 임금피크제 대상자는 물론이고 일반 직원도 신청할 수 있다.은행권 관계자는 “올해 은행권의 희망퇴직은 3600여명으로 추정되는 지난해 규모를 훌쩍 뛰어넘을 것으로 예상된다”고 말했다.이현일 기자 hiuneal@hankyung.com[한경닷컴 바로가기] [스내커] [모바일한경 구독신청]ⓒ 한국경제 &hankyung.com, 무단전재 및 재배포 금지"
81,2016-12-23,불신의 시대···쉿! 녹음되고 있습니다,https://news.naver.com/main/read.nhn?mode=LSD&mid=shm&sid1=102&oid=011&aid=0002943162,서울경제,대화·타협 사라져···법 만능주의 팽배녹취 장비 2배이상 팔리고 앱 다운로드 수천만건
82,2016-12-23,"'뇌혈관질환' 기사, 승객 40명 탄 공항버스 운전 '아찔'",https://news.naver.com/main/read.nhn?mode=LSD&mid=shm&sid1=102&oid=001&aid=0008911692,연합뉴스,"팔 떨려 갓길에 급정차 구급차로 이송…파킨슨병 유사 증세로 치료(울산=연합뉴스) 김근주 기자 = 뇌혈관질환을 앓는 70대 기사가 승객 40명가량이 탄 공항리무진버스를 몰다가 양팔이 떨려 간선로 갓길에 갑자기 버스를 세운 아찔한 일이 발생했다.이 버스는 김해공항∼양산∼울산을 오가는 공항리무진 셔틀버스로 양산∼울산은 경부고속도로 구간이어서 고속도로 주행 중 기사가 이상 증세를 보였다면 대형 사고로 이어질 뻔했다.특히 리무진 버스 운행 업체는 울산에 있는 '태화공항버스'로 지난 10월 14일 경부고속도로 언양분기점 화재로 10명의 사망자를 낸 태화관광 대표가 소유하고 있다.공항버스[연합뉴스 자료사진]23일 경찰과 소방당국에 따르면 전날 오후 10시 44분께 부산 대저동 김해공항 인근 마을 앞 도로에서 ""공항버스 운전기사가 손을 떨고 있으며 상태가 좋지 않다""는 승객의 신고가 들어왔다.경찰과 소방당국이 현장에 도착하니 버스는 도로 옆에 정차된 상태였고 버스 기사 A(71)씨는 운전석에 앉아 양팔을 떨고 있었다.이 공항버스는 김해공항에서 오후 10시 20분에 출발해 울산 태화로터리로 가는 것으로 출발 후 5㎞ 정도 운행했을 때 버스 기사 A씨의 팔이 떨리면서 갑자기 차를 갓길에 세운 것이다.결국, A씨는 119구급차로 이송됐고, 해당 버스 업체인 태화공항버스 측은 다른 기사를 보내 같은 버스에 승객들을 울산까지 태워 갔다.이 때문에 승객들이 예정보다 1시간가량 늦게 울산에 도착하는 불편을 겪었다.승객들은 업체 측에 ""어떻게 아픈 사람이 대형 사업용 버스를 몰 수 있느냐""며 강하게 항의하기도 했다.더 황당한 것은 A씨가 뇌혈관질환으로 통원 치료를 받고 있는 환자라는 점이다.A씨는 울산의 한 병원에서 손 떨림, 운동능력 둔화 등 파킨슨병과 유사한 증세 때문에 정기적으로 약을 처방받은 것으로 확인됐다.결국, 언제 떨림이나 경직 증상이 발생할지 모르는 70대 기사가 승객 40명을 태우고 운전한 것이다.A씨는 이 공항버스업체서 15년가량 일하다가 지난 2월 퇴사했으나 업체 측의 요청을 받고 지난 21일부터 운전을 한 것으로 알려졌다.업체 관계자는 ""지난 이틀 동안 일할 때 다시 입사 원서를 쓰고 난 뒤 운전했다""며 ""A씨에게 심각한 질환이 있는지 몰랐다""고 말했다.대형 인명 사고를 낸 태화관광 대표가 이 업체를 소유한 것으로 알려지면서 이 업체의 안전 불감증과 당국의 관리·감독 허술이 다시 도마 위에 올랐다.이 업체는 경남도 인허가를 받아 공항 리무진 노선 영업을 하는 것으로 알려져 경남도의 관리·감독이 제대로 이뤄졌는지 철저히 조사해야 한다는 지적이 나오고 있다.'2개 시도에 걸친 운송사업 허가는 인근 도지사에게 맡긴다'고 규정한 '여객자동차운수사업법 시행규칙'도 개정할 필요가 있다는 여론이다. 도 단위에 무조건 인허가권을 줄 것이 아니라 법인이 소재한 광역시에서 관리해야 점검과 감독을 효율적으로 할 수 있기 때문이다.여객자동차운수사업법과 교통안전공단이 정한 고령운전자 자격유지검사도 강화해야 한다는 지적이다.사업용 버스 운전사의 나이가 70세 이상이면 매년 자격유지검사를 받도록 하고 있으나, 질환 여부는 확인하지 않고 시야 각(角)·신호등 검사 등 운전기능 검사만 하고 있다. 평소 질환이 있는 운전사가 사업용 대형 버스회사에 취업한다면 대형 사고 가능성이 크다.canto@yna.co.kr"
83,2016-12-23,檢 '면세점 입점로비' 롯데 신영자 징역 5년 구형,https://news.naver.com/main/read.nhn?mode=LSD&mid=shm&sid1=101&oid=421&aid=0002470532,뉴스1,"신영자 롯데장학재단 이사장. © News1검찰 ""지위 이용해 업체들로부터 입점대가 받았다""(서울=뉴스1) 성도현 기자 = 롯데면세점 입점 대가로 수십억을 받고 회삿돈을 자녀에게 지급하는 등 80억원대 횡령·배임 혐의로 재판에 넘겨진 신영자 롯데장학재단 이사장(74)에게 검찰이 징역 5년을 구형했다.서울중앙지법 형사합의23부(부장판사 현용선) 심리로 23일 열린 결심공판에서 검찰은 ""백화점·면세점에서 지위를 이용해 업체들로부터 입점 대가로 30억원 이상을 받고 회삿돈을 40억원 넘게 빼돌렸다""며 징역 5년과 추징금 32억3200여만원을 구형했다.검찰은 ""신 이사장은 개인적인 이익을 추구하고 (회사를) 자녀의 부를 증식하기 위한 수단으로 이용했다""며 ""공정한 거래질서를 훼손해 깊은 반성이 필요하며 엄중한 책임을 물어야 한다""고 지적했다.그러면서 ""면세점 입점 대가를 적극적으로 요구하고 네이처리퍼블릭 매장을 이동시켜 다른 매장을 쫓겨나게 했다""고 덧붙였다.검찰은 또 ""재벌의 부는 자신들의 노력만으로 이뤄지는 게 아니라 서민들의 노력과 희생이 토대가 된다""며 ""재벌의 잘못된 행동과 판단으로 서민들의 삶이 좌우될 수 있다""고 말했다.이에 신 이사장 측 변호인은 최후변론에서 혐의를 모두 부인하며 무죄를 주장했다. 또 30억여원 전액을 롯데쇼핑 등에 공탁한 점, 부정한 업무처리를 하지 않은 점 등도 강조했다.신 이사장은 최후진술에서 ""아버님과 가족들, 롯데에 씻을 수 없는 불명예를 남기게 됐다""며 ""사회에 복귀할 수 있다면 봉사하면서 남은 인생은 속죄하며 살겠다""고 선처를 호소했다.신 이사장은 2007년 2월부터 올해 5월까지 초밥집 프랜차이즈 업체 G사 대표로부터 롯데백화점 입점 청탁과 함께 그 대가로 11억5600여만원을 받은 혐의(배임수재)로 구속기소됐다.또 평소 친분이 있던 군납브로커 한모씨(58·구속기소)를 통해 정운호 전 네이처리퍼블릭 대표(51·구속기소)로부터 면세점 입점 청탁명목으로 6억6000여만원을 받는 등 20억7500여만원을 받은 혐의도 있다.이밖에 아들 회사인 비엔에프(bnf)통상에 세 딸을 등기임원으로 올려놓고 급여 명목으로 35억6200여만원을 지급하는 등 47억4000여만원의 회삿돈을 빼돌린 혐의(특정경제범죄 가중처벌법상 횡령 등)도 있다.신 이사장에 대한 선고 공판은 다음 달 19일 오전 10시30분에 열린다.한편 신 이사장은 2006년 신격호 로데그룹 총괄회장(94)으로부터 일본 롯데홀딩스 지분 3%(약 13만주)를 증여받고 증여세 560억원을 내지 않은 혐의로도 추가 기소돼 같은 법원에서 재판을 받고 있다.dhspeople@news1.kr▶ 놓치면 후회! 최신 만화 보기 / 2017년 나의 운세 보기[© 뉴스1코리아(news1.kr), 무단 전재 및 재배포 금지]"
84,2016-12-23,朴대통령 조여오는 '뇌물' 혐의…특검의 3가지 숙제,https://news.naver.com/main/read.nhn?mode=LSD&mid=shm&sid1=100&oid=008&aid=0003795126,머니투데이,"[머니투데이 이상배  기자] [[the300] △부정한 청탁 △대가성 △고의성 모두 입증해야… ""판례상 정황 증거로도 뇌물죄 인정""]박영수 특별검사/ 사진=뉴스1박영수 특별검사팀이 박근혜 대통령과 최순실(개명 후 최서원)씨, 삼성그룹 간 제3자 뇌물수수 의혹을 뒷받침하는 정황들을 포착한 것으로 알려지면서 특검이 박 대통령의 제3자 뇌물 혐의를 입증할 수 있을지 관심이 쏠린다.특검이 박 대통령에 삼성 관련 제3자 뇌물 혐의를 적용하려면 △부정한 청탁 △대가성 △고의성이 모두 있었음을 증명해야 한다. 박 대통령과 삼성 측 모두 이 3가지를 부인할 가능성이 높다는 점에서 특검이 확실한 정황 증거를 제시할 수 있을지가 관건이다.23일 법조계에 따르면 특검팀은 삼성이 지난해 국민연금의 삼성물산-제일모직 합병 찬성 표결을 끌어내기 위해 최씨의 딸 정유라씨의 독일 승마 전지훈련 비용을 지원하려 했다는 정황을 포착한 것으로 전해졌다. 삼성은 지난해 8월 최씨 소유의 독일 법인 코어스포츠(현 비덱스포츠)와 승마 선수 지원을 위한 총 257억원의 계약을 맺었다. 당시 계약에 관여했던 노승일 K스포츠재단 부장은 전날 국회에서 열린 '최순실 국정농단 사건' 국정조사특별위원회 5차 청문회에서 ""그때 코어스포츠는 사무실조차 없었는데도, 삼성이 계약을 서두르고 있다는 얘기를 들었다""고 말했다.삼성이 삼성물산-제일모직 합병 승인을 위한 주주총회를 앞두고 최씨 측에 국민연금의 찬성 표결을 위한 협조를 요청하며 그 대가로 정씨의 승마 훈련비 지원을 약속했을 가능성을 특검은 주목하고 있다. 국민연금은 지난해 7월17일 삼성물산 주총에서 합병에 찬성표를 던졌고, 8일 뒤 박 대통령과 이재용 삼성전자 부회장은 처음으로 독대했다.형법 제130조에 따르면 제3자 뇌물죄는 공무원 또는 중재인이 그 직무에 관해 부정한 청탁을 받고 제3자에게 뇌물을 공여하게 하거나 공여를 요구 또는 약속한 경우 성립한다. 특검이 박 대통령에게 삼성 관련 제3자 뇌물죄를 적용하려면 부정한 청탁과 대가 관계가 있었음을 증명해야 하는 셈이다. 또 박 대통령이 이를 통해 최씨에게 경제적 이득이 갈 것을 미리 알고 있었다는 고의성도 입증해야 한다. 최진녕 법무법인 로고스 변호사는 ""과실 치사죄는 있어도 과실 뇌물죄는 없다""며 ""제3자 뇌물죄도 고의성이 있었다는 것까지 입증해야 성립할 수 있다""고 말했다.그러나 박 대통령 뿐 아니라 삼성 역시 △부정한 청탁 △대가성 △고의성을 인정할 가능성은 희박하다. 뇌물죄가 뇌물을 받은 쪽 뿐 아니라 준 쪽도 처벌을 받는 쌍벌죄라는 점에서다. 특히 삼성의 경우 뇌물죄로 기소되면 미국 해외부패방지법(FCPA)에 따라 미국 조달시장에서 퇴출되고 현지 주주들로부터 집단소송을 당하는 등 심각한 피해를 입을 가능성이 있다. 외국 공무원에게 뇌물을 주거나 회계 부정을 저지른 기업을 처벌하는 FCPA는 미국 기업뿐 아니라 삼성전자처럼 미국에 현지법인·공장 등 주요 사업장을 가진 기업에도 적용된다.결국 관건은 특검이 박 대통령과 삼성의 제3자 뇌물죄 혐의에 대해 얼마나 신빙성 있는 정황 증거들을 확보하느냐다. 신민영 변호사는 ""뇌물죄는 특성상 물증을 확보하기 쉽지 않아 구체적인 정황 증거로 입증하는 경우가 대부분""이라며 ""당사자들이 대가성을 부인하더라도 정황 증거 만으로 법원이 합리적 의심을 배제할 정도로 명백하다고 판단해 대가성을 인정한 판례가 적지 않다""고 말했다.[이코노미스트들의 깊이있는 투자정보 'TOM칼럼'][부자들에게 배우는 성공 노하우 '줄리아 투자노트'  ][내 삶을 바꾸는 정치뉴스 'the 300']이상배  기자 ppark140@gmail.com<저작권자 ⓒ '돈이 보이는 리얼타임 뉴스' 머니투데이, 무단전재 및 재배포 금지>"
85,2016-12-23,"정유라 측 ""망명 신청설 사실 무근""…자진입국에 무게",https://news.naver.com/main/read.nhn?mode=LSD&mid=shm&sid1=100&oid=001&aid=0008911285,연합뉴스,"(서울=연합뉴스) 이지헌 최송아 기자 = '비선 실세' 최순실씨 딸 정유라(20)씨가 조만간 자진입국 여부를 결정할 것으로 보인다.최씨의 국정농단 사건을 수사 중인 박영수 특별검사팀은 독일에 체류 중인 것으로 알려진 정씨를 강제소환하는 절차에 착수한 상태다.정씨 변호를 맡은 이경재 변호사는 23일 연합뉴스 통화에서 ""정씨가 스위스에 망명을 시도한다는 추측성 보도가 나오는 데 이는 사실이 아니다""라며 ""정씨가 망명을 한다해도 대체 어느 나라로 할 수 있겠나""라고 말했다.그는 ""정씨가 먼저 전화를 해올 때만 연락이 되는데 최근 들어서는 연락한 적이 없다""며 ""다만 현지서도 국내 언론 보도를 보기 때문에 체포영장 발부 사실을 아마도 알고 있을 것""이라고 전했다.정씨는 돌 지난 아들과 함께 독일에 있는 것으로 알려졌을 뿐 구체적인 행적은 묘연한 상태다.언론 보도 등에 따르면 정씨로 추정되는 인물의 행적이 최종적으로 목격된 시점과 장소는 체포영장이 발부되기 전인 15일 독일 프랑크푸르트에서다.국내 한 매체는 정씨가 이날 최씨 모녀를 돕는 윤영식(데이비드 윤)씨 등 남성 5명과 함께 BMW 차량을 타고 프랑크푸르트 중심가를 지나가는 장면이 현지 교민에게 목격됐다고 23일 보도했다.법조계 관계자들은 한국과 독일 간 사법공조로 독일 현지에도 정씨에 대한 수배령이 떨어지게 되므로 그 전에 정씨가 자진 귀국을 결정할 가능성이 크다고 내다본다.외교부마저 여권 무효화 작업에 착수한 만큼 돌이 갓 지난 아기를 돌봐야 하는 정씨 입장에서는 독일 당국에 체포된 뒤 강제송환 당하는 것보다는 자진 귀국의 길을 택할 것이란 설명이다.이 변호사 역시 그동안 정씨가 힘들더라도 소환에 순응하는 게 좋다는 의견을 전해왔다.정씨는 귀국할 경우 어머니 최씨가 이미 구속된 상황에서 아들을 믿고 맡길 곳을 찾지 못해 쉽사리 귀국 결정을 내리지 못하는 것으로 알려졌다.앞서 박영수 특검은 20일 이화여대 부정입학과 학사비리 등 업무방해 혐의로 정씨의 체포영장을 발부받았으며, 이를 토대로 독일 사법당국에 사법공조를 요청했다.외교부도 특검 요청에 따라 22일 여권 반환 명령서를 송부하는 등 여권 무효화 절차에 착수했다.pan@yna.co.kr[연합뉴스TV 제공]"
86,2016-12-23,코레일 자유석도 앱 예약 가능…8건 국토교통 규제 개선,https://news.naver.com/main/read.nhn?mode=LSD&mid=shm&sid1=103&oid=003&aid=0007671098,뉴시스,"【서울=뉴시스】김민기 기자 = 그동안 코레일 열차표 중 좌석지정 승차권만 스마트폰 어플리케이션으로 예약이 가능했으나 앞으로는 자유석에 대해서도 온라인 예약이 가능해질 전망이다.또 도로변에 수소차 충전소 설치가 가능해지고 전기차 충전 시설 도로점용료도 50% 감면된다.국토교통부는 23일 서울 대한상공회의소 중회의실에서 김경환 제1차관 주재로 '국토교통 규제개혁 현장점검 회의'를 개최하고 이와 같은 제도개선 방안을 확정했다.지난 10월 이후 다섯 번째로 개최되는 이번 규제개혁 현장점검회의에서는 현장 건의과제 8개에 대해 조속한 실현 가능한 대안을 논의했다.우선 기업 부담을 완화하고, 투자를 촉진하기 위해 공개공지 설치 시 인센티브 적용 대상을 확대키로 했다.현재는 주상복합 건축물에 공개공지 조성 시 중·소규모 공동주택은 건축 기준 완화가 가능한 반면 주택법 적용대상 공동주택(300세대 이상)은 완화 적용이 불가능하다.하지만 앞으로는 주상복합 건축물에 공개공지를 설치하는 경우 주택법 적용을 받는 공동주택도 건축 기준을 완화 적용하도록 개선해 공개공지 설치를 확대할 전망이다.수소차, 전기차 충전인프라 구축도 지원한다.그동안 친환경차 충전시설은 주유소 등과 같이 도로변에 구축할 수 있었으나 수소차 충전소는 도로점용 허가 대상에 포함되지 않아 설치할 수 없었다. 전기차 충전시설에 대한 도로점용료 감면 규정도 없었다.앞으로는 도로 점용허가를 받을 수 있는 공작물에 수소차 충전시설을 포함하고, 전기차 충전시설의 도로점용료도 50% 감면한다.도시자연공원구역에 송전선로 설치가 가능해진다. 도시자연공원구역은 개발제한구역과 달리 송전선로 등 전기공급설비 설치 행위가 제한돼 송전선로 설치가 불가능하다.이에 개발제한구역과 동일하게 도시자연공원구역에서도 지자체장 허가를 받아 송전선로 등 전기공급설비를 설치할 수 있도록 행위 허용 대상에 포함한다.또 생활 속 작은 불편을 개선해 국민 편의를 제고키로 했다.그동안 코레일 열차의 좌석지정 승차권은 스마트폰 앱으로 예매 가능하나 자유석 승차권은 역 창구에서만 구매 가능했다. 앞으로는 코레일 열차 자유석도 스마트폰 앱으로 승차권 구매가 가능하다.항공기 조종사와 달리 관제사는 항공신체검사(제3종)에서 색각 이상으로 판정된 경우 관제업무 수행이 제한됐다. 앞으로는 색각 이상으로 판정됐더라도 조종사와 같이 추가 검사를 통해 관제업무 수행에 지장이 없다고 판정된 경우 합격이 가능하다.소상공인 부담을 완화하고, 영업 활동을 촉진하기 위해 도로점용료 소액징수 면제 금액을 상향한다.현재는 도로점용료가 5000원 미만일 경우에만 미부과했다. 앞으로는 우편료, 인건비 등 실제 행정비용을 고려해 소액 징수 면제금액을 5000원에서 1만원으로 상향 조정한다.개발제한구역 내 도로용지에 노외주차장을 설치하고 물건 적치를 허용한다. 그동안은 개발제한구역 내 대지화 돼 있는 토지에는 물건 적치와 노외주차장 설치가 가능하나 도로용지는 불가능했다.앞으로는 대지화한 토지 종류에 도로 용지를 포함해 폐도 부지나 고가도로 하부 등에서 물건의 적치와 노외주차장이 허용된다.화물자동차 차고지 설치 확인 제도도 개선한다. 그동안은 화물자동차운송사업 허가 신청 시 차고지 설치 지역과 운송사업 허가 지역이 다른 경우 신청자가 차고지 설치 관할관청에서 차고지 설치 확인서를 직접 받아서 허가 관할관청에 제출해야했다.앞으로는 차고지 설치 관할관청에서 차고지 설치 확인서를 허가 관할관청으로 직접 송부하도록 해 신청자가 재방문하지 않아도 된다.김경환 1차관은 ""국토부는 기업의 투자의욕을 고취하고, 국민 실생활의 불편을 제거하는 현장 중심 규제 개혁을 적극적으로 추진해왔다""며 ""앞으로도 '규제개혁은 민생이다'는 신념으로 일상생활의 낡은 규제들을 찾아내 개선하겠다""고 전했다.kmk@newsis.com뉴시스 뉴스, 네이버 뉴스 스탠드에서도 만나세요뉴시스 SNS [페이스북] [트위터]<저작권자ⓒ 공감언론 뉴시스통신사. 무단전재-재배포 금지.>"
87,2016-12-23,"대한항공 기내 난동 피의자 ""26일 오전 경찰 출석""",https://news.naver.com/main/read.nhn?mode=LSD&mid=shm&sid1=102&oid=001&aid=0008910650,연합뉴스,"여승무원 2명·정비사 진단서 제출…폭행→상해로 죄명 변경포박당한 기내 만취 승객(서울=연합뉴스) 운항 중인 대한항공 기내에서 만취한 승객이 난동을 피우고 승무원을 폭행한 사건이 발생했다. 21일 대한항공과 USA 투데이 등 미국 언론에 따르면 전날 오후 4시 20분께(한국시각) 베트남 하노이에서 출발해 인천으로 향하던 여객기 KE480편 프레스티지석에서 승객 임모(34)씨가 만취 상태로 옆자리 승객과 승무원들에게 주먹을 휘두르고 침을 뱉는 등 난동을 피웠다. 사진은 사건 당시 포박당한 승객 임씨의 모습. 2016.12.21photo@yna.co.kr(인천=연합뉴스) 손현규 기자 = 팝스타 리처드 막스(53)가 사회관계망서비스(SNS)를 통해 알린 '대한항공 기내난동 사건'의 피의자 임모(34)씨가 26일 오전 경찰에 출석해 조사를 받을 예정이다.인천국제공항경찰대는 피의자 신분으로 불구속 입건돼 귀가한 임씨를 26일 오전 10시께 소환해 조사할 계획이라고 23일 밝혔다.경찰은 앞서 임씨에게 ""늦어도 23일 오후 1시까지 출석해 피의자 조사를 받으라""고 통보했지만, 그는 ""변호사를 선임한 뒤 상의하겠다""며 출석 시점을 명확하게 밝히지 않았다.경찰이 이날 오전 다시 출석을 종용하자 임씨는 ""변호사를 선임했다""며 ""변호사가 이번 주말에는 다른 일정이 있어 다음 주 월요일(26일)에 경찰서에 함께 나가 조사를 받겠다""고 말했다.승무원 폭행하는 기내 만취 승객(서울=연합뉴스) 운항 중인 대한항공 기내에서 만취한 승객(오른쪽)이 난동을 피우고 승무원을 폭행한 사건이 발생했다. 21일 대한항공과 USA 투데이 등 미국 언론에 따르면 전날 오후 4시 20분께(한국시각) 베트남 하노이에서 출발해 인천으로 향하던 여객기 KE480편 프레스티지석에서 승객 임모(34)씨가 만취 상태로 옆자리 승객과 승무원들에게 주먹을 휘두르고 침을 뱉는 등 난동을 피웠다. 사진은 승객 임씨가 승무원을 폭행하는 모습. 2016.12.21photo@yna.co.kr임씨는 20일 오후 2시 20분께 베트남 하노이공항을 출발해 오후 6시 35분께 인천공항에 도착 예정인 대한항공 여객기 KE480편 프레스티지석(비즈니스석)에서 술에 취해 옆자리에 앉은 한국인 A(56)씨의 얼굴을 1차례 때리는 등 2시간가량 난동을 부린 혐의를 받고 있다.그는 자신을 포승줄로 묶으려던 객실 사무장 B(36·여)씨 등 여승무원 2명의 얼굴과 복부를 때리고 출장차 여객기에 탑승해 있다가 자신을 함께 말리던 정비사에게 욕설과 함께 침을 뱉으며 정강이를 걷어찬 혐의도 받았다.임씨의 발에 복부를 차인 B씨는 요추 염좌로, 나머지 여승무원과 정비사는 팔등과 손등 부상을 이유로 각각 전치 2주의 상해 진단서를 최근 경찰에 제출했다.국내 한 대기업 임원인 A씨는 ""피해가 크지 않다""며 별도의 진단서를 내진 않았다.경찰은 피해자들이 상해 진단서를 제출함에 따라 피의자 신분인 임씨의 죄명을 폭행에서 상해로 변경하고 구속 수사도 검토하고 있다. 항공보안법 위반죄도 그대로 유지된다.경찰은 처벌이 중한 상해로 죄명이 바뀜에 따라 조사 후 임씨의 구속영장을 신청하는 방안도 검토하고 있다.임씨는 국내 한 화장용품 제조업체 대표의 아들로 확인됐다.son@yna.co.kr요즘 '#흥' 모르는 네티즌도 있나요?"
88,2016-12-23,"특검 ""세월호 7시간, 수사대상인지 검토""…최순실 재산 추적",https://news.naver.com/main/read.nhn?mode=LSD&mid=shm&sid1=100&oid=001&aid=0008911557,연합뉴스,"[연합뉴스TV제공]애초에는 ""수사대상"", 헌재 나서자 '신중론'…수사기록 제출 협의 중'최순실 재산' 전담팀 구성…대기업 총수 '대가성 사면' 의혹도 수사(서울=연합뉴스) 이세원 최송아 기자 = '최순실 게이트'를 수사 중인 박영수 특별검사팀은 세월호 참사 당일 7시간 동안 박근혜 대통령의 행적을 둘러싼 의혹을 정식으로 수사할지 결론을 내지 못했다는 입장을 밝혔다.특검팀 대변인인 이규철 특검보는 ""세월호 (침몰 당일) 7시간을 검토해보면 특검법(이 정한) 수사대상 1호부터 14호 중 어디에 해당하는지 명확하지 않다""며 ""그래서 그 부분도 심도 있게 검토하고 있다""고 23일 말했다.이 특검보는 ""수사대상이 아닌 것을 (수사)하면 문제의 소지가 있다""며 ""추후 문제가 없도록 사전 검토를 철저하게 할 예정""이라고 설명했다.그는 7시간 의혹을 수사대상에서 제외한 것이냐는 물음에는 ""(특검법상) 어디에 해당하는지 그런 부분을 검토해서 고려한다는 취지""라고 부연했다.이 특검보는 박 대통령의 세월호 침몰 당일 7시간의 행적을 구체적으로 밝히라고 전날 헌법재판소가 요구한 것과 관련해 이들 사안이 특검 수사대상이기도 하다는 지적에 이 같은 입장을 내놓았다.박 특검은 이달 초 특검 발족 직후 기자들과 만나 ""문건 유출과 세월호 7시간 부분도 같이 들여다볼 것""이라고 수사 의지를 표명한 바 있다.특검팀은 헌재가 7시간에 관한 사실관계를 규명하려는 의지를 밝힌 상황인 만큼 법적인 근거를 명확하게 한 후 수사 여부를 신중하게 결정하는 것이 좋다고 판단한 것으로 풀이된다.특검법은 청와대 관계자의 국가 기밀 누설 혐의 등 14가지 사안을 수사대상으로 규정했으며 이들 의혹을 파헤치다 포착된 사건도 인지 수사할 수 있다고 가능성을 열어뒀다.특검은 수사의 최대 승부처인 박 대통령 조사에 앞서 청와대를 압수수색하기 위해 계속 법리를 검토 중이다.일각에서는 청와대를 군사·보안구역과 군사·보안구역이 아닌 영역으로 나눠 영장을 발부받는 방안이 거론되고 있다. 이 특검보는 ""특별히 결정된 바는 없다""고 말했다.특검은 헌재가 '최순실 게이트' 수사기록 제출을 요구하고 이에 관한 박 대통령 측의 이의 신청을 기각한 것과 관련해 ""원본은 검찰이 가지고 있으므로 검찰과 그 부분에 대해서 협의 중""이라고 설명했다.검찰은 ""헌재의 결정을 존중하며 그 결정 취지에 따라 기록 송부의 범위와 방법에 대해 헌재 측과 협의하여 가장 효율적인 방법을 강구할 예정""이라고 밝혔다.브리핑하는 이규철 특검 대변인    (서울=연합뉴스) 서명곤 기자 = 박근혜 대통령의 비위 의혹과 최순실 게이트를 수사 중인 특검팀 이규철 대변인이 23일 오전 서울 강남구 대치동 특검 사무실에서 브리핑을 하고 있다.     2016.12.23    seephoto@yna.co.kr한편 특검은 최씨가 독일에 8천억원이 넘는 재산을 보유한 것을 비롯해 유럽 각국에 최대 10조원의 차명재산을 보유하고 있다는 의혹이 일부 언론을 통해 제기된 것과 관련해 재산 추적 전문가를 새로 기용했다.특검팀은 재산 추적 경험이 많은 변호사 1명과 역외 탈세 조사에 밝은 국세청 간부 출신 1명을 특별수사관으로 채용했다고 밝혔다.특검은 최씨 딸 정유라씨의 비위 의혹을 규명하기 위해 참고인 여러 명을 특검 사무실로 소환해 조사했다.이 특검보는 최태원 SK그룹 회장의 사면을 대가로 최씨 측에 자금 출연이 이뤄졌다는 의혹을 비롯해 대기업 총수가 대가성 사면을 받았다는 의혹도 수사대상이라고 밝혔다.특검팀은 애초에 23일 주요 참고인이나 피의자를 공개 소환하는 방안을 추진했으나 제반 사정을 검토한 결과 이를 다소 늦추기로 한 것으로 전해졌다.앞서 압수수색한 국민연금공단과 보건복지부를 대상으로 관계자 참고인 조사는 계속 진행 중이다.특검은 최씨의 단골 병원인 김영재의원 원장 김영재 씨가 세월호 참사 당일 장모를 진료하고 진료기록부에 남겼다고 주장한 서명이 다른 환자 기록부 서명과 다르다는 의혹도 수사 중이다.이 특검보는 ""필적 감정 등이 진행 중""이라고 설명했다.자리에 앉는 박근혜 대통령 탄핵심판 수명재판관    (서울=연합뉴스) 임헌정 기자 = 박근혜 대통령 탄핵심판 사건 수명재판관인 이진성(왼쪽부터), 이정미, 강일원 헌법재판관이 22일 오후 서울 종로구 재동 헌법재판소 소심판정에서 열린 제1회 준비절차기일에서 자리에 앉고 있다. 2016.12.22    kane@yna.co.krsewonlee@yna.co.kr"
89,2016-12-23,헌재·특검 동시 압박…'세월호 7시간' 이번엔 밝혀질까,https://news.naver.com/main/read.nhn?mode=LSD&mid=shm&sid1=100&oid=421&aid=0002470448,뉴스1,"박근혜 대통령이 세월호 참사 당일 오후 서울 정부청사 중앙재난안전대책본부를 찾아 전남 진도 해상에서 침몰한 여객선 사고 사고 상황에 대해 보고 받고 있다. (청와대 제공) 2014.4.16/뉴스1헌재는 ""시각별로 밝혀라""…특검도 팀 꾸려 수사(서울=뉴스1) 김수완 기자 = 박영수 특별검사팀에 이어 헌법재판소까지 박근혜 대통령(64)의 '세월호 7시간'을 정조준했다. 세월호 참사 당일 박 대통령이 어디에서 어떤 일을 했는지, 양 기관에 동시 압박에 들어가면서 그 동안 베일에 가려져 있던 '세월호 7시간'의 실체가 규명될 수 있을지 관심이 집중되고 있다.헌재는 22일 오후 2시 열린 박 대통령 탄핵심판 1회 준비절차기일에서 세월호 참사 당일 박 대통령의 시각별 행적과 입증 자료를 제출하라고 박 대통령 측 대리인에게 요청했다.국회에서 의결된 박 대통령 탄핵소추안에는 '세월호 7시간'이 탄핵소추 사유 중 하나로 기재돼 있다. 국가적 재난을 맞아 즉각적으로 국가의 총체적 역량이 투입돼야 할 위급한 상황에서 행정부 수반으로서 최고결정권자이자 책임자인 대통령이 아무런 역할을 수행하지 않은 것은 대통령의 헌법상 의무를 위반한 것이라는 지적이다.헌재 역시 탄핵소추 사유를 5가지로 유형화하면서 이 부분을 하나의 유형으로 따로 떼내어 분류했다.헌재는 문제의 7시간 동안 박 대통령이 청와대 어느 곳에 있었는지, 구체적으로 어떤 업무를 봤는지를 시각별로 밝혀달라고 박 대통령 측 대리인에게 요구했다. 서면으로 밝힐 것인지 구두로 밝힐 것인지, 언제까지 밝히면 되는지 등은 따로 정하지 않았다.헌재마저 압박에 나서자 박 대통령 측 대리인단인 이중환 변호사는 박 대통령으로부터 직접 당시 행적을 확인하겠다는 뜻을 밝혔다.박근혜·최순실 국정농단 의혹을 수사 중인 박영수 특별검사팀 역시 '세월호 7시간' 규명하기 위한 수사팀을 따로 꾸려 수사를 진행하고 있다. 양재식 특별검사보, 김창진 서울중앙지검 특수2부 부부장검사 등이 이 팀에 합류해 관련 수사를 진행하고 있다.다만 특검팀은 수사에 착수할지 여부를 검토 중이라며 다소 조심스러운 입장을 밝혔다.특검팀 대변인인 이규철 특검보는 23일 브리핑에서 ""'세월호 7시간'이 특검법 수사 대상 어디에 해당하는지 명확하지 않아 심도 있게 검토하고 있다""며 ""수사 대상이 아닌 것을 수사했다가 나중에 문제 될 소지가 있기 때문에 문제가 없도록 사전 검토를 할 예정""이라고 말했다.'세월호 7시간'에 대해서는 현재까지 명확하게 밝혀진 것 없이 소문만 무성한 상황이다.다만 세월호 참사 시각 박 대통령이 청와대 머물렀다는 사실, 세월호 참사 당일 오후 박 대통령이 20여분간 머리 손질을 했다는 사실은 청와대도 인정하면서 일부 퍼즐 조각은 맞춰졌다. 그러나 박 대통령 측은 나머지 시간에는 '정상적인 업무'를 봤다는 주장을 펼치면서 구체적인 행적은 공개하지 않고 있다.박 대통령 측은 헌재에 제출한 답변서에도 ""세월호 사고 당시 청와대에서 정상 근무하면서 해경, 안보실 등 유관기관 등을 통해 피해자 구조를 위해 최선을 다하도록 지시했다""며 ""대규모 인명 피해 정항이 드러나자 신속하게 중앙재해대책본부에 나가 현장 지휘를 했다""고 주장했다.'세월호 7시간'의 열쇠를 쥐고 있는 인물로 분류돼 국회 청문회에 출석한 증인들도 구체적인 증언은 피했다.김기춘 전 대통령 비서실장은 ""대통령 관저에서 사사롭게 일어나는 일을 저에게 얘기해준 사람이 없고, 저는 (박 대통령이) 몇 시에 일어나시고 머리를 언제하시고 이런 것을 몰랐다""고 주장했다.신보라 전 간호장교, 김영재 원장 등 '미용시술 의혹'과 관련된 증인들 역시 세월호 침몰 참사 당일 박 대통령에 대한 진료가 없었던 것으로 안다는 취지로 진술했다.김장수 전 국가안보실장 등 세월호 참사 당일 보고라인에 있었던 관계자들을 상대로 박 대통령의 동선을 추궁하기도 했지만 역시 성과는 없었다.박 대통령 측 변호인단은 헌재의 압박에 못 이겨 박 대통령에게 직접 세월호 7시간을 물어보겠다는 입장을 밝혔지만 이 역시 제대로 밝혀질 수 있을지는 미지수다.헌재는 박 대통령 측에게 '국회의 청구에 효과적으로 반박하기 위해 박 대통령의 행적을 제출할 필요가 있다'는 취지의 조언을 한 것일 뿐이라고 설명했다. 탄핵심판 구조상 박 대통령이 생명권 보호 의무를 위반했다는 사실은 국회가 입증해야 하기 때문이다.즉 박 대통령의 세월호 7시간 행적이 헌재에 제출되지 않을 가능성은 여전히 남아 있는 셈이다. 이 경우 헌재는 국회가 제출한 자료 등을 근거로 박 대통령이 생명권 보호 의무를 위반했는지 여부를 결정하게 된다.앞서 박 대통령 측은 세월호 참사 당일 보고 내역을 제출해 달라는 법원의 요청에 한 차례 불응한 전력이 있다. 하승수 녹색당 공동운영위원장이 대통령 비서실장 등을 상대로 ""박 대통령에게 서면 보고한 내용을 공개하라""며 낸 소송에서 1심 재판부는 관련 기록을 제출해달라고 요청했다. 공개해서는 안 될 국가 기밀 사안인지 확인하기 위해 재판부가 먼저 살펴볼 필요가 있다는 이유에서였다.그러나 청와대 측은 법원의 자료 제출 요구를 거부했다. 결국 1심 재판부는 자료를 검토하지도 못한 상태에서 세월호 참사 당일을 포함해 2013년 3월~2014년 7월 대통령 비서실 등에서 생산·접수한 정보목록과 특수활동비·국외여비 집행내역, 2014년 7월 인건비 외 예산지출 관련 증빙자료는 공개하라고 판결했다.abilitykl@▶ 놓치면 후회! 최신 만화 보기 / 2017년 나의 운세 보기[© 뉴스1코리아(news1.kr), 무단 전재 및 재배포 금지]"
90,2016-12-23,"인명진, 이완영 징계예고 ""국정조사 활동 부적절""",https://news.naver.com/main/read.nhn?mode=LSD&mid=shm&sid1=100&oid=008&aid=0003795105,머니투데이,"[머니투데이 김성휘  기자] [[the300]비대위원장 첫 업무로 지목 ""윤리위 회부해 응분의 책임 져야""]새누리당이 비상대책위원장에 인명진 목사를 23일 지명했다. 사진은 인 목사(전 한나라당 윤리위원장)가 지난 6월 13일 서울 여의도 국회 의원회관에서 열린 '개헌, 우리 시대의 과제' 국가전략포럼에서 발표를 하고 있는 모습. (뉴스1 DB) 2016.12.23/뉴스1  <저작권자 © 뉴스1코리아, 무단전재 및 재배포 금지>보수진영 원로인 인명진 목사가 23일 새누리당 비상대책위원장직을 수락하고 첫 업무로 이완영 최순실게이트 국정조사 특위 간사의 징계를 예고했다.인 목사는 이날 오후 여의도 새누리당사에서 비대위원장을 수락하는 기자회견을 갖고 비대위원장이 가장 먼저 할 일에 대해 ""이완영 의원을 (윤리위로) 불러들이는 것""이라고 잘라 말했다.이 의원은 국정조사 청문회 증인과 위증을 사전모의했거나 최순실씨 변호인으로부터 청부 질문 요청을 받고 이를 실행했다는 의혹을 받고 있다.인 목사는 ""(정우택) 원내대표에게도 말했지만 이완영 의원은 더이상 국조위원 활동이 부적합하다""며 ""당장 당으로 돌아와야 한다고 생각한다""고 밝혔다. 또 ""윤리위원회가 제대로 구성 안됐지만, (구성 후) 회부해서 응분의 책임을 져야할 것""이라고 말했다.[이코노미스트들의 깊이있는 투자정보 'TOM칼럼'][부자들에게 배우는 성공 노하우 '줄리아 투자노트'  ][내 삶을 바꾸는 정치뉴스 'the 300']김성휘  기자 sunnykim@mt.co.kr<저작권자 ⓒ '돈이 보이는 리얼타임 뉴스' 머니투데이, 무단전재 및 재배포 금지>"
91,2016-12-23,"친박당 vs 비박당, 선명성 경쟁…""내가 진짜 보수""",https://news.naver.com/main/read.nhn?mode=LSD&mid=shm&sid1=100&oid=003&aid=0007671158,뉴시스,"【서울=뉴시스】박진희 기자 =23일 오전 서울 여의도 국회 의원원회관에서 열린 보수신당 창당추진위 회의에 참석한 박인숙(왼쪽부터), 이학재, 황영철, 김영우 하태경 의원들이 참석하고 있다. 2016.12.23.   pak7130@newsis.com【서울=뉴시스】이현주 기자 = '친박' 새누리당과 '비박' 개혁보수신당(가칭)이 서로 '우리가 진짜 보수'라며 선명성 경쟁에 나섰다. 비박계의 집단 탈당으로 새누리당 분당이 기정사실화 된 마당에 앞으로 보수층 선점을 위해 무한 경쟁에 돌입한 것이다.비박계는 23일 창당준비위 회의를 열고 예고한대로 오는 27일 집단 탈당을 결행하자마자 국회 원내교섭단체로 등록하기로 했다. 신당 명칭은 새누리당을 '가짜 보수'로 규정한 만큼, 이를 부각시키는 차원에서 가칭 '개혁보수신당'으로 결정했다.황영철 의원은 ""신당 명칭에는 보수의 구심점 역할, 쇄신, 변화의 의미를 담았다""며 ""디지털 정당을 통해 창당의 모든 과정을 공개하겠다. 당명은 물론 정강정책 등도 국민의견을 수렴해 마련하겠다""고 말했다.정병국 신당창당준비위원장도 ""중앙당은 디지털 정당을 중심으로 국민들과 가교할 수 있는 플랫폼 역할을 하게 될 것""이라며 ""특정인의 의사에 의해 밀실에서 결정되는 것이 아니라 공개적 토론을 통해 만들어 갈 것""이라고 강조했다.안보 분야에서는 '정통 보수', 민생 관련 경제 정책에서는 '개혁'을 강조하며 기존 새누리당과 차별화하겠다는 전략이다.유승민 의원은 회의 직후 기자들과 만나 ""대북정책은 정통보수 그대로 간다. 안보는 정통보수를 견지할 것""이라며 ""민생과 관련해 경제, 교육, 복지, 노동 등은 새누리당보다 훨씬 개혁적인 방향으로 가고 싶다""고 말했다.이에 친박계는 '인명진 비대위원장'이라는 깜짝 카드로 반격에 나섰다.정우택 새누리당 원내대표는 이날 긴급 기자회견을 갖고 ""혁명적 수준의 새누리당 혁신을 통해 보수 혁신과 대통합의 절체절명의 과제를 이룰 비대위원장으로 인명진 목사이자 전 한나라당 윤리위원장을 모시려 한다""고 밝혔다.【서울=뉴시스】김진아 기자 = 새누리당 정우택 원내대표가 23일 오전 서울 여의도 국회 정론관에서 기자회견을 하기 위해 마이크를 조절하고 있다.   이날 기자회견에서 정우택 원내대표는 ""비상대책위원장에 인명진 목사를 모시기로 했다""고 밝혔다. 2016.12.23.   bluesoda@newsis.com인 목사는 비대위 구성 전권을 갖고 앞으로 비대위 활동에 있어서도 전권을 행사할 예정이다. 정 원내대표는 ""인 목사에게 전권을 드리겠다""며 ""비대위 구성이나 활동에 대해 협의를 하고, 그 분이 요구하는 것을 최대한 수용하겠다는 의미에서의 전권이다. 비대위원 구성도 그 분에게 맡겨야 하지 않겠느냐""고 말했다.인 목사는 지난 2006년 '강재섭 대표' 체제 당시 한나라당 개혁 차원에서 중앙윤리위원장으로 영입한 인사다. 그는 윤리위원장 취임 후 성추문, 논란 발언 등 문제행위를 조금이라도 한 인사들이 적발되면 가차없이 윤리위에 회부시켜 징계를 단행, '한나라당의 저승사자'라고도 불렸다.특히 인 목사는 박근혜 대통령을 비롯한 친박계 인사들과는 상대적으로 불편한 관계다. 인 목사는 윤리위원장 당시는 물론 박근혜 정권 출범 이후에도 박 대통령에 대한 부정적 인식을 줄곧 밝혀왔다는 점에서, 친박 진영으로부터 '반박 인사'로 불려왔다.이처럼 정 원내대표는 '인명진 깜짝 카드'로 당내 쇄신과 함께 무너진 당 재건에 박차를 가한다는 계획이다. 일각에서는 정 원내대표가 인 목사를 내세워 '골수 친박'에 대한 인적 청산에 나설 것이라는 관측도 나온다.lovelypsyche@newsis.com뉴시스 뉴스, 네이버 뉴스 스탠드에서도 만나세요뉴시스 SNS [페이스북] [트위터]<저작권자ⓒ 공감언론 뉴시스통신사. 무단전재-재배포 금지.>"
92,2016-12-23,"트럼프· 푸틴 ""核 증강""…다시 '공포의 균형' 시대 오나",https://news.naver.com/main/read.nhn?mode=LSD&mid=shm&sid1=104&oid=421&aid=0002470170,뉴스1,"도널드 트럼프 미국 대통령 당선인 <자료사진> © AFP=뉴스1(서울=뉴스1) 최종일 기자 = 도널드 트럼프 대통령 당선인이 22일(현지시간) 미국의 ""핵능력"" 증강을 촉구했다. 러시아는 핵무기 강화가 필요하다는 블라디미르 푸틴 대통령의 발언에 대한 대응이었다. 이로 인해 수십년에 걸친 양국의 핵무기 감축 기조가 뒤집어져 새로운 군비 경쟁이 부활하는 것이 아니냐는 우려가 나오고 있다.워싱턴포스트(WP) 등에 따르면 이날 트럼프는 자신의 트위터 계정에서 세부 내용은 결여된 채 ""핵에 대해서 전 세계가 정신을 차릴 때까지 미국은 핵능력을 강화하고 확대(strengthen and expand)해야 한다""고 말했다.트럼프의 입장은 급격한 사고의 변화다. 러시아와 미국은 냉전시대 억제 전략인 상호확증파괴(MAD·핵무기 경쟁으로는 누가 공격해도 보복당하면 공멸할 수 있어 '공포의 균형'이 맞춰진다는 의미)에 따라 생산하고, 유지해온 핵무기 규모와 강도를 처음에는 제한하고 이후 감축하는 작업을 수십년 간 진행해왔다. 공화, 민주당 대통령들은 모두 이를 따랐다.이날 트럼프에 앞서 푸틴 대통령은 국방장관과의 회동에서 러시아의 핵무기에 대해 강경 발언을 내놓았다. 푸틴 대통령은 러시아는 전세계에서 가장 강한 국가이지만 안심이 되지는 않는다고 말했다.푸틴 대통령은 유럽에 구축되는 미국의 핵 미사일 방어망(MD)을 의식한 듯 ""우리는 전략핵전력의 군사적 잠재력을 증강할 필요가 있다""며 ""특히, 기존의 그리고 장래의 미사일 방어 시스템을 확실하게 뚫을 수 있는 미사일""이 중요하다고 강조했다.트럼프 인수위의 제이슨 밀러 대변인은 이날 성명을 내고 트럼프는 ""불안정한 불량정권 사이에서의 핵확산 위협과 예방의 중요성을 언급한 것""이라고 해명했다. 하지만 밀러는 트럼프는 과거에는 ""힘을 통해 평화를 추구하는 확실한 길은 우리의 억제력을 개선시키고 현대화하는 것이라고 말했다""고 덧붙였다.미국은 5000기에 조금 못 미치는 핵탄두를 보유중이며 배치된 전략 핵탄두는 1550여기라고 비확산 문제 연구기관 군축협회(ACA)의 대릴 킴볼 대표는 말했다. 국무부 무기통제, 검증 및 준수국에 따르면 러시아는 미국보다 400여기 더 많은 핵탄두를 갖고 있다. 하지만 미국은 핵탄두 운반 시스템을 170여개 더 많이 보유중이다.지난 2010년 서명된 신전략무기감축 협정(New Start) 하에서 미국과 러시아는 2018년 2월까지 실전 배치 핵탄두 수를 1550기로 줄여야 한다. 킴볼은 양국은 이 목표를 충족시킬 것으로 보인다고 말했다. 또 조지 HW 부시 대통령 이후 미국은 신형 핵탄두를 개발하지 않았다. 버락 오바마 행정부에서는 군사력으로서 핵탄두를 추구하지 않았다.비용도 고려해야 한다. 미군은 '핵전력 삼위일체(Nuclear Triad)'를 개선하는 초기 단계에 있다. 삼위일체는 전략핵 폭격기, 대륙간 탄도미사일(ICBM), 그리고 잠수함발사 탄도미사일(SLBM)이다. 지난해 미 국방부는 사용기간을 넘어 보수된 무기들을 교체하기 위해서는 2021년부터 15년 간 매년 평균 180억달러(약 21조6486억원)를 지출해야 한다고 추산했다.비용이 훨씬 많이 든다는 분석도 있다. 미국 비정부기구 군축협회(Arms Control Association)는 노후화된 무기의 현대화에는 30년 동안 1조달러(약 1202조원)가 들 것으로 추산했다.킴벨은 ""트럼프 당선인이 F-35 비용 상승을 우려한다면, 그는 미 핵무기 현대화에 드는 비용을 알게되면 충격을 받을 것이다""며 ""트럼프와 인수위 측은 트윗 내용을 설명해야 한다. 증강이 무슨 뜻인지, 또 비용이 얼마나 들 것으로 생각하는지 말이다""고 지적했다.하지만 핵무기와 억제의 원칙은 국가 안보의 필수 요소라는 주장도 있다. 그래서 핵무기를 추가 감축하려는 오바마 행정부의 노력은 희망사항일뿐이라는 지적도 나온다.보수 성향의 미 싱크탱크 헤리티지재단의 정책 애널리스트 마카엘라 다지는 백악관은 2010년 핵태세검토보고서(NPR)에서 러시아와 갈등이 벌어질 가능성은 거의 없다는 잘못된 판단을 내렸다고 지적했다. 러시아는 대규모 핵무기 현대화 계획을 진행중이며, 다수의 감축협약을 위반했다는 것이다.다지는 ""이미 핵 군비 경쟁이 진행중이다. 미국은 참여하고 있지 않다""며 ""대부분 러시아와 중국이다""고 말했다. 그는 트럼프 행정부는 핵무기 프로그램에 보다 많은 비용을 투자해야 한다고 촉구했다. 또 미국은 작동하지 않는 핵확산방지조약(NPT)에서 탈퇴해야 하며, 1992년이 마지막이었던 핵실험 재개를 고려해야 한다고 말했다.컬럼비아대의 국제정치학자인 로버트 저비스는 푸틴 대통령과 트럼프의 발언은 새로운 군비 경쟁 조짐이 있음을 반드시 뜻하는 것은 아니라고 진단했다. 그는 ""하지만 우리는 이것으로 이어질 수 있는 일종의 다이내믹스를 보고 있다""며 ""우리는 이것으로부터 상당히 떨어져 있다""고 말했다.allday33@▶ 놓치면 후회! 최신 만화 보기 / 2017년 나의 운세 보기[© 뉴스1코리아(news1.kr), 무단 전재 및 재배포 금지]"
93,2016-12-23, 종일 영하권 추위…내일 더 추워져,https://news.naver.com/main/read.nhn?mode=LSD&mid=shm&sid1=103&oid=422&aid=0000232989,연합뉴스TV,"[날씨] 종일 영하권 추위…내일 더 추워져[앵커]하루사이에 날씨가 급변했습니다.낮동안에도 내내 찬 바람이 불면서 영하권 추위가 이어지겠는데요.내일은 오늘보다도 기온이 더 떨어지겠습니다.자세한 날씨는 야외에 나가있는 기상캐스터 연결해 알아봅니다.구본아 캐스터.[캐스터]네, 저는 지금 시청광장에 나와있습니다.이렇게 가만히 서있으면 몸이 오들오들 떨릴만큼 춥습니다.이 시각 서울의 낮기온 영하 2.5도로 어제 같은 시각과 비교하면 무려 6도 가량이나 낮은데요.현재 초속 4m 안팎의 바람도 강하게 불고 있어서요.밖에 나오실때에는 옷차림 따뜻하게 나오셔야겠습니다.오늘 낮 최고 기온은 서울이 영하 1도, 광주 4도, 울산과 창원 7도에 그치겠고요.서울 등 수도권은 내내 영하권 추위를 보이겠습니다.현재 동해안을 제외한 그 밖의 해안 지역에는 강풍주의보가 발효중이고 전국적으로 바람이 강하게 불어서 체감추위는 더욱 심하겠습니다.추위와 함께 곳곳에 눈도 내리고 있습니다.현재 중부지방의 눈은 대부분 그쳤고 강원과 충청, 전북 지역으로 내리고 있는데요.충청이남지역은 밤까지 이어지겠습니다.대설주의보가 발효중인 전북에는 최고 8cm 가량의 눈이 내려 쌓일 수 있겠고요.강원영서와 충청 등 그 밖의 내륙에는 1~5cm가량의 눈이 예상됩니다.미리 시설물 점검 잘 해두셔야겠습니다.성탄절 연휴 기간 날씨 궁금하실텐데요.크리스마스이브인 내일은 오늘보다 더 춥겠습니다.서울의 아침 기온 영하 5도에서 출발하겠고요.낮동안에도 내내 찬바람이 불어오겠습니다.성탄절인 모레 낮부터는 추위가 점차 누그러지지만요.날도 맑아서 올해 화이트 크리스마스를 기대하긴 어렵겠습니다.추위도 추위지만 요즘 독감환자가 유행하고 있습니다.감기 걸리지 않도록 건강관리 잘해주셔야겠습니다.지금까지 시청광장에서 날씨 전해드렸습니다.(구본아 기상캐스터)연합뉴스TV : 02-398-4441(제보) 4409(기사문의), 카톡/라인 jebo23(끝)▶ 대한민국 뉴스의 시작, 연합뉴스TV 앱 다운받기"
94,2016-12-23,"헌재 ""탄핵심판 당사자 협조와 수사기록 확보가 관건""",https://news.naver.com/main/read.nhn?mode=LSD&mid=shm&sid1=100&oid=003&aid=0007671142,뉴시스,"【서울=뉴시스】최진석 기자 = 22일 오후 서울 종로구 재동 헌법재판소 소심판정에서 열린 박근혜 대통령 탄핵심판 사건 첫 준비절차기일에서 국회 탄핵소추위원장인 권성동 법사위원장, 김관영 국민의당 의원 등 탄핵소추위원과 박 대통령측 이중환 변호사 등 법률대리인들이 시작을 기다리고 있다. 2016.12.22.   photo@newsis.com서울중앙지검·서울중앙지법에 송부 촉탁 공문 발송【서울=뉴시스】김승모 기자 = 헌법재판소가 박근혜 대통령과 국회 소추위원 측의 협조와 수사기록 확보가 탄핵심판 심리를 결정짓는 관건이라고 강조했다.배보윤 헌재 공보관은 23일 브리핑에서 준비기일 일정과 관련해 ""당사자의 협조가 원활히 되면 연내에 준비절차가 마무리될 수 있을 것""이라며 ""결국 당사자의 협조와 수사기록이 제출되는 것 등이 관건""이라고 말했다.다만, 배 공보관은 다음 2차 준비기일에서 논의가 이뤄지겠지만, 추가 준비기일이 더 열릴 가능성도 내비쳤다.헌재는 이날 박 대통령 탄핵심판 사건과 관련해 국회 소추위원 측이 신청한 인증등본송부촉탁 공문을 서울중앙지검과 서울중앙지법에 보냈다.국회 소추위원 측 대리인단은 전날 열린 1차 준비기일에서 최순실씨와 안종범 전 청와대 정책조정수석 등 국정농단 의혹 사건의 주요 피고인들의 공소장과 공판기록 등을 확보하기 위해 헌재에 인증등본송부촉탁을 신청했다.【서울=뉴시스】고승민 기자 =  23일 오후 서울 헌법재판소 앞에서 대통령 탄핵을 촉구하는 시민과 탄핵 무효를 주장하는 시민이 1인시위를 하고 있다. 2016.12.23.   kkssmm99@newsis.com또 수사기록을 확보하지 못할 경우를 대비해 서울중앙지법과 서울중앙지검, 박영수 특별검사팀 사무실에서 기록을 열람, 조사해 달라는 서증조사를 신청할 계획이라고 밝혔다.헌법재판소심판규칙 제39조는 문서를 가진 사람에게 그 문서를 보내도록 촉탁할 것을 (헌재에) 신청하는 방법으로 할 수 있다고 규정하고 있다.같은 규칙 제40조는 법원, 검찰청 등의 공공기관이 보관하는 기록 가운데 불특정한 일부에 대해서도 송부 촉탁을 신청할 수 있다고 규정하고 있으며 또 41조에 따라 문서가 있는 장소로 서증조사를 할 수 있다.cncmomo@newsis.com뉴시스 뉴스, 네이버 뉴스 스탠드에서도 만나세요뉴시스 SNS [페이스북] [트위터]<저작권자ⓒ 공감언론 뉴시스통신사. 무단전재-재배포 금지.>"
95,2016-12-23,선명성 경쟁 나선 새누리당 친박·비박,https://news.naver.com/main/read.nhn?mode=LSD&mid=shm&sid1=100&oid=009&aid=0003861218,매일경제,"새누리 비대위원장 내정…비박 개혁보수신당 ""디지털정당 만들것""인명진 목사새누리당 비상대책위원장으로 내정된 인명진 전 새누리당 윤리위원장은 ""비주류 탈당은 말이 안 된다. 같이해야 하고 나갈 이유가 없다""고 밝혔다.23일 서울 여의도 새누리당 당사에서 열린 기자간담회에서 인 내정자는 ""원내대표 선거에서 졌고 비대위원장에 추천 인물을 안 받아줬다는 게 이유인데 적어도 보수정당을 분열시키는 원인이 되지 못한다""며 이같이 평가했다.인 내정자는 비주류를 설득하겠다고 밝히면서도 ""만약 그 일 때문에 분열됐다면 모든 국민이 납득하기 어려울 것""이라고 압박했다.그는 비박계가 요구한 친박 인적 청산에 대해서는 ""국민이 원하는 것이라면 국민 눈높이에 맞는 정당이 될 수 있도록 무슨 일이든 하겠다""고 강조했다. 그러나 ""본인들이 새누리당과 국가를 위해 어떻게 책임지는 것이 적당할지 지혜롭게 처신할 것이라고 믿는다""며 제명 등 강제적인 조치는 없을 것임을 시사했다.인 내정자는 비대위원장으로서 가장 먼저 할 일로 최근 최순실 국정농단 진상 규명 청문회에서 위증교사 의혹을 받고 있는 이완영 의원에 대한 징계를 꼽았다. 그는 ""이 의원은 특조위원으로 부적합하다. 당 윤리위에 회부해 응분의 책임을 져야 한다""고 강조했다. 당 윤리위에 회부된 박근혜 대통령 징계 문제에 대해서는 ""윤리위가 독립적 기구이고 당 대표가 이래라저래라 할 수 없다. 윤리위가 새로 구성되고 위원장이 새로 오시면 그분의 판단에 맡긴다""며 말을 아꼈다.박 대통령 탄핵안에 대해서도 ""헌법재판소의 판단에 맡겨야 한다. 누가 이래라저래라 해서는 안 된다""고 밝혔다.정치권의 화두인 개헌과 관련해서는 ""저는 5년 전부터 개헌론자였고 저와 새누리당 뜻이 같다고 생각한다. 개헌은 꼭 추진해야 할, 촛불 민심의 가장 중요한 흐름""이라고 주장했다.새누리당은 조속한 비대위원장 선출을 위해 늦어도 30일에는 전국위원회를 소집할 예정이며 비대위원장의 당 혁신 작업을 실무적으로 뒷받침하기 위해 '재창당 혁신추진 태스크포스(TF)'를 즉각 구성하기로 했다.반면 비박계는 이날 신당창당추진위원회 첫 회의를 열고 전략기획팀 등 7개 분과를 구성하고 디지털 정당을 통해 창당의 모든 과정을 국민에게 공개하기로 했다. 황영철 새누리당 의원은 ""신당의 명칭은 보수의 구심점 역할, 쇄신, 변화의 의미를 담은 '개혁보수신당'(가칭)으로 당분간 하기로 했다""고 밝혔다. 새누리당을 '가짜 보수'로 규정하고 이를 부각하기 위해서는 '개혁'을 신당 명칭에 반드시 포함해야 한다는 내부 목소리가 반영됐다는 후문이다. 황 의원은 또 ""디지털 정당을 통해 창당의 모든 과정을 공개하겠다""고 강조했다.이에 따라 개혁보수신당은 기존의 체육관식 창당 과정은 지양하기로 했으며 28일 신당의 정강·정책 초안을 국민에게 공개해 여론 수렴에 나선다. 27일 탈당하면 곧바로 원내교섭단체로 등록해 원내대표도 선출할 예정이다.[안병준 기자][매일경제 공식 페이스북][오늘의 인기뉴스][매경 프리미엄][ⓒ 매일경제 & mk.co.kr, 무단전재 및 재배포 금지]"
96,2016-12-23,"조여옥, 청문회前 신보라 전 대위와 통화…'말맞추기' 의혹",https://news.naver.com/main/read.nhn?mode=LSD&mid=shm&sid1=100&oid=001&aid=0008911473,연합뉴스,"동료 간호장교 동행 이유 설명하는 조여옥 대위동료 간호장교 동행 이유 설명하는 조여옥 대위(서울=연합뉴스) 황광모 기자 = 세월호 참사 당시 청와대 간호장교로 근무했던 조여옥 대위가 22일 오후 국회에서 열린 박근혜 정부의 최순실 등 민간인에 의한 국정농단 의혹사건 진상규명을 위한 국정조사 5차 청문회에 간호사관학교 동기인 이슬비 대위 동행에 대한 이유를 설명하고 있다.hkmpooh@yna.co.kr신보라, 조여옥에 '청문회 힘드니 조력자 필요하다' 조언국방부 ""이슬비 대위, 조 대위 요청으로 동행""…감시 의혹 부인(서울=연합뉴스) 이정진 기자 = 세월호 참사 당일 청와대 의무실에서 근무했던 간호장교 조여옥 대위가 청문회 출석 전 청와대 동료였던 신보라 전 대위와 통화한 사실이 23일 확인됐다.국방부 관계자는 ""조 대위는 당초 청문회에 가족과 함께 가겠다고 했지만 신보라 전 대위가 조 대위에 전화해 '너무 힘드니 심적으로 도움을 줄 사람이 있는 게 좋다'고 조언해 이슬비 대위와 함께 청문회에 간 것""이라고 말했다.조 대위와 신 전 대위는 세월호 참사 당일 청와대에서 함께 파견 근무를 해 일각에서 제기된 박근혜 대통령의 시술 의혹을 풀 수 있는 핵심 인물로 지목됐다.조 대위가 국회 청문회가 열리기 전에 신 전 대위와 통화한 사실이 새로 확인되면서 두 사람이 입장을 조율했을 가능성도 제기되고 있다.조 대위는 지난달 30일 미국에서 언론 인터뷰를 통해 세월호 참사 당시 '의무동'에 근무했다고 말했지만, 신 전 대위는 지난 14일 청문회에서 조 대위의 근무지가 의무동이 아닌 '의무실'이라고 밝힌 바 있다. 조 대위는 전날 청문회에서 신 전 대위의 증언처럼 의무실에서 근무했다고 말을 바꿨다.한편 국방부는 전날 국회 청문회에 조여옥 대위와 동행해 감시 논란을 낳은 이슬비 대위에 대해 ""이 대위가 휴가 중 조 대위의 요청으로 청문회에 참석했다""면서 감시 의혹을 부인했다.국방부 당국자는 ""이슬비 대위가 개인용무로 21∼28일 휴가를 내놓았는데 조 대위가 청문회에 같이 가자고 하니 동행한 것""이라며 ""둘은 간호사관학교 동기생으로 친한 사이로 알고 있다""고 말했다.이 당국자는 이 대위가 청문회에서 휴가가 아닌 공가로 처리될 가능성을 언급한 데 대해선 ""이 대위가 육군 인사사령부에 동행해도 되느냐고 문의하자 실무자가 '공가로 처리할 수 있는지 알아보겠다'고 답해 그렇게 말한 것 같다""고 설명했다.그는 ""현재는 휴가로 처리돼 있는데 소속부대인 국군수도병원에서 공가로 인정해줄 수 있는지 검토하고 있다""고 말했다.이 대위는 전날 청문회에서 ""원래 휴가였는데 공교롭게 청문회가 열린다고 해서 함께 왔다""면서 ""국방부가 공가 처리로 바꿔준다고 들었다""고 말해, 이 대위의 동행이 사적인 차원인지, 공식 임무인지를 놓고 논란이 일었다.이 당국자는 ""이 대위의 국회 출석 여부는 국방부가 아닌 수도병원 부대장의 승인사항""이라며 ""국방부가 상황을 파악하고는 있었지만, 출석 여부에 개입한 것은 아니며 청문회 출입조치를 해준 것뿐""이라고 설명했다.그는 국회 국정조사 특별위원회가 조 대위의 출국 금지를 검토하고 있는 것과 관련, ""결정이 나면 실무적인 조치를 취하겠다""고 말했다.조 대위는 30일 미국으로 돌아가 교육을 받고 내년 1월에 귀국할 예정이다.transil@yna.co.kr"
97,2016-12-23,"코스피, 기관계 순매수에 상승…2035.90 마감",https://news.naver.com/main/read.nhn?mode=LSD&mid=shm&sid1=101&oid=003&aid=0007671061,뉴시스,"【서울=뉴시스】최예린 기자 = 23일 코스피지수가 기관계의 매수 우위에 소폭 상승 마감했다.이날 코스피지수는 전일 대비 0.17포인트(0.01%) 오른 2035.90에 거래를 마쳤다.유가증권시장에서 기관계는 2239억원 순매수 우위를 보였다. 반면 개인과 외국인은 각각 1349억원, 927억원어치를 순매도했다.업종별로는 섬유의복(1.97%), 의약품(1.31%), 전기가스업(1.16%), 화학(1.14%), 기계(1.01%) 등이 1%대 강세를 보이며 상승 마감했다. 이에 반해 전기전자(-0.88%), 금융업(-0.48%), 운수창고(-0.33%), 보험(-0.29%), 유통업(-0.18%) 등은 하락세로 거래를 마쳤다.시가총액 상위종목 가운데 대장주인 삼성전자는 전일 대비 1.49%(2만7000원) 내린 178만2000원에 거래를 마쳤다. 현대모비스(-0.19%), 네이버(-0.65%), 삼성물산(-1.53%), 신한지주(-1.06%), KB금융(-1.02%) 등도 하락했다. 반면 SK하이닉스(1.76%), 현대차(1.41%), 한국전력(1.32%), 포스코(1.15%), 삼성생명(0.44%) 등은 상승 마감했다.코스닥 지수는 전일 대비 3.82포인트(0.62%) 오른 619.75로 마감했다.코스닥 시장 시가총액 상위종목 중에서는 셀트리온(1.66%), 카카오(0.27%), SK머티리얼즈(3.09%), 메디톡스(2.59%) 등의 상승세가 두드러졌다.yerin_choi@newsis.com뉴시스 뉴스, 네이버 뉴스 스탠드에서도 만나세요뉴시스 SNS [페이스북] [트위터]<저작권자ⓒ 공감언론 뉴시스통신사. 무단전재-재배포 금지.>"
98,2016-12-23,"黃대행, 1월 4~11일 신년업무보고…朴보다 일주일 단축",https://news.naver.com/main/read.nhn?mode=LSD&mid=shm&sid1=100&oid=421&aid=0002470297,뉴스1,"황교안 대통령 권한대행 국무총리. (총리실 제공) 2016.12.22/뉴스14일 외교안보, 5일 경제 등 일주일간 5회 대면보고""신속하고 내실있게…黃 국정동력 의지 반영""(서울=뉴스1) 이정우 기자 = 황교안 대통령 권한대행 국무총리가 내년 1월4일 부터 11일까지 총 5회에 걸쳐 신년 업무보고를 받는다.이는 지난해 박근혜 대통령의 2016년도 신년업무보고(1월14~26일)에 비해 열흘 이상 빨리 시작되는 것으로, 보고기간 역시 일주일 가량 단축됐다.정부는 이날 오후 '2017년 신년 업무보고' 관련 브리핑을 통해 ""현재 위기상황을 극복하고, 안정적 국정 운영을 위해 각 부처의 내년도 업무계획을 속도감있게 추진할 계획""이라며 ""'신속·내실·협업·체감' 기조 하에 5개 분야로 나눠 진행될 예정""이라고 밝혔다.국무총리실에 따르면, 황 권한대행은 내년 1월4일 국방부·외교부·통일부·국가보훈처 등 외교안보 부처를 시작으로, 5일 기획재정부·산업통상자원부·국토교통부·공정거래위·금융위 등 경제부처에 대한 업무보고를 진행할 계획이다. 지난해에는 경제부처가 가장 먼저 보고했었다.총리실 관계자는 ""굳건한 안보 기반 하에 경제 민생 안전을 챙겨나가자는 상징적인 취지""라면서 ""황 대행도 권한대행체제 출범 이후 굳건한 안보를 최우선으로 국민의 불안감 해소를 최우선으로 해와서 이런 지침을 준 것 같다""고 설명했다.이어 6일엔 '미래성장동력 확보 분야'인 미래창조과학부·문화체육관광부·농림축산식품부·방통위 등 부처의 업무보고를 받는다.교육부·고용노동부·보건복지부 등 '일자리·민생안정 분야' 부처는 9일, 법무부·경찰청·국민안전처·인사처 등 '국민안전 및 법질서' 분야 부처는 11일에 업무보고를 한다.정부는 이날 브리핑에서 ""외형 중심의 업무보고를 지양하고, 각 부처가 핵심 업무 전반에 대해 설명할 수 있도록 부처별 보고 순서를 마련해 진행할 계획""이라고 '실무형' 콘셉을 강조했다.또한 PPT 없이 한글 문서로 보고하는 등 효율성을 강조한다는 방침이다. 다만 공직기강 정립 차원에서 대면보고 형식은 유지하기로 했다.정부는 헌법재판소의 탄핵심판 기간이 유동적인 만큼, 2~3개월의 단기적 사안과 6개월 이상 장기적으로 정책적 결정이 필요한 업무를 구분해 보고할 방침으로 전해졌다.아울러 부처간 협업이 필요한 과제인 Δ북핵 해결 접근전략 Δ리스크 관리 및 경제 활력 제고 Δ신산업 육성 Δ민생정책 구현방안 Δ국민 안심사회 구현 등에 대해선 관계부처 및 국책연구기관이 함께 참여해 토론을 실시할 계획이다.신년 업무보고가 기존 '이벤트성'에서 '실무형'으로 전환된 이유는 국정 동력을 잃지 않으려는 황 권한대행의 뜻이 크게 작용됐다는 것이 정부의 설명이다.총리실 관계자는 브리핑 후 기자들과 만나 ""황 대행은 이번 업무계획과 관련해 부처들이 실질적으로 일을 신속하게 할 수 있도록 지원하는 것이 가장 중요하다고 했다""고 말했다.황 권한대행은 앞서 내년 업무보고를 위해 각 부처에 연말까지 업무보고 준비를 완료할 것을 지시한 바 있다.또한 탄핵정국으로 국정공백이 우려되는 상황에서 황 권한대행은 최근 국회뿐 아니라 시민사회 경제 등 각계각층과 소통행보를 이어가며 국정 안정화 의지를 드러내고 있다.krusty@▶ 놓치면 후회! 최신 만화 보기 / 2017년 나의 운세 보기[© 뉴스1코리아(news1.kr), 무단 전재 및 재배포 금지]"
99,2016-12-23,"보금자리론 금리, 내년 1월부터 0.3%p 인상",https://news.naver.com/main/read.nhn?mode=LSD&mid=shm&sid1=101&oid=003&aid=0007670932,뉴시스,"【서울=뉴시스】이근홍 기자 = 주택금융공사는 장기·고정금리·분할상환 주택담보대출인 '보금자리론' 금리를 내년 1월부터 0.3%포인트 인상한다고 23일 밝혔다.이에 따라 '아낌e-보금자리론' 금리는 연 2.70%(10년)∼2.95%(30년)가 적용된다.주금공 홈페이지를 통해 신청하는 'u-보금자리론'과 은행에서 신청하는 't-보금자리론' 금리는 연 2.80%(10년)∼3.05%(30년)로 오른다.다만 이달말까지 대출신청을 마친 고객에겐 인상 전 금리가 적용되며 장애인·다문화·다자녀가구 등 취약계층은 0.4%포인트의 금리할인 혜택이 주어진다.주금공 관계자는 ""최근 미국 기준금리 인상 등으로 보금자리론의 원가 역할을 하는 5년물 국고채 금리가 크게 상승하는 등 조달비용이 올라 보금자리론의 금리 인상이 불가피하게 됐다""고 말했다.lkh2011@newsis.com뉴시스 뉴스, 네이버 뉴스 스탠드에서도 만나세요뉴시스 SNS [페이스북] [트위터]<저작권자ⓒ 공감언론 뉴시스통신사. 무단전재-재배포 금지.>"
100,2016-12-23,"'반기문 테마주' 큐로홀딩스, 이상급등종목으로 첫 지정",https://news.naver.com/main/read.nhn?mode=LSD&mid=shm&sid1=101&oid=366&aid=0000353783,조선비즈,"시장질서확립 TF(태스크포스)가 ‘반기문 테마주’로 분류되는큐로홀딩스(051780)를 첫 이상 급등 종목으로 지정했다. 큐로홀딩스는 계열사지엔코(065060)의 대표이사가 반 총장의 인척이라는 이유로 온라인 주식 커뮤니티 등에서 반기문 테마주로 불린다.23일 한국거래소에 따르면 거래소 시장감시본부는 큐로홀딩스에 대한 이상 매매 주문 행태를 보이는 계좌 소유주에 수탁거부 예고 조치를 내렸다. 거래소 관계자는 ""이상 급등주에 대한 집중 관리 시스템을 가동한 이후 이상 급등 종목으로 지정된 첫 사례""라고 말했다.일반적으로 이상 매매 주문 계좌에는 ‘유선경고 → 서면경고 → 수탁거부예고 → 수탁거부’의 4단계 조치를 거치지만, 이상 급등 종목의 경우 앞의 두 단계는 생략하고 바로 ‘수탁거부예고 → 수탁거부’ 조치가 진행된다. 수탁거부란 허수성 호가와 통정·가장성 매매 등 불건전 주문을 한 위탁자에게 취하는 조치로 수탁을 거부당하면 해당 계좌에서 주식 매매가 불가능하다.거래소는 큐로홀딩스에 대해 시장에서 나도는 루머 등에 대한 사실 여부를 공표하도록 하는 ‘사이버 경보(Alert)’ 조치도 취했다. 큐로홀딩스는 지난 21일 장 마감 이후 투자경고종목으로 지정된 바 있다.금융위원회 자본시장조사단과 금융감독원, 서울남부지검, 한국거래소 등 관계 당국은 이달 20일부터 이상 급등 종목에 공동 대응하기 위한 '시장질서확립TF'를 구성해 무기한으로 운영하고 있다.[이승주 기자sj@chosunbiz.com]chosunbiz.com"
101,2016-12-23,"개헌 논의 급물살, 당론채택-개헌안 초안…빅뱅의 전조",https://news.naver.com/main/read.nhn?mode=LSD&mid=shm&sid1=100&oid=421&aid=0002470292,뉴스1,"이주영 새누리당 의원이 23일 서울 여의도 국회 의원회관에서 열린 국가변혁을 위한 개헌추진회의에서 인사말을 하고 있다. 2016.12.23/뉴스1 © News1 허경 기자개헌추진 관련 모임 잇달아 개최…국 '즉각 추진' 당론 채택(서울=뉴스1) 김현 기자,곽선미 기자,조규희 기자,서미선 기자 = 새누리당의 분당이 현실화되는 등 정국이 요동치면서 정치권에서 제기되는 개헌론에 탄력이 붙을지 관심이 모아진다.특히 아직까진 원내 제3당인 국민의당이 23일 '개헌 즉각추진'을 당론으로 결정하면서 개헌론에 속도가 붙을 여건이 만들어진 상황이어서 여야의 개헌파들의 향후 움직임에 눈길이 쏠리고 있다.분당 등 정당 지형의 개편, 각 세력의 개헌 추진 움직임, 개헌을 고리로 한 대권주자들의 합종연횡 등이 맞물려 머지않아 정치권 '빅뱅'이 올 수도 있다는 관측도 무성해지고 있다.'최순실 국정농단' 파문과 관련해 특별검사제 도입, 탄핵소추안 가결 및 국회 국정조사 등 국회에서 할 수 있는 절차가 사실상 마무리됨에 따라 여야 정치권은 조기대선을 앞두고 개헌론에 불을 댕기고 있는 분위기다.이날엔 개헌 관련 모임이 동시에 열린 데다 원내 제3당인 국민의당이 '개헌 즉각추진'을 당론으로 결정하는 등 개헌론의 물꼬가 터졌다.이주영·이철우 등 새누리당내 개헌론자들이 주축으로 구성된 '국가변혁을 위한 개헌추진회의'는 이날 오전 국회에서 김덕룡 전 민족화해협력범국민협의회 상임의장, 이상수 전 노동부 장관 등 원로들과 함께 개헌에 대한 의견을 교환했다. 이 자리엔  새누리당 정우택 원내대표와 최근 탈당을 결의한 비주류측 핵심인사인 김무성 전 대표와 나경원 의원 등도 참석했다.김 전 의장은 ""지금이 개헌 적기다. 개정 헌법으로 대선을 치러야 한다""면서 문재인 전 더불어민주당 대표 등 개헌에 소극적인 인사들을 겨냥, ""참 안타깝고 이해하기 어렵다""고 지적했다.김 전 의장은 이어 ""최소 국회의원 선거와 대통령 선거를 같이 해야 하는데, (차기 대통령의 임기를) 3년 임기 대통령으로 하는 게 좋지 않느냐 의견이 참 건설적이라고 본다""고 말했다.안철수 국민의당 전 대표가 23일 오전 서울 여의도 국회에서 열린 '제17차 비상대책위원-국회의원 연석회의'에 참석해 발언을 하고 있다. 2016.12.23/뉴스1 © News1 민경석 기자정치원로 중심의 개헌추진 모임인 '나라살리는 헌법개정 국민주권회의'도 정세균 국회의장과 여야 의원들이 참석한 가운데 공청회를 개최했다. 국민주권회의측이 마련한 개헌안 초안을 공개했다.초안은 권력 분산과 협치 실현을 목표로 한 분권형 대통령제를 골자로, Δ직접민주제 강화를 위한 국민발안제 및 국민투표제 도입 Δ지방자치 확대를 위한 지방입법권·지방재정권 강화 Δ국회의 상원·하원 양원제로 개편 Δ검찰 개혁을 위한 공직자비리수사처 신설 등의 내용이 담겼다.특히 원내에서도 개헌을 위한 흐름이 본격화됐다.국민의당은 이날 비상대책위-국회의원 연석회의를 열고 개헌의 즉각 추진을 당론을 채택, 이를 논의할 국가대개혁위원회를 설치하기로 했다.박지원 국민의당 원내대표는 의총 직후 ""우리는 국가대개혁을 목표로 개헌을 추진하고, 반드시 반부패·반패권·반수구 개혁정권 수립을 위해서 노력하겠다""며 대선 전 개헌이 불발될 경우 안철수 전 상임 공동대표가 제안한 대로 대통령 후보들이 개헌공약을 하고, 2018년 지방선거 때 개헌안을 국민투표에 부치는 '플랜B'도 당론으로 결정했다고 밝혔다.박 원내대표는 이날 '제7공화국'을 주창하고 있는 손학규 동아시아미래재단 상임고문과 오찬을 갖고 '개헌 연대' 논의를 구체화했다.손 고문은 오찬 회동 후 ""개헌은 대세다. 국민의당에서 받아들인 것은 아주 잘 됐다""고 즉각 호응하면서 연대의 창을 열었다.분당까지 나흘을 남겨둔 새누리당도 개헌엔 적극적인 모습이다.정우택 새누리당 원내대표는 이날 '국가변혁을 위한 개헌추진회의'에 참석해 ""저는 개헌론자""라며 ""열심히 해서 개헌을 이루도록 힘을 보태겠다""고 말했다.개헌에 대해선 부정적 기류를 보이고 있는 민주당 내에서도 '개헌론'이 재차 분출하고 있다. 노웅래 의원 등 일부 개헌파 의원들은 이날 국회에서 열린 정책의총에서 ""정치를 근본적으로 바꾸려면 개헌이 필요하다""며 ""개헌을 꺼리는 것처럼 보이면 우리당이 정권을 다 잡은 것처럼 제왕적 대통령제를 계속 욕심내고, 기득권처럼 보일 수 있으니 탄핵 결정까지 당당하게 개헌에 임해야 한다""고 주장했다.더불어민주당내 대권 잠룡인 김부겸 의원은 이날 청주 KTX 오송역에서 기자들과 만나 ""범야권이 공동으로 꿈꾸는 대한민국의 미래라는 관점에서 합의할 수 있는 개헌을 만들어 내야 한다""고 거듭 개헌 필요성을 강조했고, 박원순 서울시장도 개헌 필요성에 공감하면서 “2019년이 임시정부 건국 100주년이다. 그것을 계기로 해서 새로운 건국을 만들자”라고 임기조정 개헌 찬성론을 폈다.추미애 대표 등 민주당 지도부는 여전히 개헌론에 부정적인 입장을 보이고 있는 상황에서 여야를 두루 접촉하며 개헌론을 주도하고 있는 김종인 전 비상대책위 대표의 행보가 주목된다.민주당의 한 3선 의원은 ""앞으로 김 전 대표가 어떻게 움직이느냐가 개헌의 관건이 될 것""이라고 내다봤다.gayunlove@▶ 놓치면 후회! 최신 만화 보기 / 2017년 나의 운세 보기[© 뉴스1코리아(news1.kr), 무단 전재 및 재배포 금지]"
102,2016-12-23,"헌재, 최순실 국정농단 의혹 사건기록 송부 요청",https://news.naver.com/main/read.nhn?mode=LSD&mid=shm&sid1=100&oid=003&aid=0007670806,뉴시스,"【서울=뉴시스】최진석 기자 = 박근혜 대통령 탄핵심판 사건 수명재판관인 이진성(왼쪽부터), 이정미, 강일원 헌법재판관이 22일 오후 서울 종로구 재동 헌법재판소 소심판정에서 열린 제1회 준비절차기일에서 자리에 앉아 있다. 2016.12.22.   photo@newsis.com서울중앙지검 등에 송부 촉탁 공문 발송【서울=뉴시스】김승모 기자 = 헌법재판소가 23일 박근혜 대통령 탄핵심판 사건과 관련해 국회 소추위원 측이 신청한 인증등본송부촉탁 공문을 서울중앙지검 등에 보낸 것으로 확인됐다.국회 소추위원 측 대리인단은 전날 열린 1차 준비기일에서 최순실씨와 안종범 전 청와대 정책조정수석 등 국정농단 의혹 사건의 주요 피고인들의 공소장과 공판기록 등을 확보하기 위해 헌재에 인증등본송부촉탁을 신청했다.또 수사기록을 확보하지 못할 경우를 대비해 서울중앙지법과 서울중앙지검, 박영수 특별검사팀 사무실에서 기록을 열람, 조사해 달라는 서증조사 신청할 계획이라고 밝혔다.헌법재판소심판규칙 제39조는 문서를 가진 사람에게 그 문서를 보내도록 촉탁할 것을 (헌재에) 신청하는 방법으로 할 수 있다고 규정하고 있다.같은 규칙 제40조는 법원, 검찰청 등의 공공기관이 보관하는 기록 가운데 불특정한 일부에 대해서도 송부 촉탁을 신청할 수 있다고 규정하고 있으며 또 41조에 따라 문서가 있는 장소로 서증조사를 할 수 있다.cncmomo@newsis.com뉴시스 뉴스, 네이버 뉴스 스탠드에서도 만나세요뉴시스 SNS [페이스북] [트위터]<저작권자ⓒ 공감언론 뉴시스통신사. 무단전재-재배포 금지.>"
103,2016-12-23," ""국정화 철회""…의견수렴 마지막날 10만 국민의 목소리  ",https://news.naver.com/main/read.nhn?mode=LSD&mid=shm&sid1=102&oid=028&aid=0002347083,한겨레,"[한겨레]국정교과서 폐기 비상대책회의 기자회견“10만1315명 국민의견, 교육부는 수렴하라”교육감 5명은 세종시 교육부 앞에서 시위“교육부 장관 및 차관 면담조차 거부해”국정역사교과서 폐기를 위한 교육·시민사회·정치 비상대책회의는 국정교과서 현장검토본에 대한 의견수렴 마지막 날인 23일 서울 광화문 광장에서 기자회견을 열고 “역사교과서 국정화 철회”에 목소리를 높였다.교육부가 국민 의견을 듣겠다며 정한 국정교과서 현장 검토본의 의견 수렴 기간 마지막날을 맞아, 서울 광화문 광장과 세종 교육부 청사 앞에서는 “역사교과서 국정화 추진을 중단하고 국민 목소리를 수렴하라”는 국회, 시민단체, 시도교육감들의 목소리가 이어졌다.국정화 철회를 위해 야3당·시민사회단체·시도교육감협의회가 함께 조직한 ‘국정역사교과서 폐기를 위한 교육·시민사회·정치 비상대책회의’(이하 비상대책회의)는 23일 서울 종로구 광화문 세월호 광장에서 기자회견을 열고 “총 10만1315명의 ‘국정교과서 폐기’ 의견서를 교육부에 전달하겠다”고 밝혔다. 이 자리에는 국회 교육문화체육관광위원회 더불어민주당 도종환, 유은혜, 조승래, 박경미 의원과 정의당 심상정 의원, 한상권 한국사교과서국정화저지네트워크 대표, 변성호 전국교직원노동조합 대표, 최은순 참교육을위한학부모회 회장 등이 참여했다. 비상대책회의는 “교육부는 깜깜이로 집필하던 국정교과서 현장검토본을 지난달 28일 공개하고 오늘 23일까지 국민의견을 수렴하겠다고 했지만, 접수된 2511건 의견 중 현재까지 교육부가 반영하겠다고 밝힌 국민의견은 스무건에 불과하다. 나머지는 참고사항으로 분류해 반영여부도 알 수 없다”며 “정부는 처음부터 국민을 교과서 오탈자 수정 등을 위한 빨간펜 선생님 정도로 이용할 생각만 했지 국정화 추진 여부에 대해 물어볼 생각도, 계획도 없었다”며 교육부를 비판했다.심상정 정의당 의원은 “국민들이 탄핵한 것은 대통령뿐만 아닌 그의 잘못된 정책 전부다”며 “황교안 국무총리도 국정화 폐기를 수용해야 권한대행직을 유지할 수 있다”고 강조했다. 그는 “국정화를 폐기 선언하지 않는다면 야3당이 공동으로 낸 국정교과서 폐기법안을 국회에서 관철시킬 것이다. 국정화는 조금의 타협도 있을 수 없다”고 덧붙였다. 한상권 한국사교과서국정화저지네트워크 대표도 “한 달간 역사학계가 총 네 차례 토론회를 열고 국정교과서 현장검토본의 문제를 지적했다. 이제 교육부가 이를 반영할 때”라고 강조했다.같은 시각 비상대책회의 소속 조희연 서울교육감, 김석준 부산교육감, 장휘국 광주교육감, 최교진 세종교육감, 김지철 충남교육감 등 5명의 교육감은 세종시 교육부 청사 앞에서 국정교과서 철회를 촉구하는 시위를 벌였다. 교육감들도 “가르치는 교사, 배우는 학생, 교육행정을 책임지는 교육감이 받아들이지 않는 교과서는 학교에서 사용될 수 없다""며 “국정교과서 금지법안이 국회를 통과하면 그 순간 교과서로서의 효력이 상실된다는 것을 명심해야 할 것”이라고 목소리를 높였다. 이날 비상대책회의 소속 교육감들은 “이준식 장관 및 이영 차관과의 면담을 요청했으나 장차관은 일정을 이유로 면담에 응하지 않았다”고 밝혔다.김미향 기자 aroma@hani.co.kr▶ 한겨레 절친이 되어 주세요![신문구독][주주신청]▶[페이스북][카카오톡][트위터]▶ 지금 여기[사설·칼럼][만평][정치BAR][ⓒ한겨레신문 : 무단전재 및 재배포 금지]"
104,2016-12-23,"이동통신업계, 크리스마스와 주말 집회 맞아 특별대책 돌입",https://news.naver.com/main/read.nhn?mode=LSD&mid=shm&sid1=101&oid=003&aid=0007670956,뉴시스,"24일 크리스마스 이브와 도심 집회로 트래픽 폭주 전망【서울=뉴시스】장윤희 기자 = 주말 도심 집회와 크리스마스가 겹치면서 이동통신업계가 한층 강화된 특별소통대책에 들어갔다.23일 이동통신업계에 따르면 오는 24일 크리스마스 이브의 전국 통화 시도는 평소보다 약 15% 늘어날 전망이다.정치권 이슈로 크리스마스 이브날 도심 집회까지 예고되면서 이동통신사는 특별 관리에 들어갔다.SK텔레콤·KT·LG유플러스 등은 트래픽 증가가 예상되는 번화가와 유통·쇼핑 센터에 임시 기지국과 교환기 용량 증설 작업을 마쳤다.이동통신업계가 집회와 크리스마스 행사 종료 시까지 투입할 비상 관리 인력은 2000명 수준으로 추정된다.SK텔레콤의 경우 집회 지역에 이동기지국을 6대 배치하고 LTE 및 3G 기지국을 400여 개 증설했다. 이번 주말에는 약 800명을 투입해 특별 상황실을 운영하고 현장 대응을 하기로 했다.ego@newsis.com뉴시스 뉴스, 네이버 뉴스 스탠드에서도 만나세요뉴시스 SNS [페이스북] [트위터]<저작권자ⓒ 공감언론 뉴시스통신사. 무단전재-재배포 금지.>"
105,2016-12-23,교환·환불 마감 D-8…갤노트7 움켜쥔 14만명 손 펼까,https://news.naver.com/main/read.nhn?mode=LSD&mid=shm&sid1=105&oid=015&aid=0003704335,한국경제,"국내 회수율 85%…미국처럼 충전율 0% 제한 어려워다음주 교환·환불 분수령…대거 교환 움직임 있을수도삼성전자는 다음 주 중 이통사들과 사용 차단 방식, 교환·환불 기한 연장 여부 등에 대해 논의할 것으로 예상된다. 사진은 삼성전자 태평로 본관 1층에 마련된 갤노트7 교환 장소. 사진=이진욱 기자[ 이진욱 기자 ] 갤럭시노트7의 교환·환불 기한이 임박하면서 삼성전자가 국내 미교환 사용자들의 움직임을 예의주시하고 있다.23일 업계에 따르면 국내 유통된 갤노트7 회수율은 85％ 안팎을 기록중이다. 출시 초 판매량이 약 95만대라고 보면 최대 14만여명의 소비자가 여전히 갤노트7을 사용중인 셈이다.앞서 삼성전자는 세계 최대 시장인 미국에서 갤노트7 회수율을 100% 가까이 끌어올리기 위해 배터리 충전율을 0%로 제한하는 조치를 발표했다.T-모바일, 버라이즌, AT&T, 스프린트 등 미국 현지 통신사들은 오는 27일부터 갤럭시노트7 충전을 제한하는 업데이트를 단행한다. T모바일은 27일, 버라이즌과 AT&T는 내년 1월 5일, 스프린트는 1월 8일 소프트웨어를 업데이트해 배터리 충전율 0% 제한에 돌입한다. 삼성전자는 회수되지 않은 5%도 기한 내 교환·환불에 나설 것으로 보고 있다. 유럽은 배터리 충전율 30% 제한 업데이트를 추진 중이며 뉴질랜드에서는 네트워크 차단이 이뤄졌다.삼성전자 입장에서 정작 문제는 한국이다. 미국 등 다른 국가에서는 갤노트7 회수율이 95％에 달했기 때문에 극단적인 조치가 가능했다. 그러나 국내 회수율은 90%에 못 미치고 있어 사용을 강제 차단하는 것은 불가능한 상황이다. 85% 수준의 회수율로는 시행에 부담이 큰데다가 사용자들이 배터리 충전율 제한에 유독 민감하게 반응하고 있기 때문이다. 실제로 지난 10월 삼성전자가 갤노트7 충전률을 60%로 제한했을 당시 사용자들은 강한 불만을 표출했다.여기에 배터리 충전을 제한할 법적 근거도 마땅치 않다. 최근 미래창조과학부는 배터리 잔량을 일부 제한하는 것은 가능하지만, 미국처럼 배터리 충전 잔량을 '0'으로 만드는 것은 어렵다고 잠정 결론낸 상태다.상황이 이렇자, 국내에서는 네트워크를 차단하거나 충전율을 단번에 0%로 제한하는 조치보다 충전율을 순차적으로 낮추는 방안이 유력하게 검토되고 있는 것으로 알려졌다. 이와 함께 교환환불 기한이 지난 후 환불 혜택을 줄이는 방안도 검토되고 있다.삼성전자는 우선 회수율 추이를 신중히 지켜본다는 입장이다. 교환·환불 프로그램을 이달까지 운영하겠다고 공지한만큼, 교환을 미뤄온 사용자들이 막판에 대거 매장을 방문할 수도 있다는 가능성에 기대를 거는 눈치다.삼성전자는 교환·환불의 분수령이 될 다음 주 중 이동통신사들과 사용 차단 방식, 교환·환불 기한 연장 여부 등에 대해 구체적 논의에 돌입할 것으로 예상된다.이진욱 한경닷컴 기자 showgun@hankyung.com[한경닷컴 바로가기] [스내커] [모바일한경 구독신청]ⓒ 한국경제 &hankyung.com, 무단전재 및 재배포 금지"
106,2016-12-23,'선거법 위반' 민주당 추미애 대표 1심서 의원직 유지,https://news.naver.com/main/read.nhn?mode=LSD&mid=shm&sid1=102&oid=008&aid=0003795051,머니투데이,"[머니투데이 김민중 기자] [법원, 허위사실 공표 인정]추미애 더불어민주당 대표가 5일 오전 서울 여의도 국회에서 열린 취임 100일 기자간담회에서 모두발언을 하고 있다. /사진=이기범 기자서울동부지법 형사합의11부(부장판사 이상윤)는 23일 제20대 국회의원 총선거(총선)에서 허위사실을 유포한 혐의(공직선거법 위반)로 불구속기소된 추미애 더불어민주당 대표에게 벌금 80만원을 선고했다.현행법상 국회의원이 공직선거법이나 정치자금법 위반 혐의로 벌금 100만원이상 형을 확정받을 경우 의원직을 잃게 된다. 이번 판결이 확정되더라도 추 대표는 의원직을 유지한다.추 대표는 20대 총선을 앞둔 지난 3월31일 선거사무소에서 기자간담회를 개최해 ""과거 서울동부지법 이전이 논의될 때 손지열 법원행정처장을 만나 강·남북 균형을 위해 동부지법의 광진구 존치를 요청했고 존치 결정을 했다""는 허위 사실을 공표한 혐의다.또 추 대표는 4월2일부터 3일까지 배포한 선거공보물 약 8만2900부에 '16대 국회 시 법원행정처장으로부터 동부지법 존치 약속을 받아낸 추미애 의원'이라는 허위 사실을 표시한 혐의다.[이코노미스트들의 깊이있는 투자정보 'TOM칼럼'][부자들에게 배우는 성공 노하우 '줄리아 투자노트'  ][내 삶을 바꾸는 정치뉴스 'the 300']김민중 기자 minjoong@<저작권자 ⓒ '돈이 보이는 리얼타임 뉴스' 머니투데이, 무단전재 및 재배포 금지>"
107,2016-12-23,"트럼프· 푸틴 ""核 증강""…다시 '공포의 균형' 시대 오나",https://news.naver.com/main/read.nhn?mode=LSD&mid=shm&sid1=104&oid=421&aid=0002470170,뉴스1,"도널드 트럼프 미국 대통령 당선인 <자료사진> © AFP=뉴스1(서울=뉴스1) 최종일 기자 = 도널드 트럼프 대통령 당선인이 22일(현지시간) 미국의 ""핵능력"" 증강을 촉구했다. 러시아는 핵무기 강화가 필요하다는 블라디미르 푸틴 대통령의 발언에 대한 대응이었다. 이로 인해 수십년에 걸친 양국의 핵무기 감축 기조가 뒤집어져 새로운 군비 경쟁이 부활하는 것이 아니냐는 우려가 나오고 있다.워싱턴포스트(WP) 등에 따르면 이날 트럼프는 자신의 트위터 계정에서 세부 내용은 결여된 채 ""핵에 대해서 전 세계가 정신을 차릴 때까지 미국은 핵능력을 강화하고 확대(strengthen and expand)해야 한다""고 말했다.트럼프의 입장은 급격한 사고의 변화다. 러시아와 미국은 냉전시대 억제 전략인 상호확증파괴(MAD·핵무기 경쟁으로는 누가 공격해도 보복당하면 공멸할 수 있어 '공포의 균형'이 맞춰진다는 의미)에 따라 생산하고, 유지해온 핵무기 규모와 강도를 처음에는 제한하고 이후 감축하는 작업을 수십년 간 진행해왔다. 공화, 민주당 대통령들은 모두 이를 따랐다.이날 트럼프에 앞서 푸틴 대통령은 국방장관과의 회동에서 러시아의 핵무기에 대해 강경 발언을 내놓았다. 푸틴 대통령은 러시아는 전세계에서 가장 강한 국가이지만 안심이 되지는 않는다고 말했다.푸틴 대통령은 유럽에 구축되는 미국의 핵 미사일 방어망(MD)을 의식한 듯 ""우리는 전략핵전력의 군사적 잠재력을 증강할 필요가 있다""며 ""특히, 기존의 그리고 장래의 미사일 방어 시스템을 확실하게 뚫을 수 있는 미사일""이 중요하다고 강조했다.트럼프 인수위의 제이슨 밀러 대변인은 이날 성명을 내고 트럼프는 ""불안정한 불량정권 사이에서의 핵확산 위협과 예방의 중요성을 언급한 것""이라고 해명했다. 하지만 밀러는 트럼프는 과거에는 ""힘을 통해 평화를 추구하는 확실한 길은 우리의 억제력을 개선시키고 현대화하는 것이라고 말했다""고 덧붙였다.미국은 5000기에 조금 못 미치는 핵탄두를 보유중이며 배치된 전략 핵탄두는 1550여기라고 비확산 문제 연구기관 군축협회(ACA)의 대릴 킴볼 대표는 말했다. 국무부 무기통제, 검증 및 준수국에 따르면 러시아는 미국보다 400여기 더 많은 핵탄두를 갖고 있다. 하지만 미국은 핵탄두 운반 시스템을 170여개 더 많이 보유중이다.지난 2010년 서명된 신전략무기감축 협정(New Start) 하에서 미국과 러시아는 2018년 2월까지 실전 배치 핵탄두 수를 1550기로 줄여야 한다. 킴볼은 양국은 이 목표를 충족시킬 것으로 보인다고 말했다. 또 조지 HW 부시 대통령 이후 미국은 신형 핵탄두를 개발하지 않았다. 버락 오바마 행정부에서는 군사력으로서 핵탄두를 추구하지 않았다.비용도 고려해야 한다. 미군은 '핵전력 삼위일체(Nuclear Triad)'를 개선하는 초기 단계에 있다. 삼위일체는 전략핵 폭격기, 대륙간 탄도미사일(ICBM), 그리고 잠수함발사 탄도미사일(SLBM)이다. 지난해 미 국방부는 사용기간을 넘어 보수된 무기들을 교체하기 위해서는 2021년부터 15년 간 매년 평균 180억달러(약 21조6486억원)를 지출해야 한다고 추산했다.비용이 훨씬 많이 든다는 분석도 있다. 미국 비정부기구 군축협회(Arms Control Association)는 노후화된 무기의 현대화에는 30년 동안 1조달러(약 1202조원)가 들 것으로 추산했다.킴벨은 ""트럼프 당선인이 F-35 비용 상승을 우려한다면, 그는 미 핵무기 현대화에 드는 비용을 알게되면 충격을 받을 것이다""며 ""트럼프와 인수위 측은 트윗 내용을 설명해야 한다. 증강이 무슨 뜻인지, 또 비용이 얼마나 들 것으로 생각하는지 말이다""고 지적했다.하지만 핵무기와 억제의 원칙은 국가 안보의 필수 요소라는 주장도 있다. 그래서 핵무기를 추가 감축하려는 오바마 행정부의 노력은 희망사항일뿐이라는 지적도 나온다.보수 성향의 미 싱크탱크 헤리티지재단의 정책 애널리스트 마카엘라 다지는 백악관은 2010년 핵태세검토보고서(NPR)에서 러시아와 갈등이 벌어질 가능성은 거의 없다는 잘못된 판단을 내렸다고 지적했다. 러시아는 대규모 핵무기 현대화 계획을 진행중이며, 다수의 감축협약을 위반했다는 것이다.다지는 ""이미 핵 군비 경쟁이 진행중이다. 미국은 참여하고 있지 않다""며 ""대부분 러시아와 중국이다""고 말했다. 그는 트럼프 행정부는 핵무기 프로그램에 보다 많은 비용을 투자해야 한다고 촉구했다. 또 미국은 작동하지 않는 핵확산방지조약(NPT)에서 탈퇴해야 하며, 1992년이 마지막이었던 핵실험 재개를 고려해야 한다고 말했다.컬럼비아대의 국제정치학자인 로버트 저비스는 푸틴 대통령과 트럼프의 발언은 새로운 군비 경쟁 조짐이 있음을 반드시 뜻하는 것은 아니라고 진단했다. 그는 ""하지만 우리는 이것으로 이어질 수 있는 일종의 다이내믹스를 보고 있다""며 ""우리는 이것으로부터 상당히 떨어져 있다""고 말했다.allday33@▶ 놓치면 후회! 최신 만화 보기 / 2017년 나의 운세 보기[© 뉴스1코리아(news1.kr), 무단 전재 및 재배포 금지]"
108,2016-12-23,"태영호 전 北공사, 오늘 정보위 출석…북한 실상 공개 예정",https://news.naver.com/main/read.nhn?mode=LSD&mid=shm&sid1=100&oid=001&aid=0008911294,연합뉴스,"국회 정보위 회의실 향하는 태영호   (서울=연합뉴스) 황광모 기자 = 태영호 전 주(駐)영국 북한대사관 공사가 23일 오후 국회 정보위원회에 출석해 회의장으로 입장하고 있다. 태 전 공사는 정보위에서 자신의 망명 경위와 김정은 통치 체제에서 북한 주민의 실상 등을 공개할 예정이다.(서울=연합뉴스) 안용수 류미나 기자 = 태영호 전 주(駐)영국 북한대사관 공사는 23일 오후 국회 정보위에 출석해 자신의 망명 경위와 김정은 통치 체제에서 북한 주민의 실상 등을 공개할 예정이다.태 전 공사는 지난 19일 국가정보원 관계자가 입회한 가운데 이철우 정보위원장, 여야 정보위 간사들과 함께 서울 시내 모처에서 간담회를 열어 북한 엘리트층의 억압된 생활과 동요 상황 등에 대해 설명한 바 있다.국정원은 지난 7월 망명한 태 전 공사의 일반 사회생활을 이날부터 허용키로 했다.태영호 전 공사aayyss@yna.co.kr"
109,2016-12-23,"특검, 별도 전담팀 구성해 '최순실 일가' 재산 추적",https://news.naver.com/main/read.nhn?mode=LSD&mid=shm&sid1=100&oid=001&aid=0008911297,연합뉴스,[연합뉴스TV제공]'재산 추적' 변호사·국세청 간부 출신 1명씩 특별수사관 채용(서울=연합뉴스) 전성훈 최송아 기자 = '박근혜-최순실 게이트'를 파헤치는 박영수 특별검사팀이 '비선 실세' 최순실(60·구속기소)씨의 재산 형성 과정을 추적하는 별도의 팀을 꾸려 본격적인 수사에 나선다.특검팀은 23일 최씨 측이 불법 축재한 재산 규모를 규명하고자 전담팀을 만들어 운영하기로 했다고 밝혔다.특검팀은 재산 추적 경험이 많은 변호사 1명과 역외 탈세 조사에 밝은 국세청 간부 출신 1명을 특별수사관으로 채용했다.이들은 국내외에 산재한 것으로 추정되는 최씨의 정확한 재산 규모와 재산 조성 경위 등을 파악하는 역할을 하게 된다.최씨 측과 박근혜 대통령 간 수상한 자금 거래가 있었는지 등도 수사 대상이다.특검법은 '최씨와 그 일가가 불법적으로 재산을 형성하고 은닉했다는 의혹'을 핵심 수사 대상으로 규정한다.최씨에 대해선 수백억원대 자산가라는 소문만 있을 뿐 정확한 재산 규모와 축재 과정은 의문에 싸여있다.브리핑하는 이규철 특검 대변인    (서울=연합뉴스) 서명곤 기자 = 박근혜 대통령의 비위 의혹과 최순실 게이트를 수사 중인 특검팀 이규철 대변인이 23일 오전 서울 강남구 대치동 특검 사무실에서 브리핑을 하고 있다.최씨 일가가 재산을 급격하게 불리기 시작한 것은 부친인 최태민씨가 구국봉사단 총재로 활동하며 박 대통령과 빈번하게 접촉하던 1970년대 중후반으로 알려졌다.최태민씨는 1974년 육영수 여사 사망 이후 퍼스트레이디 역할을 하던 박 대통령의 영향력을 업고 기업 등으로부터 거액을 끌어모은 것으로 전해졌다.1990년대 박 대통령이 육영재단 이사장으로 있던 시절 최씨 일가가 막후에서 영향력을 행사하며 재단 자금을 빼돌렸다는 의혹도 있다.한 언론은 최순실씨 측이 독일·스위스·영국·리히텐슈타인 등에 페이퍼 컴퍼니를 세워 수조원대 재산을 은닉했다는 의혹도 제기했다.이에 따라 특검팀은 사실상 최태민씨가 활동하던 시절부터 40여 년간의 재산 형성 과정을 전방위적으로 훑을 것으로 예상된다.특검팀은 박 대통령이 최씨 일가의 재산 형성 과정에 직·간접적으로 관련이 있는지 집중적으로 파헤칠 것으로 보여 향후 결과가 주목된다.lucho@yna.co.kr
110,2016-12-23,"헌재, 법원·검찰에 '최순실 사건' 수사기록 송부 촉구",https://news.naver.com/main/read.nhn?mode=LSD&mid=shm&sid1=100&oid=001&aid=0008911232,연합뉴스,"헌법재판소[연합뉴스 자료사진]헌재, 법원·검찰에 '최순실 사건' 수사기록 송부 촉구(속보)"
111,2016-12-23,수출금액지수 23개월만 상승…반도체·화장품 호조,https://news.naver.com/main/read.nhn?mode=LSD&mid=shm&sid1=101&oid=008&aid=0003794941,머니투데이,"[머니투데이 유엄식 기자] [자동차 수출물량 14개월만 플러스 전환, 갤노트7 단종 여파로 휴대폰 수출 부진 지속]경기 평택항에서 화물차들이 컨테이너를 실어 나르는 모습. /사진제공=뉴스1수출금액지수가 23개월만에 반등했다. 갤럭시노트7 단종 여파로 휴대폰 수출은 여전히 부진했으나 반도체, 화장품 수출이 호조를 보인 데다 국제유가도 상승한 영향으로 풀이된다.23일 한국은행이 발표한 ‘11월 무역지수 및 교역조건’을 보면 11월 수출금액지수는 119.11(2010년 100기준)로 전년동월대비 8.4% 상승했다.수출금액지수가 전년동월대비 상승한 것은 지난 2014년 12월(3.9%) 이후 23개월 만이다. 변동률은 2013년 1월(14.2%) 이후 3년 10개월만에 가장 컸다.품목별로 화학제품(18.0%), 제1차금속제품(12.4%), 일반기계(19.7%) 등의 수출금액지수가 상승했다. 최근 하락세였던 전기 및 전자기기(3.2%), 수송장비(2.0%) 등의 수출금액지수도 소폭 반등했다.한은 관계자는 “화장품 및 기초화학 중간재 수출이 호조세를 이어갔고 EU, 중남미 지역에 기계류 수출도 개선된 것으로 보인다”며 “휴대폰 수출은 아직 회복되지 못했지만 반도체 수출이 증가하면서 전기 및 전자기기 금액지수도 상승했다”고 설명했다.수출물량지수는 142.56으로 전년동월대비 6.0% 상승했다. 지난 9~10월 두 달 연속 하락세였다가 3개월 만에 반등했다.화학제품(16.6%), 일반기계(20.7%), 제1차금속제품(8.1%) 등의 수출물량지수가 비교적 큰 폭 상승했다. 수송장비(2.0%)의 경우 지난해 10월 이후 14개월만에 수출물량지수가 상승했다.전기 및 전자기기 수출물량지수은 전년동월대비 1.2% 감소했으나 9월(-4.3%), 10월(-7.4%)과 비교해 하락 폭이 축소됐다.수입물량지수는 127.39로 전년동월대비 7.5% 상승했다. 석탄 및 석유제품(-5.3%)가 감소했지만 광산품(12.4%), 제1차금속제품(21.0%) 등이 증가했다.수입금액지수는 104.75로 전년동월대비 9.1% 상승했다. 석탄 및 석유제품(-3.7%), 전기 및 전자기기(-0.1%) 등은 감소했으나 화학제품(8.7%), 제1차금속제품(20.4%), 일반기계(11.2%), 수송장비(10.0%) 등은 상승했다.수입금액지수 변동률은 2012년 2월(22.6%) 이후 4년 9개월만에 최고 수준을 기록했다.11월 수출가격은 2.2%, 수입가격은 1.4% 각각 상승했다. 이에 따라 수출상품 한 단위로 수입할 수 있는 양을 의미하는 순상품교역지수(101.61)는 전년동월대비 0.8% 상승했다.순상품교역지수에 수출물량지수를 반영한 소득교역조건지수는 144.86로 전년동월보다 6.9% 상승했다.2014년말 이후 지속됐던 저유가 현상이 점차 해소되면서 향후 무역지수 및 교역조건 지수에도 변화가 예상된다.한은 관계자는 “그동안 저유가 영향으로 수출입 물량지수가 상승했음에도 금액지수는 감소하는 경향이 있었는데 점차 이런 현상이 해소될 것”이라며 “교역조건지수는 점차 상승 폭이 축소될 가능성이 높다”고 설명했다.[이코노미스트들의 깊이있는 투자정보 'TOM칼럼'][부자들에게 배우는 성공 노하우 '줄리아 투자노트'  ][내 삶을 바꾸는 정치뉴스 'the 300']유엄식 기자 usyoo@<저작권자 ⓒ '돈이 보이는 리얼타임 뉴스' 머니투데이, 무단전재 및 재배포 금지>"
112,2016-12-23,"이완영 ""최순실 변호사 3년전 향우회서 봤지만 최근엔 안만나""",https://news.naver.com/main/read.nhn?mode=LSD&mid=shm&sid1=100&oid=421&aid=0002469671,뉴스1,"박영선 더불어민주당 의원이 22일 국회에서 열린 최순실 국정조사 특위 청문회'에서 새누리당 이완영 의원(왼쪽 두번째)과 최순실씨 변호를 맡고 있는 이경재 변호사(왼쪽 세번째)가 함께 있는 시민 제보사진을 공개하고 있다. (박 의원실 제공) 2016.12.22/뉴스1 © News1 손형주 기자""이경재 변호사와 사적으로 만나 모의? 결코 없어""""박영선 의원 자극적인 깜짝쇼로 국조 스타되려""(서울=뉴스1) 곽선미 기자,김정률 기자 = 최순실 청문회에서 위증 공모 의혹을 받고 있는 이완영 새누리당 의원은 23일 박영선 더불어민주당 의원을 향해 ""저와 이경재 변호사의 커넥션을 국정조사에서 증명하고 그렇지 못할 경우 정계 은퇴를 공개적으로 선언하라""고 촉구했다.이 의원은 이날 오전 국회에서 기자회견을 갖고 ""이경재 변호사가 최순실 변호를 맡은 후 사적으로 만나 박영선 의원이 상상하는 모의를 한 적이 단 한번이라도 밝혀지면 저의 정치 생명을 걸겠다""며 이 같이 밝혔다.앞서 박 의원은 전날(22일) 국회에서 열린 최순실 게이트 국정조사 제5차 청문회에서 ""시민이 제보한 사진""이라며 이완영 의원과 최순실씨의 변호를 맡고 있는 이경재 변호사가 함께 식사 자리를 갖는 사진을 공개했다.이 의원은 ""저는 고령·성주·칠곡군 국회의원으로서 지역 향우회에 가서 출향인사를 만나는 것은 극히 자연스러운 정치 활동""이라며 ""지난 10월28일 최순실 변호사로 선임된 이경재 변호사는 제 지역구인 고령 출신 인사로 (2013년 6월) 향우회에서 만난 적은 있다. 그러나 사적으로 평소에 만나거나 최순실 변호사로 선임된 후에 만난 적은 결코 없다""고 주장했다.이어 ""박 의원은 자극적인 깜짝쇼로 어떻게든 저를 최순실과 연관지어 국정조사 스타가 되고 싶겠지만 도를 넘는 지나친 행태는 즉각 중단하길 바란다""며 ""최근 저에 대한 위증교사 의혹을 폭로했으나 이것이 불발로 끝나자 마음이 급한 나머지 본인만의 무지한 상상으로 부족한 부분을 억지로 끼워맞추려 하고 있다""고 비판했다.이 의원은 ""박영선 의원님, 차라리 고령군 출신 김병준 총리 내정자도 이완영의 입김으로 내정됐다고 주장하시죠""라고 목소리를 높이며 ""이경재 변호사는 정윤회(최순실씨 전 남편)씨의 변호사로도 활동했는데 저와 정윤회씨도 어떤 관계가 있어 선임된 것인가""라고 강하게 반발했다.gsm@▶ 놓치면 후회! 최신 만화 보기 / 2017년 나의 운세 보기[© 뉴스1코리아(news1.kr), 무단 전재 및 재배포 금지]"
113,2016-12-23,"외교부, 성추행 외교관 중징계 요구…다음주 징계위서 확정",https://news.naver.com/main/read.nhn?mode=LSD&mid=shm&sid1=102&oid=001&aid=0008910501,연합뉴스,"칠레서 韓외교관 미성년자 성추행…tv카메라에 포착(CG)[연합뉴스TV 제공](서울=연합뉴스) 이귀원 기자 = 외교부는 미성년자 성추행 혐의로 국내로 소환된 전 칠레 주재 외교관에 대해 중징계 의결을 요구한 것으로 전해졌다.외교부 당국자는 23일 ""해당 외교관에 대해 전날 중징계 의결을 요구했다""고 밝혔다.이에 따라 외교부는 다음 주 초께 해당 외교관에 대한 징계 여부와 수위를 결정할 징계위원회를 개최할 예정이다.징계위는 위원장인 외교부 제1차관과 외부 전문가 3명을 포함한 총 7명으로 구성된다. 국가공무원법상 징계는 파면·해임·강등·정직 등 중징계와 감봉·견책 등 경징계로 나뉜다.해당 외교관은 외교부 자체 조사에서 칠레에서 한국어 교육을 받던 여성 2명을 성추행한 혐의에 대해서는 사실관계를 대체로 인정한 것으로 전해졌다.외교부는 또 칠레 측에 이번 사건과 관련한 수사 자료를 요청한 것으로 알려졌으며, 관련 자료를 받는 대로 조만간 해당 외교관을 형사고발 할 방침이다.윤병세 외교부 장관은 전날 국회 외교통일위원회에서 ""문제를 발생시킨 당사자에 대해서는 필요한 조치를 취하고 있다""며 ""무관용 원칙 아래 일벌백계로 행정적·형사적 조치를 취하겠다""고 밝힌 바 있다.칠레 주재 한국대사관에서 근무하며 공공외교를 담당한 외교관 A 씨는 지난 9월, 14살 안팎의 현지 여학생에게 한국어를 가르치면서 성추행을 한 혐의를 받고 있다.첫 피해 여학생 측의 제보를 받은 현지 방송사가 다른 여성을 A 씨에 접근시켜 함정 취재를 벌이는 과정에서 A씨가 12월 초 여성에게 신체 접촉을 시도하는 장면이 카메라에 포착돼 전파를 탐으로써 칠레인들의 공분을 샀다.lkw777@yna.co.kr"
114,2016-12-23,"외교부, 성추행 외교관 중징계 요구…다음주 징계위서 확정",https://news.naver.com/main/read.nhn?mode=LSD&mid=shm&sid1=102&oid=001&aid=0008910501,연합뉴스,"칠레서 韓외교관 미성년자 성추행…tv카메라에 포착(CG)[연합뉴스TV 제공](서울=연합뉴스) 이귀원 기자 = 외교부는 미성년자 성추행 혐의로 국내로 소환된 전 칠레 주재 외교관에 대해 중징계 의결을 요구한 것으로 전해졌다.외교부 당국자는 23일 ""해당 외교관에 대해 전날 중징계 의결을 요구했다""고 밝혔다.이에 따라 외교부는 다음 주 초께 해당 외교관에 대한 징계 여부와 수위를 결정할 징계위원회를 개최할 예정이다.징계위는 위원장인 외교부 제1차관과 외부 전문가 3명을 포함한 총 7명으로 구성된다. 국가공무원법상 징계는 파면·해임·강등·정직 등 중징계와 감봉·견책 등 경징계로 나뉜다.해당 외교관은 외교부 자체 조사에서 칠레에서 한국어 교육을 받던 여성 2명을 성추행한 혐의에 대해서는 사실관계를 대체로 인정한 것으로 전해졌다.외교부는 또 칠레 측에 이번 사건과 관련한 수사 자료를 요청한 것으로 알려졌으며, 관련 자료를 받는 대로 조만간 해당 외교관을 형사고발 할 방침이다.윤병세 외교부 장관은 전날 국회 외교통일위원회에서 ""문제를 발생시킨 당사자에 대해서는 필요한 조치를 취하고 있다""며 ""무관용 원칙 아래 일벌백계로 행정적·형사적 조치를 취하겠다""고 밝힌 바 있다.칠레 주재 한국대사관에서 근무하며 공공외교를 담당한 외교관 A 씨는 지난 9월, 14살 안팎의 현지 여학생에게 한국어를 가르치면서 성추행을 한 혐의를 받고 있다.첫 피해 여학생 측의 제보를 받은 현지 방송사가 다른 여성을 A 씨에 접근시켜 함정 취재를 벌이는 과정에서 A씨가 12월 초 여성에게 신체 접촉을 시도하는 장면이 카메라에 포착돼 전파를 탐으로써 칠레인들의 공분을 샀다.lkw777@yna.co.kr"
115,2016-12-23,서울 초·중·고 독감환자 3만명 넘어서…초등 8곳 조기방학..,https://news.naver.com/main/read.nhn?mode=LSD&mid=shm&sid1=102&oid=014&aid=0003752647,파이낸셜뉴스,"서울지역 초·중·고교생중 독감에 걸린 학생이 3만명을 넘어섰다. 독감환자는 1주일도 채 안돼 2만3000명 넘게 증가했고 초등학교 8곳은 예정된 겨울방학 일정을 앞당겼다.23일 서울시교육청에 따르면 이달들어 22일까지 서울지역 초·중·고 독감환자는 908개교, 총 3만1006명에 달한다. 서울지역 학생의 3%가 독감에 걸린 셈이다. 지난 16일 독감에 걸린 학생이 7284명이었던 것을 감안하면 1주일이 채 지나지 않아 독감환자 2만3722명이 늘어났다. 주초인 지난 19일 집계 때보다도 125개교, 1만3181명이 늘어났다.자치구별로는 노원구, 양천구, 강서구에서 독감 학생이 많았다. 주초 집계에서는 노원구, 서초구, 마포구 순이었다는 점을 감안하면 양천구와 강서구에서 새로운 환자가 많이 발생한 셈이다.학교급별로는 초등학교 454곳에서 2만1331명의 독감환자가 발생해 가장 많았고 중학교 265곳에서 7115명, 고등학교 182곳에서 2522명, 특수학교 7곳에서 38명이 확인됐다.한편 독감환자가 계속 늘어나자 방학을 앞당기는 학교가 늘고 있다. 서울지역 학교중 처음으로 조기방학을 결정한 양전초(12월 26일→12월 22일)을 비롯해 방현초(28일→23일), 구룡초(27일→23일), 개원초(29일→23일), 개일초(29일→23일), 휘봉초(29일→23일), 금동초(30일→27일), 구암초(30일→26일) 등 8곳이 이날까지 방학을 앞당겼다. 교육부는 지난 18일 독감 확산에 따라 일선 학교에 필요할 경우 조기방학을 검토하도록 권고하는 공문을 보낸 바 있다.한편 질병관리본부는 이날 초·중·고 독감 의심 환자가 외래환자 1000명당 153명으로 일주일 전 108명에 비해 42% 가량 늘었다고 밝혔다. 1997년 독감 감시체계를 도입한 이래 최고치다.cynical73@fnnews.com 김병덕 기자▶ 세상의 모든 골 때리는 이야기 'fn파스'▶ 속보이는 연예뉴스 fn스타※ 저작권자 ⓒ파이낸셜뉴스. 무단 전재-재배포 금지"
116,2016-12-23,朴대통령 지지율 40%→4%…1년만에 '수직낙하',https://news.naver.com/main/read.nhn?mode=LSD&mid=shm&sid1=100&oid=421&aid=0002470138,뉴스1,"박근혜 대통령 2016년 직무수행지지도. (한국갤럽) © News1한국갤럽…4년차 4분기 역대 최저與지지율, 동반 몰락 '반토막'…민주 '부동 1위'(서울=뉴스1) 윤태형 기자 = 박근혜 대통령 지지율이 올해 1월 40%로 시작했지만 12월 탄핵정국 속에서 4%를 기록하며 올해를 마감했다. 1년 사이에 박 대통령 지지율이 10분의 1로 토막 난 것이다.여당인 새누리당 지지율 또한 박 대통령과 함께 동반 몰락을 기록했다. 올해 1월 지지율 39%로 부동의 1위를 기록할 것 같았던 새누리당 지지율이 12월 14%로 쪼그라들었고, 이젠 1위 회복은 커녕 분당을 앞둔 상황이 됐다.23일 한국갤럽에 따르면 '박 대통령이 직무를 잘 수행하고 있다'는 응답은 1월 평균 40%에 달했고, 북핵·미사일 위기 속에서 개성공단 가동 중단을 단행했던 2월엔 보수세력 결집으로 2%포인트 올라 42%로 올해 최고치를 기록했다.하지만 지난 4·13 총선에서 진박(眞박근혜) 논란과 친박(親박근혜)과 비박 간 갈등으로 '여소야대' 정국이 탄생한 이후 5월~8월까지 평균 32%, 9월 31% 등 30% 초반을 벗어나지 못하다가 지난 10월 '최순실 비선논란 사태'가 본격화하면서 24%를 기록했다.여기에 '최순실 비선논란'이 '국정농단' 수준으로 번지고, 탄핵정국이 본격화하면서 박 대통령 지지율은 11월 평균 5%, 12월 4%로 급락했다.결국 박 대통령은 지난 9일 국회의 탄핵소추안 가결로 권한정지를 당하면서 한국갤럽이 대통령 직무수행 지지율 조사를 중단하게 됐다. '지지도를 평가할 직무가 없다'는 게 갤럽 측의 이유였다.또한 그동안 박 대통령을 지지해온 '보수층' 또한 그 곁을 떠났다. 1월 보수층의 평균 지지율은 62%였다가 2월 북핵·미사일 위기 속에서 64%까지 오르며 강한 결집을 보였다. 지난 10월 '최순실 파문'이 본격화했지만, 보수층 지지율은 37%를 유지하며 마지막 기대를 보였다.하지만 11월과 12일 탄핵정국 속에서 지지율이 각각 9%, 8%를 기록하며 '보수층 이반'을 드러냈다. 이른바 '샤이(shy) 박근혜'는 없었던 것이다.박 대통령의 '정치적 고향'인 대구·경북(TK) 지역 또한 11월 7%, 12월 9%를 기록하는 등 박 대통령에 대한 기대를 접었다.박 대통령은 지난 10월부터 12월2주차까지 집계한 4년차 4분기 평균 지지율이 12%를 기록, 고(故) 노무현 대통령 4년차 4분기 기록과 동률을 이루며 역대 대통령 최저 수준을 기록했다. 같은 기간 노태우 대통령은 15%, 김영삼 대통령 28%, 김대중 대통령 31%, 이명박 대통령 32% 등으로 집계됐다.2016년 정당 지지율.(한국갤럽) © News1여당인 새누리당 또한 박 대통령과 함께 지지율 몰락을 겪었다.새누리당 지지율은 올 1월과 2월 각각 39%와 41%로 더불어민주당 (1월 20%, 2월 20%)를 2배 앞서며 부동의 1위를 사수했다.하지만 4·13 총선을 전후로 4월 34%, 5월~7월 30%, 8월 32%, 9월 33%로 30% 초반대를 벗어나지 못했지만 민주당 추격을 멀찌감치 따돌리고 1위 자리를 유지했다.하지만 '최순실 파문'은 새누리당으로부터 부동의 1위 자리를 빼앗더니 결국 분당 위기까지 맞게 했다.지난 10월 새누리당의 지지율이 급락, 29%로 민주당에 불과 1%포인트 앞서더니 11월 16%로 같은 기간 32%를 기록한 민주당에 1위 자리를 내줬다. 이어 12월엔 14%로 주저앉았고, 반면 민주당은 36%로 상승세를 유지해 두 정당 간 지지율 격차는 22%포인트 차이로 벌어졌다.올 1월 12%로 출발한 국민의당 지지율 또한 '최순실 파문'으로 4월 이후 지속적인 하락세에서 벗어나 11월 14%로 반등했지만 12월 13%로 마감하며 '몰락'한 새누리당 지지율을 넘지는 못했다.한편 정의당은 올 1월 지지율이 3%로 출발했지만 12월 6%로 마감했다.매월 전국 만 19세 이상 남녀 평균 4024명을 대상으로 휴대전화 RDD 표본 프레임에서 무작위 추출해 전화조사원 인터뷰 방식으로 실시했다. 표본오차는 ±1.5%포인트(95% 신뢰수준)였고 평균 응답률은 21%였다.한편 갤럽은 지난 9일 박 대통령이 국회 탄핵소추안 가결로 권한이 정지됨에 따라 직무수행 지지도 조사를 중단, 12월은 2주간의 조사만 집계됐다. 이에 따라 12월의 경우 여론조사에 참가한 인원은 2015명이다.보다 자세한 사항은 한국갤럽 또는 중앙선거여론조사공정심의위원회 홈페이지를 참고하면 된다.birakoca@▶ 놓치면 후회! 최신 만화 보기 / 2017년 나의 운세 보기[© 뉴스1코리아(news1.kr), 무단 전재 및 재배포 금지]"
117,2016-12-23,"파리바게뜨, 카스테라 등 19개 품목 생산 중단",https://news.naver.com/main/read.nhn?mode=LSD&mid=shm&sid1=102&oid=001&aid=0008911099,연합뉴스,"파리바게뜨, 카스테라 등 19개 품목 생산 중단    (서울=연합뉴스) 한종찬 기자 = 고병원성 조류인플루엔자(AI) 여파로 계란 공급량이 대폭 줄면서 급기야 대형 제빵업체가 일부 품목의 생산을 중단하기로 했다. SPC그룹이 운영하는 베이커리 전문점 파리바게뜨는 23일 카스테라와 머핀, 롤케익 등 계란 재료가 많이 들어가는 19개 품목의 생산을 당분간 중단한다고 밝혔다. AI 발생 이후 제빵업체에서 제품 생산을 중단하기로 한 것은 이번이 처음이다. 사진은 이날 오후 서울 시내에 한 파리바게뜨 지점의 상품 판매대.계란 수급 불안 영향…""거래처 21곳 중 9곳 폐쇄""(서울=연합뉴스) 강종훈 정빛나 기자 = 고병원성 조류인플루엔자(AI) 여파로 계란 공급량이 대폭 줄면서 급기야 대형 제빵업체가 일부 품목의 생산을 중단하기로 했다.SPC그룹이 운영하는 베이커리 전문점 파리바게뜨는 23일 카스테라와 머핀, 롤케익 등 계란 재료가 많이 들어가는 19개 품목의 생산을 당분간 중단한다고 밝혔다.AI 발생 이후 제빵업체에서 제품 생산을 중단하기로 한 것은 이번이 처음이다. 파리바게뜨가 업계 1위라는 점을 고려하면 업계 전반에 미칠 영향이 작지 않을 전망이다.20여개 유통업체로부터 달걀을 납품받는 SPC는 거래 업체 상당수가 AI 영향을 받아 계란 납품이 정상적으로 이뤄지지 않은 것으로 전해졌다.[연합뉴스TV제공]SPC 관계자는 ""달걀 공급이 현실적으로 어려운 상황""이라며 ""계란 수급 상황이 정상으로 돌아올 때까지 생산을 중단할 것""이라고 말했다.SPC에 따르면 현재 거래처 21곳 중 9곳이 폐쇄됐으며, 이로 인해 최근 계란 공급 물량이 약 40% 정도 부족한 상태다.SPC는 앞서 직원들을 동원해 소매점에서 계란을 사들였다가 사재기 논란에 휘말리기도 했다.가격이 급등하고 대형마트들이 구입 물량을 제한하는 등 '계란 대란'이 현실화된 가운데 SPC 직원들은 마트를 돌며 계란을 사모았다.당시 SPC는 직원들이 구매한 계란은 빵을 만드는 재료로 쓰지 않고 연구 및 교육용으로 사용한다고도 설명했으나 실제로는 생산 중단에 이를 만큼 계란 공급에 심각한 차질이 빚어졌던 셈이다.CJ푸드빌이 운영하는 베이커리전문점 뚜레쥬르는 당장 생산 중단 계획은 없지만 사태 추이를 지켜보면서 결정한다는 입장이다.CJ푸드빌 관계자는 ""현재로서는 계란 부족으로 결품이 발생하는 상황은 아니지만 사태가 장기화하면 한계가 올 수 있다""며 ""올해까지 생산 물량은 확보된 상황이지만 상황을 예의주시하고 있다""고 말했다.double@yna.co.krshine@yna.co.kr"
118,2016-12-23,"박영수 특검팀 ""정유라 관련 참고인들 조사""",https://news.naver.com/main/read.nhn?mode=LSD&mid=shm&sid1=100&oid=003&aid=0007670845,뉴시스,"【서울=뉴시스】뉴시스 뉴스, 네이버 뉴스 스탠드에서도 만나세요뉴시스 SNS [페이스북] [트위터]<저작권자ⓒ 공감언론 뉴시스통신사. 무단전재-재배포 금지.>"
119,2016-12-23,"""가끔 손주 돌봐주면 5년 더 살 수 있다""",https://news.naver.com/main/read.nhn?mode=LSD&mid=shm&sid1=103&oid=081&aid=0002784688,서울신문,"[서울신문 나우뉴스]가끔 손주를 돌봐주는 노인은 기대수명보다 5년 더 살 수 있다는 연구결과가 나왔다.영국 일간 데일리메일에 따르면, 한 국제 연구진은 독일과 스위스에 사는 70~103세 노인 500여 명의 생존율과 손주나 아이를 돌봐준 빈도 등을 조사해 위와 같은 결론을 얻었다고 밝혔다.특히 이번 연구에서는 기존 연구들과 달리 손주를 주로 맡아 보살핀 노인들은 조사 대상에서 제외했다. 대신 손주를 가끔 돌봐준 노인들과 전혀 손주를 돌봐주지 않은 이들을 비교했다.또한 손주가 없지만 다른 아이들에게 보호자로서 정서적인 지원을 제공한 노인들도 비교 대상에 포함했다.그 결과, 가끔 손주를 돌봐준 노인 참가자 중 절반은 조사를 시작하고 나서 10년이 지난 뒤에도 계속해서 생존했다. 반면 손주를 전혀 돌보지 않은 노인 참가자 중 절반은 5년 안에 사망했다.또한 손주가 없지만 다른 아이들에게 정서적인 지원을 해준 노인 참가자 중 절반은 7년을 더 살았다.아무도 보살피지 않은 노인은 평균적으로 4년 더 생존했다.이에 대해 독일 막스플랑크 인간개발연구소의 랄프 헤르트비히는 “돕는 행위를 더 긴 삶을 위한 만병통치약으로 오해해서는 안 된다”면서도 “적절한 수준으로 보살핌에 동참하는 것은 건강에 긍정적인 영향을 미치는 것으로 보인다”고 말했다.이어 “기존 연구에서는 더 적극적으로 보살핌에 참여하게 되면 스트레스가 유발돼 심신 건강에 부정적인 영향을 가질 수 있는 것으로 나타났다”고 덧붙였다.이번 연구결과는 ‘진화와 인간행동 저널’(Journal Evolution and Human Behaviour) 최신호에 실렸다.사진=© biker3 / Fotolia윤태희 기자th20022@seoul.co.kr▶ [웰 메이드 N], 재미있는 세상[나우뉴스]▶ [인기 무료만화] [페이스북]ⓒ 서울신문(www.seoul.co.kr), 무단전재 및 재배포금지"
120,2016-12-23,朴대통령 지지율로 본 올해 민심…반등없이 '수직 낙하',https://news.naver.com/main/read.nhn?mode=LSD&mid=shm&sid1=100&oid=421&aid=0002470138,뉴스1,"박근혜 대통령 2016년 직무수행지지도. (한국갤럽) © News1한국갤럽…4년차 4분기 역대 최저與지지율, 동반 몰락 '반토막'…민주 '부동 1위'(서울=뉴스1) 윤태형 기자 = 박근혜 대통령 지지율이 올해 1월 40%로 시작했지만 12월 탄핵정국 속에서 4%를 기록하며 올해를 마감했다. 1년 사이에 박 대통령 지지율이 10분의 1로 토막 난 것이다.여당인 새누리당 지지율 또한 박 대통령과 함께 동반 몰락을 기록했다. 올해 1월 지지율 39%로 부동의 1위를 기록할 것 같았던 새누리당 지지율이 12월 14%로 쪼그라들었고, 이젠 1위 회복은 커녕 분당을 앞둔 상황이 됐다.23일 한국갤럽에 따르면 '박 대통령이 직무를 잘 수행하고 있다'는 응답은 1월 평균 40%에 달했고, 북핵·미사일 위기 속에서 개성공단 가동 중단을 단행했던 2월엔 보수세력 결집으로 2%포인트 올라 42%로 올해 최고치를 기록했다.하지만 지난 4·13 총선에서 진박(眞박근혜) 논란과 친박(親박근혜)과 비박 간 갈등으로 '여소야대' 정국이 탄생한 이후 5월~8월까지 평균 32%, 9월 31% 등 30% 초반을 벗어나지 못하다가 지난 10월 '최순실 비선논란 사태'가 본격화하면서 24%를 기록했다.여기에 '최순실 비선논란'이 '국정농단' 수준으로 번지고, 탄핵정국이 본격화하면서 박 대통령 지지율은 11월 평균 5%, 12월 4%로 급락했다.결국 박 대통령은 지난 9일 국회의 탄핵소추안 가결로 권한정지를 당하면서 한국갤럽이 대통령 직무수행 지지율 조사를 중단하게 됐다. '지지도를 평가할 직무가 없다'는 게 갤럽 측의 이유였다.또한 그동안 박 대통령을 지지해온 '보수층' 또한 그 곁을 떠났다. 1월 보수층의 평균 지지율은 62%였다가 2월 북핵·미사일 위기 속에서 64%까지 오르며 강한 결집을 보였다. 지난 10월 '최순실 파문'이 본격화했지만, 보수층 지지율은 37%를 유지하며 마지막 기대를 보였다.하지만 11월과 12일 탄핵정국 속에서 지지율이 각각 9%, 8%를 기록하며 '보수층 이반'을 드러냈다. 이른바 '샤이(shy) 박근혜'는 없었던 것이다.박 대통령의 '정치적 고향'인 대구·경북(TK) 지역 또한 11월 7%, 12월 9%를 기록하는 등 박 대통령에 대한 기대를 접었다.박 대통령은 지난 10월부터 12월2주차까지 집계한 4년차 4분기 평균 지지율이 12%를 기록, 고(故) 노무현 대통령 4년차 4분기 기록과 동률을 이루며 역대 대통령 최저 수준을 기록했다. 같은 기간 노태우 대통령은 15%, 김영삼 대통령 28%, 김대중 대통령 31%, 이명박 대통령 32% 등으로 집계됐다.2016년 정당 지지율.(한국갤럽) © News1여당인 새누리당 또한 박 대통령과 함께 지지율 몰락을 겪었다.새누리당 지지율은 올 1월과 2월 각각 39%와 41%로 더불어민주당 (1월 20%, 2월 20%)를 2배 앞서며 부동의 1위를 사수했다.하지만 4·13 총선을 전후로 4월 34%, 5월~7월 30%, 8월 32%, 9월 33%로 30% 초반대를 벗어나지 못했지만 민주당 추격을 멀찌감치 따돌리고 1위 자리를 유지했다.하지만 '최순실 파문'은 새누리당으로부터 부동의 1위 자리를 빼앗더니 결국 분당 위기까지 맞게 했다.지난 10월 새누리당의 지지율이 급락, 29%로 민주당에 불과 1%포인트 앞서더니 11월 16%로 같은 기간 32%를 기록한 민주당에 1위 자리를 내줬다. 이어 12월엔 14%로 주저앉았고, 반면 민주당은 36%로 상승세를 유지해 두 정당 간 지지율 격차는 22%포인트 차이로 벌어졌다.올 1월 12%로 출발한 국민의당 지지율 또한 '최순실 파문'으로 4월 이후 지속적인 하락세에서 벗어나 11월 14%로 반등했지만 12월 13%로 마감하며 '몰락'한 새누리당 지지율을 넘지는 못했다.한편 정의당은 올 1월 지지율이 3%로 출발했지만 12월 6%로 마감했다.매월 전국 만 19세 이상 남녀 평균 4024명을 대상으로 휴대전화 RDD 표본 프레임에서 무작위 추출해 전화조사원 인터뷰 방식으로 실시했다. 표본오차는 ±1.5%포인트(95% 신뢰수준)였고 평균 응답률은 21%였다.한편 갤럽은 지난 9일 박 대통령이 국회 탄핵소추안 가결로 권한이 정지됨에 따라 직무수행 지지도 조사를 중단, 12월은 2주간의 조사만 집계됐다. 이에 따라 12월의 경우 여론조사에 참가한 인원은 2015명이다.보다 자세한 사항은 한국갤럽 또는 중앙선거여론조사공정심의위원회 홈페이지를 참고하면 된다.birakoca@▶ 놓치면 후회! 최신 만화 보기 / 2017년 나의 운세 보기[© 뉴스1코리아(news1.kr), 무단 전재 및 재배포 금지]"
121,2016-12-23,"대기업, 중소기업 아이디어 베끼면 형사처벌",https://news.naver.com/main/read.nhn?mode=LSD&mid=shm&sid1=105&oid=001&aid=0008910672,연합뉴스,"제18차 국가지식재산위원회    (서울=연합뉴스) 23일 오전 정부과천청사에서 ''가 열렸다. 2016.12.23 [미래창조과학부 제공=연합뉴스]    photo@yna.co.kr악의적 영업기밀 침해에 '징벌적 손해배상' 도입지방경찰청에 기술유출 대응 전문 수사팀 설치2차 국가지식재산 기본계획…5년간 4조원 투입(서울=연합뉴스) 임화섭 신선미 기자 = 대기업이 중소기업이나 협력업체의 아이디어나 기술을 빼앗거나 트레이드 드레스(모양·색채·크기 등 상품 및 서비스의 고유한 이미지를 나타내는 외관이나 장식)를 베끼는 행위도 부정경쟁방지법에 따른 형사처벌 대상이 된다.악의적 영업비밀 침해에 대해서는 손해액보다 더 큰 금액을 배상액으로 부과하는 '징벌적 손해배상' 제도도 도입된다.인공지능(AI) 창작물의 권리인정 문제 등 이슈에 선제적으로 대응하고 AI와 빅데이터 등 신기술 관련 보호체계를 만들기 위한 '차세대 지식재산 특별전문위원회'가 대통령소속 국가지식재산위원회(지재위) 안에 만들어진다.미래창조과학부와 지재위는 23일 정부과천청사에서 구자열 지재위 민간위원장 주재로 제18차 전체회의를 열어 이런 내용을 포함한 제2차 국가지식재산 기본계획'을 심의·의결했다고 밝혔다.지식재산기본법에 따른 이번 계획은 이른바 '제4차 산업혁명'을 선도할 IP분야 국가경쟁력을 확보하는 데 초점이 맞춰졌다.     미래부 관계자는 ""2011년 수립된 1차 기본계획 기간에 우리나라는 특허출원 건수 5년 연속 세계 4위, 표준특허 점유율 세계 5위의 '특허 강국'이 됐다""고 설명했다.정부는 문화콘텐츠·산업기술·특허·상표 등 지식재산(IP·intellectual property)을 창출하고 보호하는 데에 내년부터 5년간 4조7백억 원을 투입키로 했다.올해 10.8% 수준인 정부 연구개발(R&D) 우수특허 비율을 2021년 20%로 끌어올린다는 목표도 세웠다.이를 위해 연구자들이 연구비(직접비)로 IP 관련 경비를 쓸 수 있게 하고 연 50억 원 이상의 대형사업에 '특허전담관'을 두기로 했다.또 IP 거래 시 세제혜택을 확대하고 올해 3천억원 수준인 IP 투자·융자를 2021년까지 1조 원 규모로 확대키로 했다.제18차 국가지식재산위원회    (서울=연합뉴스) 구자열 국가지식재산위원장이 23일 오전 정부과천청사에서 ''를 주재하고 있다. 2016.12.23 [미래창조과학부 제공=연합뉴스]    photo@yna.co.kr특히 인공지능(AI)과 가상현실(VR) 등 신기술 분야의 특허 확보를 지원하는 데에 4천806억 원을 투입키로 했다.중소기업의 IP 관련 법적 분쟁 대응을 지원하기 위한 제도 정비도 이뤄진다.중소기업이 필요한 법률서비스를 선택할 수 있는 '특허바우처제도'와 소송비용을 먼저 지원받은 뒤 나중에 분할상환할 수 있는 '선지원 후변제' 공제제도가 도입된다. 중소기업의 소송비용을 줄이기 위해 사전 분쟁제도를 활성화하고, 소송 기간을 줄이는 집중심리제도가 시행된다. 아울러 우수한 특허를 낸 기업에 대해서는 정부사업 참여 우대 등의 인센티브를 주기로 했다.미래부 관계자는 ""내년 상반기에는 기술유출에 신속하고 적극적으로 대응하기 위해 전국 모든 지방경찰청에 전문 수사팀을 설치할 예정""이라고 설명했다.정부는 한류콘텐츠 기업의 성장을 위한 모태펀드 계정을 올해 1조5천억 원 규모에서 2021년 2조 원 이상으로 늘리기로 했다.또 6개국 12곳에 마련된 IP 상담센터의 서비스를 강화하고 현지 상표출원비용을 주는 등 글로벌 시장에서의 IP 활동을 지원하는 방안도 마련했다.구자열 지재위 민간위원장은 ""우리나라가 제4차 산업혁명에 유리한 고지를 선점하려면, 세계를 선도할 수 있는 IP 정책과 제도를 서둘러 갖추는 것이 중요하다""고 강조했다.solatido@yna.co.kr, sun@yna.co.kr"
122,2016-12-23,"정부, 수입 계란 관세 일시면제…사재기 의혹 조사",https://news.naver.com/main/read.nhn?mode=LSD&mid=shm&sid1=102&oid=001&aid=0008911084,연합뉴스,"계란 품귀탓? 날씨탓? 문닫은 계란빵 노점 [연합뉴스 자료사진](서울=연합뉴스) 정빛나 기자 = 고병원성 조류인플루엔자(AI) 여파로 계란값이 치솟자 정부가 가공 및 신선 계란 수입 시 일시적으로 관세를 면제해주기로 했다.또 일각에서 제기된 '계란 사재기' 의혹에 대해 조사에 착수할 방침이다.농림축산식품부는 23일 정부세종청사에서 브리핑을 열고 제빵, 제과업체들이 계란 가격 상승으로 원가 부담이 가중되고 있는 만큼 난황(알의 노른자), 난백(흰자) 등 8가지 계란 가공품에 대해 0%의 할당 관세를 적용할 방침이라고 밝혔다.할당 관세란 수입업자들이 외국산 제품을 수입할 때 일정 물량에 한해 고세율의 관세를 낮춰주는 것을 의미한다.이에 따라 현재 관세가 8~30%인 계란 가공 제품을 수입하는 업체는 사실상 관세를 면제받게 된다.현재 국내 제과·제빵업체의 가공용 계란 사용량은 전체 국내 유통량의 21.5% 정도로 파악되고 있다. 나머지는 신선란을 사용하는 것으로 추정된다.계란값 폭등세 [연합뉴스 자료사진]현실적으로 가격 등의 측면을 고려할 때 제과, 제빵업체들이 신선란보다는 가공 계란 제품의 사용을 늘리도록 유도하겠다는 계획이다.농식품부는 계란 공급 감소가 지속할 때를 대비해 국내 가격과 연동한 신선란 수입 지원방안도 마련하고, 신선란에 대해서도 할당 관세(27%→0%)를 적용할 계획이다.특히 계란 수입에 드는 운송비를 지원해 국내 계란 가격이 과도하게 높아지지 않도록 유도한다는 계획이다.농식품부는 국제계란위원회(IEC)의 2015년 연차 보고서를 인용해 AI 청정국인 미국과 캐나다, 호주의 계란 가격이 우리나라와 큰 차이가 없다고 설명했다.IEC에 따르면 2014년 기준 미국의 계란 산지 가격은 한 알에 94원으로 국내(137원)보다 오히려 낮았다. 캐나다(164원), 호주(157원) 등은 다소 높은 편이다.또 미국 계란값을 기준으로 항공운송비 100% 지원 시 한판(30알) 소매가격이 7천200원, 50% 지원 시에는 한판에 9천480원 정도가 될 것으로 추산했다.계란값 폭등세 [연합뉴스 자료사진]다만 항공운송비 지원 비율은 추후 수급 상황을 지켜본 뒤 관계 부처와 협의를 거쳐 결정할 예정이다.한편, 농식품부는 일부 유통상인 및 대형 제빵업체가 계란 사재기를 했다는 의혹이 제기됨에 따라 관계기관 합동 태스크포스를 구성해 합동 조사를 벌일 계획이다.해당 업체의 재고물량과 위생안전실태 등을 점검한 결과, 사재기 등의 행위가 발견될 경우 행정지도 또는 권고 등을 통해 투명한 시장질서를 유도할 방침이라고 설명했다.한편, 농식품부에 따르면 AI 방역조치 여파로 산란계(알 낳는 닭) 도살 처분 마릿수가 1천593만4천 마리로, 전체 사육 대비 22.8%에 해당한다.그 여파로 계란 산지 가격은 전월 대비 37%, 소비자 가격 역시 27.1% 급등했다.shine@yna.co.kr"
123,2016-12-23,"비박 떠난 새누리, 변신 착수…비상체제, 혁신TF 가동",https://news.naver.com/main/read.nhn?mode=LSD&mid=shm&sid1=100&oid=421&aid=0002470057,뉴스1,"정우택 새누리당 원내대표가 23일 서울 여의도 국회에서 열린 원내대책회의에서 이현재 정책위의장, 박맹우 사무총장과 대화를 하고 있다. 2016.12.23/뉴스1 © News1 송원영 기자인명진 비대위원장 내정, 재창당 혁신추진 TF 설치(서울=뉴스1) 류정민 기자,김영신 기자 = 새누리당이 비박계 탈당 선언 이후 처음 열린 23일 원내대책회의에서 인명진 전 당 윤리위원장을 비상대책위원장으로 전격 내정하는 등 발빠른 행보를 보이고 있다.새누리당 재창당 혁신추진 태스크포스(TF)도 설치하는 등 내년 5~6월 중 실시될 것으로 예상되는 대통령 선거를 앞두고 비상체제에 돌입했다.정우택 원내대표는 이날 원내대책회의 직후 기자회견을 열고 ""인 전 윤리위원장을 신임 비대위원장에 내정했다""며 ""2006년 당시 한나라당 윤리위원장을 맡아 보수정당의 두 축인 책임정치와 도덕성을 재정립하는 데 주도적 역할을 한 분""이라고 배경을 설명했다.새누리당은 오는 29일이나 30일 열릴 전국위에서 비대위원장 선임을 추인할 방침이다.새누리당은 비대위원장 최종 선임 전까지 '재창당 추진 혁신 태스크포스(TF)'를 구성하기로 했다. TF는 비대위의 당 혁신작업을 기초를 준비하는 역할을 맡는다.개헌 이슈와 관련해 정 원내대표는 ""당의 혁신과 함께 국가시스템을 재설계하는 개헌이 반드시 이뤄져야 한다는 소신을 갖고 있다""며 ""조만간 설치될 국회 개헌특위를 중심으로 구체적인 작업을 시작하겠다""고 밝혔다.국회 정보위원회 위원장을 맡고 있는 이철우 의원은 ""1987년 개헌을 보니 당시 국회 발의 40일 후인 10월 27일에 국민투표에 부쳤다""며 ""이후 선거는 12월 17일에 진행된 것을 보면 개헌 발의 후 3개월 내에 대통령 선거를 실시한 만큼 이번에도 시간이 충분하다""고 발언해 개헌에 강한 의지를 피력했다.새누리당은 이날부터 국내 활동을 시작하는 태영호 전 주(駐) 영국 북한대사관 공사와 새누리당 의원들과의 간담회도 추진할 계획이다.이밖에 당내 민생점검단과 정책개발단을 발족하고, 여·야·정 민생경제협의체의 재가동을 야당에 촉구하는 등 민생챙기기에도 주력할 방침이다.이현재 정책위의장은 ""내년 예산 60%를 상반기에 조기집행하고 추경도 내년 2월까지는 편성하도록 정부에 강력히 요청했다""고 말했다.ryupd01@▶ 놓치면 후회! 최신 만화 보기 / 2017년 나의 운세 보기[© 뉴스1코리아(news1.kr), 무단 전재 및 재배포 금지]"
124,2016-12-23,"'반기문 테마주' 큐로홀딩스, 이상급등종목으로 첫 지정",https://news.naver.com/main/read.nhn?mode=LSD&mid=shm&sid1=101&oid=366&aid=0000353783,조선비즈,"시장질서확립 TF(태스크포스)가 ‘반기문 테마주’로 분류되는큐로홀딩스(051780)를 첫 이상 급등 종목으로 지정했다. 큐로홀딩스는 계열사지엔코(065060)의 대표이사가 반 총장의 인척이라는 이유로 온라인 주식 커뮤니티 등에서 반기문 테마주로 불린다.23일 한국거래소에 따르면 거래소 시장감시본부는 큐로홀딩스에 대한 이상 매매 주문 행태를 보이는 계좌 소유주에 수탁거부 예고 조치를 내렸다. 거래소 관계자는 ""이상 급등주에 대한 집중 관리 시스템을 가동한 이후 이상 급등 종목으로 지정된 첫 사례""라고 말했다.일반적으로 이상 매매 주문 계좌에는 ‘유선경고 → 서면경고 → 수탁거부예고 → 수탁거부’의 4단계 조치를 거치지만, 이상 급등 종목의 경우 앞의 두 단계는 생략하고 바로 ‘수탁거부예고 → 수탁거부’ 조치가 진행된다. 수탁거부란 허수성 호가와 통정·가장성 매매 등 불건전 주문을 한 위탁자에게 취하는 조치로 수탁을 거부당하면 해당 계좌에서 주식 매매가 불가능하다.거래소는 큐로홀딩스에 대해 시장에서 나도는 루머 등에 대한 사실 여부를 공표하도록 하는 ‘사이버 경보(Alert)’ 조치도 취했다. 큐로홀딩스는 지난 21일 장 마감 이후 투자경고종목으로 지정된 바 있다.금융위원회 자본시장조사단과 금융감독원, 서울남부지검, 한국거래소 등 관계 당국은 이달 20일부터 이상 급등 종목에 공동 대응하기 위한 '시장질서확립TF'를 구성해 무기한으로 운영하고 있다.[이승주 기자sj@chosunbiz.com]chosunbiz.com"
125,2016-12-23,'반기문 테마주' 이상급등株 첫 지정…이상주문 거부,https://news.naver.com/main/read.nhn?mode=LSD&mid=shm&sid1=101&oid=008&aid=0003794986,머니투데이,"[머니투데이 김남이 기자] [큐로홀딩스, 이달 들어 66% 급등… '사이버 경보'도 발동 ]‘반기문 테마주’로 분류되는 큐로홀딩스가 첫 이상급등 종목으로 지정됐다. 금융당국은 불건전 주문을 내는 투자자를 대상으로 시장질서 교란행위 적용도 검토 중이다.23일 한국거래소에 따르면 거래소 시장감시본부는 큐로홀딩스를 이상급등 종목으로 지정하고 이상매매 주문을 내는 계좌 소유주에게 수탁거부예고 조치를 내렸다.금융당국이 이달 테마주를 중심으로 주가 급등 종목에 대한 집중관리체계를 구축한 후 첫 이상급등 종목 지정이다. 일반적으로 이상매매 주문계좌에는 '유선경고-서면경고-수탁거부예고-수탁거부' 순으로 조치가 내려지지만 이상급등 종목 지정 계좌에는 유선경고와 서면경고가 생략된다.큐로홀딩스는 계열사 지엔코의 대표이사가 반기문 유엔 사무총장의 인척이라는 이유로 반기문 관련주로 불린다. 지난 16일 상한가를 기록하는 등 이달 들어서만 66% 상승하는 등 이상급등 현상을 보였다.거래소 관계자는 ""정량적·정성적 평가 기준에서 큐로홀딩스가 이상급등 양상을 보여 첫 사례로 지정했다""며 ""이상 거래가 계속될 경우 수탁(매매)거부 조치가 내려질 것""이라고 설명했다.이와 함께 시장질서 교란행위도 적극 적용할 계획이다. 이상 매수 호가를 내거나 상한가 매수 주문을 과다하게 내는 등 시세를 조종하려는 움직임이 나타날 경우 시장질서 교란행위를 적용, 과징금 등의 행정제재를 내릴 예정이다.또 거래소는 큐로홀딩스에 ‘사이버 경보(Alert)'를 발동했다. 사이버 경보는 루머(테마)와 결부돼 주가와 거래량이 이상 급등하는 종목이 사실 여부를 자율적으로 해명하도록 유도하는 조치다.금융당국 관계자는 ""시장질서 교란행위로 지목될 경우 금융위원회에서 바로 감독에 나선다""며 ""금융위는 교란행위 가담 여부를 신속히 판단해 위반자에게 과징금을 부과할 예정""이라고 말했다.[이코노미스트들의 깊이있는 투자정보 'TOM칼럼'][부자들에게 배우는 성공 노하우 '줄리아 투자노트'  ][내 삶을 바꾸는 정치뉴스 'the 300']김남이 기자 kimnami@mt.co.kr<저작권자 ⓒ '돈이 보이는 리얼타임 뉴스' 머니투데이, 무단전재 및 재배포 금지>"
126,2016-12-23,"與 비박계 '개혁보수신당', 정통보수 '안보'-개혁성향 '민생'..",https://news.naver.com/main/read.nhn?mode=LSD&mid=shm&sid1=100&oid=014&aid=0003752583,파이낸셜뉴스,"탈당을 선언한 새누리당 비박계 의원들이 가칭 '개혁보수신당'을 내걸고 창당준비를 본격화하고 있다.안보는 정통보수를, 민생 관련 경제정책은 개혁을 내건 정책 추진을 내세우며 차별화 전략까지 구체화하는 모양새다. 김무성 전 새누리당 대표가 인재영입을 주도하고 유승민 의원이 정책을 이끌며 내실화다지기 작업도 속도를 내고 있다.개혁보수신당은 내년 설 연휴 전까지 모든 창당 작업을 마무리한다는 계획 아래 오는 27일 집단 탈당 직후 원내교섭단체로 등록할 예정이다.기존 탈당파와의 회동을 통해 세를 불리는데 이어 오는 28일에는 정강정책 초안을 마련해 국민 여론 수렴을 위한 토론회를 개최하는 콘텐츠 강화도 진행된다.황영철 새누리당 의원은 23일 오전 국회에서 열린 신당창당준비위원회 결과 브리핑에서 ""신당 가칭은 당분간 개혁보수신당으로 하기로 했다""며 ""신당 추진위원회는 전략기획팀 등 7개 팀을 구성해 운영하겠다""고 말했다.보수신당 창당추진위원장을 맡은 정병국 의원은 ""우리가 지향하는 새로운 정당 개념은 기존 정당정치의 틀을 완전히 바꾸는 것으로, 조직 중심의 패권주의를 지향하는 정당을 탈피할 것""이라며 ""어떤 의사결정 과정도 한 두사람의 의사에 의해 밀실에서 결정되는게 아니라 공개 토론을 통해 결정하기로 했다""고 설명했다.이같이 창당을 위한 준비 작업이 진행되는 가운데 정강정책 등 당의 내실화를 다지는 작업도 시작됐다.김무성 전 대표가 인재영입으로 외연 확대에 나서고 유승민 의원과 김세연, 오신환, 김영우 의원 등이 정강정책 마련에 주력할 계획이다.유승민 의원은 위원회 회의 직후 기자들과 만나 ""대북정책은 정통보수 그대로 간다. 안보는 정통보수를 견지할 것""이라며 ""민생과 관련해 경제, 교육, 복지, 노동 등은 새누리당 보다 훨씬 개혁적인 방향으로 가고싶다""고 말했다.유 의원은 ""개혁적인 것이 경제민주화에만 국한된게 아니다. 교육과 복지, 노동 분야까지 생각해 경제민주화 보다 세게 가고 싶다""며 ""새누리당의 정강정책은 사실 개혁보수지만 현재 새누리당의 모습은 이와 많이 동떨어져있다""고 지적했다.hjkim01@fnnews.com 김학재 기자▶ 세상의 모든 골 때리는 이야기 'fn파스'▶ 속보이는 연예뉴스 fn스타※ 저작권자 ⓒ파이낸셜뉴스. 무단 전재-재배포 금지"
127,2016-12-23,"경찰 ""청와대 인근 촛불집회 일몰까지 보장""",https://news.naver.com/main/read.nhn?mode=LSD&mid=shm&sid1=100&oid=421&aid=0002469346,뉴스1,"24일 9차 주말 촛불집회의 집회·행진 요도(서울지방경찰청 제공) © News1보수단체와 출동우려, 일부 행진구간은 금지통보(서울=뉴스1) 박동해  기자 = 경찰이 24일 열리는 9차 주말 촛불집회에서 청와대 100m 인근에 신고된 집회를 시간제한(오후 5시30분까지)을 두고 보장한다고 밝혔다.서울지방경찰청은 ""그간 법원의 가처분 결정 내용을 감안하고 국민의 집회·시위의 자유를 보장한다는 취지""에서 이같이 조치한다고 23일 밝혔다. 또 경찰은 집시법상 집회 금지장소인 헌법재판소 100m 이내 구간의 행진에 대해서도 보수단체의 집회·행진과 중첩되지 않는 선에서 보장할 방침이다.다만 경찰은 사직로와 율곡로 북쪽으로의 행진에 대해서는 '병목현상으로 인한 안전사고 위험' 등을 이유로 조건통보를 내려 집회 참가자들이 내자·적선·동십자로터리까지만 행진할 수 있도록 했다.앞서 촛불집회를 주최해온 '박근혜정권퇴진 비상국민행동'(퇴진행동)은 이날 청와대·삼청동 총리공관·헌법재판소 100m 인근까지 33건의 집회(20건)와 행진(13건)을 신고한 바 있다.경찰은 ""이날 집회에도 많은 시민의 참가가 예상되고 퇴진행동·보수단체 집회가 동시에 개최된다""며 ""질서 있고 성숙한 시민의식을 보여줄 것을 당부한다""고 밝혔다.potgus@▶ 놓치면 후회! 최신 만화 보기 / 2017년 나의 운세 보기[© 뉴스1코리아(news1.kr), 무단 전재 및 재배포 금지]"
128,2016-12-23,"""밝히겠다""는 靑…'세월호 7시간' 헌재서 규명될까?",https://news.naver.com/main/read.nhn?mode=LSD&mid=shm&sid1=100&oid=277&aid=0003898701,아시아경제,"[아시아경제 김효진 기자] 당사자가 직접, 구체적으로 해명하라는 헌법재판소의 요구에 따라 '세월호 7시간' 의혹의 입증 책임은 일단 박근혜 대통령에게 넘어간 모양새다.청와대는 헌재 요구대로 ""밝히겠다""는 입장이다. 청와대 관계자는 23일 ""감출 것도 없고, (자료를) 내면 될 일""이라면서 ""당당히 임하겠다""고 말했다. 이는 전날 박 대통령 대리인이 헌재의 탄핵심판 1차 준비기일 뒤에 밝힌 입장보다 무게감이 있다는 점에서 주목된다.대리인인 이중환 변호사는 전날 헌재의 첫 준비기일 직후 브리핑에서 ""대통령을 직접 만나 물어 확인하고, 뒷받침할 수 있는 자료를 대통령비서실ㆍ청와대 (국가)안보실에 부탁해 제출하겠다""고 말했다. '제출하겠다'와 달리 '내면 될 일'이라는 표현을 사용한 것은 청와대의 입장이 미묘하게 달라졌음을 시사한다. 보다 적극적인 의사 표현으로 해석되기 때문이다.'세월호 참사 당일 박 대통령이 무엇을 했는지는 당사자인 박 대통령이 가장 잘 알지 않겠느냐'는 게 헌재의 논리다. 탄핵심판 준비절차 수명재판관 중 한 명인 이진성 재판관은 준비기일에서 박 대통령 대리인단에 규명 요구를 하며 ""그 날(세월호 참사 당일)은 워낙 특별한 날이었다""고 강조했다.특별한 날이었던 만큼 대부분의 국민은 당시 자기가 무얼 했는지 떠올리면 기억해낼 수 있을 것이고, 박 대통령도 비슷할 것이라고 판단한 것이다. 이 재판관은 이를 전제로 ""문제의 7시간 동안 피청구인(박 대통령)이 청와대 어느 곳에 위치했었는지, 구체적으로 어떤 업무를 봤는지, 업무중에는 공적인 업무가 있고 사적인 업무가 있을텐데 그걸 시각별로 밝혀달라""고 주문했다.이 재판관은 또 ""(언론) 기사나 청문회에 의하면 (박 대통령이) 여러 보고를 받았다고 하는데, 어떤 보고를 받았으며 수령한 시각은 몇 시인지, 대응지시가 어떤 것들이 있었는지, 이런 데 대해서 본인이 가장 잘 알 것""이라고 지적했다.헌재의 이 같은 요구는 언론의 추적보도나 국회의 '최순실 청문회'만으로는 박 대통령의 당시 행적을 정확하게 파악하는 데 한계가 있다고 결론 냈기 때문으로 보인다. 특별검사의 수사를 기다리고 있을 수도 없다.이런 가운데 행적 논란과 맞물린 각종 의료시술 의혹과 관련해 전날 청문회에 불려나간 청와대 간호장교 출신 조여옥 대위까지 '모른다'는 답으로 일관하면서 관련자들 중 누구도 이렇다 할 해명이나 설명을 내놓지 못 한 상황이 됐다.한편 헌재는 준비기일에서 신속하게 탄핵심판을 진행한다는 원칙 아래 국회가 소추의결서에 적시한 박 대통령의 헌법 및 법률 위반사항 총 13개를 5가지 유형으로 분류해 정리했다. ▲ 최순실 등 비선조직에 의한 국정농단에 따른 국민주권주의와 법치주의 위반 ▲ 대통령의 권한 남용 ▲ 언론의 자유 침해 ▲ 생명권 보호의무 위반 ▲ 뇌물수수 등 형사법 위반 등이다.헌재는 또한 최순실씨와 안종범 전 청와대 정책조정수석, 정호성 전 청와대 부속비서관 등 국회와 박 대통령 양 측이 공통으로 신청한 증인을 채택했다. 헌재는 오는 27일 오후 2시에 2차 준비기일을 진행하기로 했다.김효진 기자 hjn2529@asiae.co.kr▶ 최강의 재미 [아시아경제 카드뉴스]▶ 맛있는 레시피▶ 양낙규의 [군사이야기]<ⓒ세계를 보는 창 경제를 보는 눈, 아시아경제 무단전재 배포금지>"
129,2016-12-23,"전국 곳곳 눈, 성탄주말 찬바람 불며 추워",https://news.naver.com/main/read.nhn?mode=LSD&mid=shm&sid1=103&oid=056&aid=0010399342,KBS,"오늘도 찬바람이  강하게 불고 있습니다.현재 서해안과  남해안에는  강풍 주의보가  계속 발효중인데요,내일 새벽까지는  이렇게 바람이  다소 강하겠습니다.눈발은 많이  약해지긴 했지만  아직까지 내륙 곳곳에는  대설 주의보가  남겨져 있습니다.오늘까지 예상적설량은 전북 내륙지방에는  3에서 8cm,  그밖에 지방에는  1에서 5cm정도의  눈이 내리겠습니다.눈은 오늘중에  대부분 그치겠지만  곳곳이 빙판길로  변할 것으로 예상돼 각별히 주의하셔야겠습니다.크리스마스 이브인 내일은 오늘보다  더욱 추워지겠습니다.서울의 아침기온 영하 5도까지 내려가겠는데요,이번 추위는 일요일이  되서야 조금씩  누그러지겠습니다.이번 주말동안에는  대체로 맑기 때문에  화이트크리스마스를  기대해 보기는  어렵겠습니다.오늘 한낮기온은  서울이 영하 1도 광주가 4도  대구가 5도 등으로  어제보다 낮겠습니다.바다의 물결은  모든 해상에 현재  풍랑 특보가 내려진 가운데  동해상에서  6m까지 매우 높게 일겠습니다. 조업하시는 분들은  각별히 주의하셔야겠습니다.지금까지 기상정보였습니다.KBS▶ [저작권자ⓒ KBS 무단복제-재배포 금지]"
130,2016-12-23,"밝히겠다""는 靑…'세월호 7시간' 헌재서 규명될까?",https://news.naver.com/main/read.nhn?mode=LSD&mid=shm&sid1=100&oid=277&aid=0003898701,아시아경제,"[아시아경제 김효진 기자] 당사자가 직접, 구체적으로 해명하라는 헌법재판소의 요구에 따라 '세월호 7시간' 의혹의 입증 책임은 일단 박근혜 대통령에게 넘어간 모양새다.청와대는 헌재 요구대로 ""밝히겠다""는 입장이다. 청와대 관계자는 23일 ""감출 것도 없고, (자료를) 내면 될 일""이라면서 ""당당히 임하겠다""고 말했다. 이는 전날 박 대통령 대리인이 헌재의 탄핵심판 1차 준비기일 뒤에 밝힌 입장보다 무게감이 있다는 점에서 주목된다.대리인인 이중환 변호사는 전날 헌재의 첫 준비기일 직후 브리핑에서 ""대통령을 직접 만나 물어 확인하고, 뒷받침할 수 있는 자료를 대통령비서실ㆍ청와대 (국가)안보실에 부탁해 제출하겠다""고 말했다. '제출하겠다'와 달리 '내면 될 일'이라는 표현을 사용한 것은 청와대의 입장이 미묘하게 달라졌음을 시사한다. 보다 적극적인 의사 표현으로 해석되기 때문이다.'세월호 참사 당일 박 대통령이 무엇을 했는지는 당사자인 박 대통령이 가장 잘 알지 않겠느냐'는 게 헌재의 논리다. 탄핵심판 준비절차 수명재판관 중 한 명인 이진성 재판관은 준비기일에서 박 대통령 대리인단에 규명 요구를 하며 ""그 날(세월호 참사 당일)은 워낙 특별한 날이었다""고 강조했다.특별한 날이었던 만큼 대부분의 국민은 당시 자기가 무얼 했는지 떠올리면 기억해낼 수 있을 것이고, 박 대통령도 비슷할 것이라고 판단한 것이다. 이 재판관은 이를 전제로 ""문제의 7시간 동안 피청구인(박 대통령)이 청와대 어느 곳에 위치했었는지, 구체적으로 어떤 업무를 봤는지, 업무중에는 공적인 업무가 있고 사적인 업무가 있을텐데 그걸 시각별로 밝혀달라""고 주문했다.이 재판관은 또 ""(언론) 기사나 청문회에 의하면 (박 대통령이) 여러 보고를 받았다고 하는데, 어떤 보고를 받았으며 수령한 시각은 몇 시인지, 대응지시가 어떤 것들이 있었는지, 이런 데 대해서 본인이 가장 잘 알 것""이라고 지적했다.헌재의 이 같은 요구는 언론의 추적보도나 국회의 '최순실 청문회'만으로는 박 대통령의 당시 행적을 정확하게 파악하는 데 한계가 있다고 결론 냈기 때문으로 보인다. 특별검사의 수사를 기다리고 있을 수도 없다.이런 가운데 행적 논란과 맞물린 각종 의료시술 의혹과 관련해 전날 청문회에 불려나간 청와대 간호장교 출신 조여옥 대위까지 '모른다'는 답으로 일관하면서 관련자들 중 누구도 이렇다 할 해명이나 설명을 내놓지 못 한 상황이 됐다.한편 헌재는 준비기일에서 신속하게 탄핵심판을 진행한다는 원칙 아래 국회가 소추의결서에 적시한 박 대통령의 헌법 및 법률 위반사항 총 13개를 5가지 유형으로 분류해 정리했다. ▲ 최순실 등 비선조직에 의한 국정농단에 따른 국민주권주의와 법치주의 위반 ▲ 대통령의 권한 남용 ▲ 언론의 자유 침해 ▲ 생명권 보호의무 위반 ▲ 뇌물수수 등 형사법 위반 등이다.헌재는 또한 최순실씨와 안종범 전 청와대 정책조정수석, 정호성 전 청와대 부속비서관 등 국회와 박 대통령 양 측이 공통으로 신청한 증인을 채택했다. 헌재는 오는 27일 오후 2시에 2차 준비기일을 진행하기로 했다.김효진 기자 hjn2529@asiae.co.kr▶ 최강의 재미 [아시아경제 카드뉴스]▶ 맛있는 레시피▶ 양낙규의 [군사이야기]<ⓒ세계를 보는 창 경제를 보는 눈, 아시아경제 무단전재 배포금지>"
131,2016-12-23,"특검, '뇌물죄' 속도…""이르면 오늘 공개소환""",https://news.naver.com/main/read.nhn?mode=LSD&mid=shm&sid1=100&oid=056&aid=0010399380,KBS,"<앵커 멘트>박영수 특별검사팀이 압수물 분석과 관계자 조사에 집중하면서 제3자 뇌물죄 입증에 속도를 내고 있습니다.특검 사무실에 나가있는 취재기자 연결합니다.장혁진 기자! 특검 수사가 본격 시작된 지 사흘 째를 맞았는데, 오늘 수사상황은 어떻습니다.<리포트>네, 특검팀은  국민연금공단과 보건복지부 압수수색에서 확보한 자료들을 분석하고 관계자 조사에도 주력하고 있는데요.기초 조사가 마무리되는 대로 중요 참고인이나 피의자를 이르면 오늘 공개소환할 것이란 전망도 나옵니다.특검팀이 삼성과 최 씨, 박근혜 대통령의 연결고리를 찾는데 수사력을 집중하는 만큼,  조만간 2차 압수수색에 나설 가능성도 제기되고 있습니다.특검팀은 지난해 7월 이재용 부회장이 박 대통령을 면담한 직후 이 부회장과 승마협회장인 박상진 사장, 장충기 미래전략실 사장 등이 긴급회의를 연 배경을 조사 중입니다.회의 준비 과정에서 이들이 주고받은 문자메시지나 당시 상황 등을 조사하면 최 씨 일가 지원의 대가성 여부를 밝힐 수 있다는 게 특검팀의 판단입니다.특검팀은 또, 정유라 씨가 스위스 망명이나 난민 신청을 타진하고 있다는 제보에 대한 진위 여부도 살펴보고 있습니다.일단 정 씨를 기소중지하고 지명수배하면서 여권 무효화 조치 등 강제 귀국 절차에 속도를 내고 있습니다.지금까지 서울 대치동 특검 사무실에서 KBS 뉴스 장혁진입니다.장혁진기자 (analogue@kbs.co.kr)▶ [저작권자ⓒ KBS 무단복제-재배포 금지]"
132,2016-12-23,초중고 독감확산 거세다… 1천명당 153명 '사상 최대',https://news.naver.com/main/read.nhn?mode=LSD&mid=shm&sid1=102&oid=001&aid=0008910288,연합뉴스,"체온측정을받고 있는 초등학생 [연합뉴스 자료사진]1주일새 42% 급증… 전체 인플루엔자 환자도 77%나 늘어예방백신 접종·손씻기·기침 예절 생활화 필요(서울=연합뉴스) 오수진 기자 = 계절 인플루엔자(독감)가 최근 초·중·고생들 사이에서 이례적으로 빠르게 확산하며 환자 발생이 사상 최대치에 달했다. 전체 인플루엔자 환자도 1주일새 77%나 급증한 것으로 나타났다.23일 질병관리본부의 표본감시 주간소식지에 따르면 제51주(12월 11일∼12월 17일) 기준 초·중·고교 학생연령인 7∼18세의 인플루엔자 의심환자는 외래환자 1천명당 무려 153명으로 전주보다 42% 급증했다.이는 질병관리본부가 20일 발표한 51주 잠정치(외래환자 1천명당 152.2명) 보다 높은 수치로, 1997년 인플루엔자 감시체계를 도입한 이래 최고치로 확정됐다. 기존 학생 인플루엔자 환자 숫자 최고치는 2013∼2014 절기 당시 1천명당 115명이다.전체 연령대 가운데 인플루엔자 환자 발생이 가장 적은 연령대는 65세 이상(외래환자 1천명당 9명)이었으며 50∼64세(외래환자 1천명당 22.2명)가 그다음으로 낮았다.0∼6세, 19∼49세는 각각 외래환자 1천명당 59.6명, 51.5명의 인플루엔자 환자가 발생했다.전체 인플루엔자 의심환자는 외래환자 1천명당 61.8명으로 확정됐다.이는 전주 외래환자 1천명당 34.8명과 비교하면 약 77% 늘어난 수치다.환자 발생 현황을 일별로 살펴보면 12월 12일에는 외래환자 1천명당 55.8명이지만 12월 15일에는 외래환자 1천명당 62.4명까지 증가했고 12월 17일에는 외래환자 1천명당 78.8명까지 뛰었다.인플루엔자를 예방하기 위해서는 지금이라도 백신을 맞는 것이 좋다.65세 이상 어르신(보건소)과 6∼12개월 미만 소아(민간의료기관)는 무료로 접종을 받을 수 있고, 생후 12∼59개월 소아와 만성질환자, 임신부 등은 민간의료기관에서 유료로 접종하면 된다.예방접종 외에도 손을 자주 씻고 기침 예절을 실천하는 것이 중요하다.손을 씻을 때는 비누를 이용해 30초 이상 씻어야 하고, 기침·재채기를 할 때는 손수건·휴지·옷깃 등으로 입을 가려야 한다.발열과 함께 기침 등 호흡기 증상이 나타나면 마스크를 착용하고, 사람들이 많이 모이는 장소는 피하는 것이 감염 예방에 좋다.<표> 연령별 인플루엔자 의심환자 분율독감 주의    (창원=연합뉴스) 김동민 기자 = 21일 오전 경남 창원시 마산합포구 한 초등학교 양호실에서 보건교사가 한 학생의 온도를 재고 있다. 보건당국에 따르면 지난 11일부터 17일까지 전국 초·중·고교 독감 의심환자가 1천명당 152.2명으로 역대 최고치를 기록한 것으로 잠정집계됐다. 2016.12.21     image@yna.co.kr마스크 착용은 필수    (서울=연합뉴스) 이상학 기자 = 초중고 인플루엔자 환자가 역대 최고 수준으로 증가하는 등 독감이 빠르게 확산하고 있다. 21일 서울 용산구 청파로 소화아동병원에서 독감 등으로 병원을 찾은 어린이와 보호자들이 진료 순서를 기다리고 있다. 한편 교육부는 독감 확산을 막는 데 필요할 경우 각 학교에 학사일정을 조정해 조기 방학을 검토하라고 안내했다. 2016.12.21    leesh@yna.co.krsujin5@yna.co.kr"
133,2016-12-23,"국민의당, 개헌 즉각 추진…""대선前 어렵다면 2018년 국민투표""",https://news.naver.com/main/read.nhn?mode=LSD&mid=shm&sid1=100&oid=001&aid=0008910938,연합뉴스,"대통령 결선투표제 도입도 추진키로…""선거법 개정으로도 가능""박지원 ""안철수도 즉각 개헌 추진에 동의""(서울=연합뉴스) 홍지인 박수윤 기자 = 국민의당은 23일 즉각적인 개헌 추진과 대통령 결선투표제 도입을 당론으로 채택했다.다만, 조기대선 일정상 대선 전 개헌이 어렵다면 2018년 지방선거에서 국민투표로 처리하는 방안을 추진하기로 했다.박지원 원내대표는 이날 오전 비상대책위-국회의원 연석회의 이후 열린 기자간담회에서 ""우리당에서는 개헌을 즉각 추진하기로 결정했다""고 밝혔다.박 원내대표는 ""만약 헌법재판소에서 박근혜 대통령의 탄핵 인용이 빨라졌을 때는 조기 대선으로 준비를 해야 되기 때문에 대선 전에 개헌이 통과되지 않으면 대선 후에라도 계속 추진할 것""이라고 밝혔다.국민의당 연석회의    (서울=연합뉴스) 이정훈 기자 = 국민의당 안철수 전 대표가 23일 오전 국회에서 열린 비상대책위원-국회의원 연석회의에서 발언하고 있다. 2016.12.23    uwg806@yna.co.kr그는 이어 ""어제 안철수 전 대표가 제안한 대로 반드시 대통령 후보들이 대선 공약을 하고 2018년 지방선거 국민투표의 로드맵대로 추진한다""며 ""즉, 개헌은 당장 추진하지만, 만약 대선 전에 불가하면 2018년 로드맵대로 우리는 강한 의지를 갖고 추진하겠다""고 강조했다.국민의당은 또 '국가대개혁위원회'를 구성하고 산하에 개헌분과와 조기탄핵·반패권·반수구 개혁정권 수립을 위한 위원회를 각각 두기로 했다.조만간 국회 차원에서 구성될 개헌특위에도 당내 개헌분과를 중심으로 적극적으로 활동할 방침이다.또 다당제를 위한 대통령 결선투표제 도입도 추진하기로 했다.박 원내대표는 대통령 결선투표제와 관련해 ""만약 합의만 된다면 헌법학자에 따라 지금 현재의 선거법으로도 가능하다는 설이 있기 때문에 당내에서 얼마든지 논의할 수 있다""먀 ""국가대개혁위에서 검토할 것""이라고 말했다.그는 개헌에 따른 권력구조 개편 방향에 대해선 ""상당수 의원이 분권형을 선호했다. 우리 국민들이 대통령 직선제를 원하고 내치를 총리가 하는 게 좋지 않느냐""라면서도 ""구체적 안에 대해서는 찬반이 첨예하게 대립하기 때문에 앞으로 국가 대개혁 위원회에서 토론해 그 방향을 잡을 것""이라고 말했다.발언하는 박지원    (서울=연합뉴스) 이정훈 기자 = 국민의당 박지원 원내대표가 23일 오전 국회에서 열린 비상대책위원-국회의원 연석회의에서 발언하고 있다. 2016.12.23    uwg806@yna.co.kr이날 약 2시간30여분 동안 진행된 연석회의에서는 먼저 주승용 의원이 개헌 당론에 대해 발제했고 의원 25명이 각자 의견을 개진했다.안철수 전 대표는 회의에서 '개헌 즉각 추진' 주장에 대해 ""손학규 전 민주당 대표나 김종인 민주당 전 비상대책위 대표도 헌재 결정이 언제 날지 몰라 대선 전 개헌은 불가능하다고 했다""면서 ""현실적으로 대선 후로 못 박자""고 발언한 것으로 전해졌다. 그는 전날 한 토론회에서도 대선 전 개헌에 반대한 바 있다.그러나 박 원내대표는 기자간담회에서 ""안 전 대표도 끝까지 듣고는 개헌 즉각 추진 당론에 동의했다. 당론에 충실하게 노력할 것""이라며 ""대선 전에 안 된다고 확실히 못 박은 것은 아닌 것으로 안다""고 설명했다.또 유성엽·권은희·손금주 의원 등은 지역 민심이 개헌에 동의할지에 대해 의문을 표하면서 이해를 구하는 일이 선행돼야 한다고 주장했다고 한다.오세정 의원은 ""개헌에 '올인'은 안 된다. 모든 이슈가 빨려 들어간다""고 발언했지만, 김광수 의원은 ""개헌을 말하면 나쁜 사람을 만드는 것은 '문재인 논리'""라며 이에 반박했다고 한다.김동철 비상대책위원장은 ""민주당에 분열 조짐이 보인다""고 말했고, 이동섭 의원은 ""민주당에 많은 비문(비문재인) 세력을 끌어들이자""고 말한 것으로 전해졌다.ljungberg@yna.co.kr"
134,2016-12-23,수출금액지수 23개월만 상승…반도체·화장품 호조,https://news.naver.com/main/read.nhn?mode=LSD&mid=shm&sid1=101&oid=008&aid=0003794941,머니투데이,"[머니투데이 유엄식 기자] [자동차 수출물량 14개월만 플러스 전환, 갤노트7 단종 여파로 휴대폰 수출 부진 지속]경기 평택항에서 화물차들이 컨테이너를 실어 나르는 모습. /사진제공=뉴스1수출금액지수가 23개월만에 반등했다. 갤럭시노트7 단종 여파로 휴대폰 수출은 여전히 부진했으나 반도체, 화장품 수출이 호조를 보인 데다 국제유가도 상승한 영향으로 풀이된다.23일 한국은행이 발표한 ‘11월 무역지수 및 교역조건’을 보면 11월 수출금액지수는 119.11(2010년 100기준)로 전년동월대비 8.4% 상승했다.수출금액지수가 전년동월대비 상승한 것은 지난 2014년 12월(3.9%) 이후 23개월 만이다. 변동률은 2013년 1월(14.2%) 이후 3년 10개월만에 가장 컸다.품목별로 화학제품(18.0%), 제1차금속제품(12.4%), 일반기계(19.7%) 등의 수출금액지수가 상승했다. 최근 하락세였던 전기 및 전자기기(3.2%), 수송장비(2.0%) 등의 수출금액지수도 소폭 반등했다.한은 관계자는 “화장품 및 기초화학 중간재 수출이 호조세를 이어갔고 EU, 중남미 지역에 기계류 수출도 개선된 것으로 보인다”며 “휴대폰 수출은 아직 회복되지 못했지만 반도체 수출이 증가하면서 전기 및 전자기기 금액지수도 상승했다”고 설명했다.수출물량지수는 142.56으로 전년동월대비 6.0% 상승했다. 지난 9~10월 두 달 연속 하락세였다가 3개월 만에 반등했다.화학제품(16.6%), 일반기계(20.7%), 제1차금속제품(8.1%) 등의 수출물량지수가 비교적 큰 폭 상승했다. 수송장비(2.0%)의 경우 지난해 10월 이후 14개월만에 수출물량지수가 상승했다.전기 및 전자기기 수출물량지수은 전년동월대비 1.2% 감소했으나 9월(-4.3%), 10월(-7.4%)과 비교해 하락 폭이 축소됐다.수입물량지수는 127.39로 전년동월대비 7.5% 상승했다. 석탄 및 석유제품(-5.3%)가 감소했지만 광산품(12.4%), 제1차금속제품(21.0%) 등이 증가했다.수입금액지수는 104.75로 전년동월대비 9.1% 상승했다. 석탄 및 석유제품(-3.7%), 전기 및 전자기기(-0.1%) 등은 감소했으나 화학제품(8.7%), 제1차금속제품(20.4%), 일반기계(11.2%), 수송장비(10.0%) 등은 상승했다.수입금액지수 변동률은 2012년 2월(22.6%) 이후 4년 9개월만에 최고 수준을 기록했다.11월 수출가격은 2.2%, 수입가격은 1.4% 각각 상승했다. 이에 따라 수출상품 한 단위로 수입할 수 있는 양을 의미하는 순상품교역지수(101.61)는 전년동월대비 0.8% 상승했다.순상품교역지수에 수출물량지수를 반영한 소득교역조건지수는 144.86로 전년동월보다 6.9% 상승했다.2014년말 이후 지속됐던 저유가 현상이 점차 해소되면서 향후 무역지수 및 교역조건 지수에도 변화가 예상된다.한은 관계자는 “그동안 저유가 영향으로 수출입 물량지수가 상승했음에도 금액지수는 감소하는 경향이 있었는데 점차 이런 현상이 해소될 것”이라며 “교역조건지수는 점차 상승 폭이 축소될 가능성이 높다”고 설명했다.[이코노미스트들의 깊이있는 투자정보 'TOM칼럼'][부자들에게 배우는 성공 노하우 '줄리아 투자노트'  ][내 삶을 바꾸는 정치뉴스 'the 300']유엄식 기자 usyoo@<저작권자 ⓒ '돈이 보이는 리얼타임 뉴스' 머니투데이, 무단전재 및 재배포 금지>"
135,2016-12-23,기업 10곳중 7곳 이상 창업 5년내 문 닫아…베이비부머 사장..,https://news.naver.com/main/read.nhn?mode=LSD&mid=shm&sid1=101&oid=018&aid=0003709460,이데일리,"- 숙박음식점엄 5년 생존률 17.3%- 50~60대 사장님 폐업률 높아[세종=이데일리 김상윤 기자] 경제 환경이 어려워지면서 창업 기업은 줄고, 폐업 기업은 이보다 4배가량 더 많이 늘어난 것으로 나타났다. 10곳 중 7곳은 창업 후 5년을 버티지 못하고 문을 닫는 것으로 조사됐다. 50~60대 베이비부머들이 쉽게 뛰어들고 있는 숙박·음식점업의 경우 5년간 사업을 계속하는 업체는 10곳 중 2곳에도 못 미쳤다.뚜렷한 비전과 수익모델을 갖고 자영업에 뛰어드는 게 아니라 노동시장에서 밀려나 울며 겨자먹기 식으로 일을 시작하다보니 베이비부머 사장님들의 사업 성공 확률이 ‘젊은 사장님’보다 크게 떨어질 수밖에 없었다.23일 통계청이 발표한 ‘기업생멸(生滅) 행정통계’를 보면, 지난해 신생기업수는 81만3000개로 전년보다 3.6%(3만개) 줄어들었다. 신생기업 종사자수도 전년보다 7.6%(10만2000명) 감소한 124만4000명으로 조사됐다. 한 나라의 창업 활력을 보여주는 기업 신생률(신생기업/활동기업)은 지난해 14.6%를 기록하며 전년보다 0.6%포인트 하락했다. 기업신생률은 2012~2013년 내리막을 걷다 지난 2014년 반짝 올랐지만, 다시 감소세로 돌아섰다.창업은 적은데 망하는 곳은 더 많았다. 2014년 기준 소멸기업수는 77만7000개였다. 이는 전년보다 16.9%(11만2000개)나 늘어난 것이다. 소멸기업 종사자수도 100만9000명으로 전년보다 4.0%(3만9000명) 증가했다. 기업 소멸률(소멸기업/활동기업)도 전년보다 1.6%포인트 증가한 14.0%로 조사됐다. 이는 글로벌 금융위기 이후 역대 최고치다.기업 생존율도 우울한 성적표를 보이고 있다. 창업 1~3년 생존율은 전년보다 소폭 오르긴 했지만, 4년 이상부터는 내리막을 걷고 있다. 2014년 기준 기업의 1존 생존율은 62.4%로 전년보다 2.3%포인트 상승하긴 했지만, 5년 생존율은 27.3%로 전년보다 1.7%포인트 하락했다. 창업을 한 후 5년을 버티지 못한 기업이 10곳 중 7곳이 넘는다는 얘기다.전기가스수도업(74.1%), 운수업(40.3%), 부동산임대업(39.6%)은 5년 생존율이 높은 편이었지만, 금융보험업(13.4%), 예술스포츠여가(14.7%), 숙박·음식점업(17.3%) 업종은 낮은 편에 속했다.숙박·음식점업은 은퇴를 한 50~60대가 쉽게 뛰어들지만 경쟁이 치열하다보니 성공하기가 만만치 않은 분야다. 실제 2014년에 소멸한 기업을 연령별로 보면 40대 이상 사장님이 운영하는 기업이 전체의 80.3%를 차지한다. 특히나 대표자가 50대 이상인 기업에서 소멸한 기업은 전년보다 큰폭으로 늘었다. 50대 사장 업체 중 문을 닫은 곳은 21만7000개로 전년보다 3만개가 늘었고, 60대 이상은 무려 8만1000개나 늘어난 20만2000개였다. 반면 30대 기업에서의 소멸은 오히려 3000개가 감소했다.기업의 성장세도 주춤했다. 상용근로자가 10명 이상 있는 기업중 최근 3년간 매출액과 종사자의 연평균 증가율이 20%이상 기업인 ‘고성장기업’수도 4077개로 전년보다 186개(4.4%)감소했다. 고성장 기업 중 신생한지 5년 이하인 ‘가젤기업’도 1024개로 36개(3.4%) 감소했다.김상윤 (yoon@edaily.co.kr)＜ⓒ종합 경제정보 미디어 이데일리 - 무단전재 & 재배포 금지＞"
136,2016-12-23,"국방부 ""이 대위, 조 대위 요청으로 동행""…감시의혹 부인",https://news.naver.com/main/read.nhn?mode=LSD&mid=shm&sid1=100&oid=001&aid=0008910835,연합뉴스,"동료 간호장교 동행 이유 설명하는 조여옥 대위동료 간호장교 동행 이유 설명하는 조여옥 대위(서울=연합뉴스) 황광모 기자 = 세월호 참사 당시 청와대 간호장교로 근무했던 조여옥 대위가 22일 오후 국회에서 열린 박근혜 정부의 최순실 등 민간인에 의한 국정농단 의혹사건 진상규명을 위한 국정조사 5차 청문회에 간호사관학교 동기인 이슬비 대위 동행에 대한 이유를 설명하고 있다.hkmpooh@yna.co.kr""간호사관학교 동기생으로 친해…공가 아닌 휴가로 처리""(서울=연합뉴스) 이정진 기자 = 국방부는 23일 전날 청문회에 증인으로 출석한 간호장교 조여옥 대위와 동행해 감시 논란을 낳은 이슬비 대위에 대해 ""이 대위가 휴가 중 조 대위의 요청으로 청문회에 참석했다""면서 감시 의혹을 부인했다.국방부 당국자는 ""이슬비 대위가 개인용무로 21∼28일 휴가를 내놓았는데 조 대위가 청문회에 같이 가자고 하니 동행한 것""이라며 ""둘은 간호사관학교 동기생으로 친한 사이로 알고 있다""고 말했다.이 당국자는 이 대위가 청문회에서 휴가가 아닌 공가로 처리될 가능성을 언급한 데 대해선 ""이 대위가 육군 인사사령부에 동행해도 되느냐고 문의하자 실무자가 '공가로 처리할 수 있는지 알아보겠다'고 답했는데, 이 대위가 이후 상황을 모르고 발언한 것 같다""면서 ""이미 공가가 아닌 휴가로 처리됐다""고 말했다.이 대위는 전날 청문회에서 ""원래 휴가였는데 공교롭게 청문회가 열린다고 해서 함께 왔다""면서 ""국방부가 공가 처리로 바꿔준다고 들었다""고 말해 이 대위의 동행이 사적인 차원인지, 공식 임무인지를 놓고 논란이 일었다.국방부는 미국에서 연수 중인 조 대위가 이미 국군수도병원 중환자실로 발령이 났다는 주장에 대해서도 사실과 다르다고 반박했다.국방부 당국자는 ""부대분류 결과가 지난 19일에 군 인트라넷에 공개된 것을 인사발령으로 오인한 것으로 아직 인사발령이 나진 않았다""며 ""조 대위가 중환자 특기이니 보직이 그렇게 주어진 것""이라고 해명했다.이 당국자는 국회 국정조사 특별위원회가 조 대위의 출국 금지를 검토하고 있는 것과 관련, ""결정이 나면 실무적인 조치를 취하겠다""고 말했다.조 대위는 30일 미국으로 돌아가 교육을 받고 내년 1월에 귀국할 예정이다.조 대위는 세월호 참사 당일 청와대에서 간호장교로 파견 근무를 해 일각에서 제기된 박근혜 대통령의 시술 의혹을 풀 수 있는 인물로 여겨져 청문회 증인으로 채택됐다.transil@yna.co.kr"
137,2016-12-23,"벼랑끝 민생경제 온기 살려라…""내년초 추경 편성 검토""",https://news.naver.com/main/read.nhn?mode=LSD&mid=shm&sid1=101&oid=016&aid=0001173701,헤럴드경제,"정부 경제현안 점검 대응책논의국정공백·내수침체·AI공습美 금리인상 대외여건 악화계란수입 운송비 50% 지원전자상거래 참여자 세액공제가스요금 인상 최대한 자제연말 싸늘한 한냉기류가 한반도를 감싸고 있는 가운데 서민경제는 사상 최악의 한파에 휩싸이고 있다. 경기침체 장기화로 소득이 줄고 취업난이 심화하는 가운데 고병원성 조류인플루엔자(AI)로 계란값이 폭등하고 여타 생필품 가격도 들먹이고 있다. 여기에다 미국의 금리인상 후폭풍으로 국내 대출금리가 오르면서 채무자들의 금리부담이 커지고 있다.이에 정부는 23일 긴급 민생경제현안 종합점검 당정회의와 범정부 비상경제대응 TF회의를 잇따라 갖고 대응책을 논의했다. 이 자리에서 당정은 추가경정예산(추경)을 적극 검토하고, 내년 예산의 30%를 1분기에 집중적으로 투입해 경제에 활력을 불어넣기로 했다. 또 치솟는 계란값을 안정시키기 위해 수입 운송비의 50%를 지원하고, 산지의 계란 반출도 제한적으로 허용키로 했다.AI 확산에 따라 계란값이 껑충 뛰고, 급기야 계란 판매 수량 제한 조치가 이뤄지면서 ‘금(金)란’ 파장은 갈수록 커지고 있다. 서울시내 한 대형마트에서 소비자가 계란을 살펴보고 있다. 이상섭 기자/babtong@heraldcorp.com하지만 이런 대책으로 벼랑에 처한 민생을 안정시키기엔 상당히 어려울 것으로 보인다. AI 확산의 파장과 대외불안의 여파가 당분간 지속될 수밖에 없고, 최순실 게이트 이후 경제정책의 리더십이 약화된 상태여서 추진력에 대한 의문도 가시지 않고 있다.유일호 부총리 겸 기획재정부 장관은 이날 국회에서 새누리당 원내지도부와 가진 민생현안 점검회의에서 대내외 경제상황의 엄중함을 호소했다. 그는 “가뜩이나 내수가 좋지 않은데 AI까지 오고, 미국 금리인상에 따른 대외 여건도 만만치 않다”며 “대내외 경제상황이 엄중하고 녹록지 않다”고 말했다. 그러면서 “대내외 리스크 관리와 함께 민생안정에 신중을 기하고 있다”고 말했다.이 자리에서 당정은 침체된 경제에 활력을 불어넣기 위해 추경 편성을 적극 검토키로 했다. 이현재 새누리당 정책위의장은 당정회의 직후 브리핑을 통해 “내년 2월까지 추경을 편성해줄 것을 강력히 요청했다”며 “정부에서도 적극 검토하기로 했다”고 말했다. 이와 관련해 기재부는 당의 요청과 대내외 경제상황 등을 다각적으로 검토해 추경 필요성 여부를 판단할 방침이라고 설명했다.당정은 또 내년도 예산 집행과 관련해 1분기에 전체 예산의 30%를, 상반기에 60% 이상을 조기집행 하기로 했다. 계란값 안정을 위해선 수입 운송비의 50%를 지원하고, 신선란 등 일부 계란에 대해서는 할당관세를 적용해 공급확대를 지원키로 했다.이와 별도로 최상목 기재부 차관 주재로 열린 범정부 비상경제대응 TF회의에서도 계란값 등 물가안정 대책을 논의했다.정부는 철저한 방역 원칙 하에 계란반출을 제한적으로 완화키로 했다. 이에 따라 전용차량이 있는 농가는 차량소독 후 환적장을 통해 반출할 수 있게 된다. 민생물가 안정과 소상공인 등 피해업체 지원을 위한 관계기관 합동TF를 구성해 대응키로 했다.가공식품과 석유류 가격 안정을 위해선 소비자단체의 감시활동을 지원하는 한편 석유류의 경우 알뜰주유소 공동 구매물량을 확대하고, 내년 1월부터 전자상거래 참여자에 대한 세액공제 신설 등으로 소비자 판매가격 인하를 유도할 방침이다. 공공요금 안정을 위해선 공공기관ㆍ지자체와의 협조 아래 동절기 도시가스요금과 기타 공공요금 인상을 최대한 자제토록 유도키로 했다.서민 주거비 부담을 덜어주기 위해 디딤돌 대출 등 정책금융 지원규모를 올해 41조원에서 내년엔 44조원으로 확대하고, 공공임대주택을 역대 최대 규모로 공급하기로 했다. 통신ㆍ교육비 부담을 완화하기 위해 어르신ㆍ장애인ㆍ구직자 등 취약계층을 위한 맞춤형 요금제를 확대하고, 알뜰폰 사업자의 경쟁력을 강화함으로써 통신시장 경쟁을 촉진해 통신비 인하를 추진키로 했다.이해준 기자/hjlee@heraldcorp.com▶초등영어 대세, 헤럴드 큐빅(Qbig)▶오늘의 띠별 운세▶나만의 변호사 찾기- Copyrights ⓒ 헤럴드경제 & heraldbiz.com, 무단 전재 및 재배포 금지 -"
138,2016-12-23,"우병우, 세월호 수사팀과 통화 드러났지만…",https://news.naver.com/main/read.nhn?mode=LSD&mid=shm&sid1=100&oid=021&aid=0002299506,문화일보,"22일 오후 최순실 국정농단 진상규명을 위한 국정조사 5차 청문회 종료가 선포되자 우병우(왼쪽) 전 청와대 민정수석과 세월호 참사 당시 청와대 간호장교로 근무한 조여옥 대위가 회의장을 나설 준비를 하고 있다.  연합뉴스“상황만 파악… 다른조치 안해”수사 압력행사 의혹엔 선 그어軍 알자회 배후설도 전면부인22일 열린 국회 ‘최순실 국정농단 사건’ 진상규명을 위한 국정조사특별위원회의 5차 청문회는 핵심 증인인 우병우 전 청와대 민정수석이 시종일관 모르쇠로 일관하면서 ‘답답 청문회’ ‘맹탕 청문회’로 끝났다. 그나마 세월호 참사 당시 우 전 수석이 검찰과 전화통화를 한 사실로 드러난 것이 거의 유일한 성과로 꼽힌다. 우 전 수석이 군사조직 ‘알자회’의 진급을 청탁하고, 김기동 대검찰청 부패범죄특별수사단장을 차은택 전 문화창조융합본부장에게 소개했다는 의혹도 새롭게 제기됐지만, 증거가 뒷받침되지 않아 말 그대로 의혹에 그쳤다.우 전 수석이 이번 청문회에서 유일하게 인정한 것은 세월호 참사 당시 광주지검 수사팀 간부에 전화를 한 사실이었다. 그는 “정확히 누군지 몰라도 수사팀의 누군가와 통화한 사실이 있다”면서 “(상대는) 부장검사급이나 그 이상”이라고 말했다. 우 전 수석은 세월호 참사 당일 청와대와의 통화 내역이 담긴 해양경찰청 서버를 검찰에서 압수수색할 때 현장에 파견된 수사팀 간부에게 전화해 압력을 행사했다는 의혹을 받았다.그러나 그는 “검찰과 해경, 두 국가기관이 갈등 내지 대치하는 상황이었다”며 “상황만 파악해 봤다”고 의혹을 부인했다. 이어 “(해경 서버가)압수수색 대상에서 빠진 건 맞는 것 같고, (검찰은 해경에) 임의 제출하라는 상황이었다”며 “법률적으로 해결할 것이지, 청와대가 조정할 건 아니라고 생각해 다른 조치는 안 했다”고 덧붙였다.노승일 K스포츠재단 부장은 이날 “고영태 전 더블루K 이사로부터 차은택의 법적 조력자가 김기동 (단장)이라는 얘기를 들었고, 김기동을 누가 소개해줬느냐고 하니 ‘우병우가 소개해줬다’고 들었다”고 폭로했다. 그러나 우 전 수석은 노 전 부장의 주장에 대해 “말이 안 된다”며 전면 부인한 뒤 “차은택이든 김기동이든 불러서 확인하면 좋겠다”고 말하기도 했다.박범계 민주당 의원은 우 전 수석에게 “육군사관학교 출신의 ‘알자회’가 있고, 우 전 수석과 안봉근 전 청와대 비서관이 뒤를 봐줬다”면서 의혹을 제기했다. 우 전 수석이 알자회 존재 여부에 대해서는 “들어봤다”고 답했지만 승진 지시에 대해서는 “전혀 모르는 얘기”라고 완강히 부인했다.유민환 기자 yoogiza@munhwa.com[문화닷컴 바로가기|소설 서유기|모바일 웹][Copyrightⓒmunhwa.com '대한민국 오후를 여는 유일석간 문화일보' 무단 전재 및 재배포 금지(구독신청:02)3701-5555)]"
139,2016-12-23,미·러 핵강화 조짐…현재 핵탄두 미 7000개·러 7290개..,https://news.naver.com/main/read.nhn?mode=LSD&mid=shm&sid1=104&oid=001&aid=0008910555,연합뉴스,"세계 1만5천395개 중 미러가 93％ 차지…""보유국 핵억지력 유지 노력""(서울=연합뉴스) 장재은 기자 = 미국과 러시아가 22일(현지시간) 동시에 핵 전투력 강화 방침을 밝혀 보유 실태에도 관심이 쏠리고 있다.스웨덴 조사기관 스톡홀름국제평화연구소(SIPRI)가 올해 1월을 기준으로 추산한 2016년 핵무기 실태에 따르면 양국은 비슷한 규모의 핵탄두를 갖고 있다.전 세계의 핵탄두는 1만5천395개로 그 가운데 러시아가 7천290개로 가장 많고 미국이 7천개로 그 다음이다.양국의 핵탄두 수를 합하면 전체의 92.8％에 이른다.핵탄두를 보유한 국가는 미국, 러시아, 영국, 프랑스, 중국, 인도, 파키스탄, 이스라엘, 북한 등 9개국으로 SIPRI는 집계하고 있다.몬테네그로 거리에 트럼프(왼쪽)와 푸틴의 얼굴이 담긴 광고판이 걸려있는 모습.[EPA=연합뉴스 자료사진]중국은 260개, 인도는 100∼120개, 파키스탄은 110∼130개, 이스라엘은 80개, 북한은 10개를 가진 것으로 추정됐다.이들 9개국이 실제 가동할 수 있도록 미사일에 탑재하거나 기지에 배치한 핵탄두는 총 4천120개로 추산됐다.실전에 배치된 핵탄두로는  미국이 1천930개로 선두를 달렸고 러시아(1천790개), 프랑스(280개), 영국(120개)가 뒤를 따랐다.세계 각국은 자국 안보 유불리나 국제사회의 인식 때문에 핵무기와 관련한 구체적이고 정확한 정보를 내놓는 데 인색한 상황이다.SIPRI는 각국 정부, 국제원자력기구(IAEA)가 공개한 자료를 토대로 이 같은 추정치를 내놓았으나 근거가 확연하지 않은 부분도 일부 있다고 밝혔다.전 세계 핵탄두의 수는 2015년보다 455개 줄었다.이는 미국이 핵무기 재고를 감축하는 반면 중국, 인도, 파키스탄이 국방 현대화를 이룬다며 핵무기를 공격적으로 늘리는 과정에서 나타난 현상이다.SIPRI는 핵 보유국들이 관련 무기의 성능을 향상하는 데 주력하는 추세도 관측된다고 지적했다.한 예로 미국은 2015년부터 2024년까지 잠수함, 항공기, 미사일 등 전달체계를 포함한 핵무기를 개선하기 위해 3억4천800만 달러(약 4천200억원)를 쓰기로 했다.보고서를 작성한 한스 크리스텐센 SIPRI 연구원은 ""핵무기 수가 줄고 있지만 핵 비무장에 대한 전망은 어둡다""며 ""핵 보유국들이 핵 억지력을 국가안보 전략의 핵심으로 계속 유지하려고 한다""고 지적했다.jangje@yna.co.kr"
140,2016-12-23,정운호 돈 1천만원 받은 檢 수사관 1심 징역 1년6개월,https://news.naver.com/main/read.nhn?mode=LSD&mid=shm&sid1=102&oid=001&aid=0008910745,연합뉴스,"법원 ""지위 이용해 금품수수…검찰 명예 실추·수사 공정성 훼손""(서울=연합뉴스) 황재하 기자 = 사건 관련 청탁을 해준다는 명목으로 정운호 전 네이처리퍼블릭 대표로부터 금품을 받은 혐의로 기소된 전직 검찰 수사관이 1심에서 실형을 받았다.서울중앙지법 형사합의22부(김세윤 부장판사)는 23일 특정범죄가중처벌법상 알선수재, 뇌물수수 혐의로 구속기소 된 전직 검찰 6급 수사관 김모(50)씨에게 징역 1년6개월과 벌금 1천700만원, 추징금 2천650만원을 선고했다.재판부는 ""김씨는 검찰 수사관으로서 높은 수준의 청렴성과 도덕성이 요구되는 지위에 있었는데도 그 지위를 이용해 금품을 받았다""고 지적했다.이어 ""김씨의 행동으로 검찰의 명예가 실추됐고, 검찰이 수행하는 수사 업무의 공정성, 적정성을 향한 사회적인 신뢰가 크게 훼손됐다""며 ""죄책에 상응하는 엄중한 처벌이 불가피하다""고 양형 배경을 설명했다.다만 김씨가 자신이 수사를 담당한 사건의 피고소인으로부터 받은 뇌물 액수는 검찰이 기소한 총 2천150만원 중 1천150만원만 유죄로 인정됐다.재판부는 ""뇌물을 공여한 사람의 진술이 일관되지 않는 점 등에 비춰볼 때 전체 액수 중 1천만원을 수수한 혐의는 합리적 의심이 없을 만큼 충분히 인정됐다고 보기 어렵다""고 판단했다.김씨는 지난해 6월 해외 원정 상습도박 혐의로 수사를 받던 정씨로부터 '사건에 대해 다른 검찰 수사관에게 청탁·알선해주겠다'는 명목으로 1천만원을 받아 챙긴 혐의로 7월 기소됐다. 기소 당시 현직이던 김씨는 재판 중인 올해 10월 파면됐다.당시 정씨는 김씨가 근무했던 서울중앙지검에서 수사를 받고 있었다. 정씨는 이후 상습도박죄로 구속기소 돼 항소심에서 선고받은 징역 8개월이 확정돼 복역했다.이 밖에도 김씨는 2011년 11월부터 이듬해 3월까지 자신이 참여수사관으로 수사를 담당하던 사건의 피고소인 조모씨로부터 금품을 받고, 조씨를 소개해준 '법조 브로커' 이민희(구속기소)씨로부터 500만원을 수수한 혐의도 받았다.[연합뉴스TV 제공]jaeh@yna.co.kr"
141,2016-12-23,"이완영 ""최순실 변호사 3년전 향우회서 봤지만 최근엔 안만나""",https://news.naver.com/main/read.nhn?mode=LSD&mid=shm&sid1=100&oid=421&aid=0002469671,뉴스1,"박영선 더불어민주당 의원이 22일 국회에서 열린 최순실 국정조사 특위 청문회'에서 새누리당 이완영 의원(왼쪽 두번째)과 최순실씨 변호를 맡고 있는 이경재 변호사(왼쪽 세번째)가 함께 있는 시민 제보사진을 공개하고 있다. (박 의원실 제공) 2016.12.22/뉴스1 © News1 손형주 기자""이경재 변호사와 사적으로 만나 모의? 결코 없어""""박영선 의원 자극적인 깜짝쇼로 국조 스타되려""(서울=뉴스1) 곽선미 기자,김정률 기자 = 최순실 청문회에서 위증 공모 의혹을 받고 있는 이완영 새누리당 의원은 23일 박영선 더불어민주당 의원을 향해 ""저와 이경재 변호사의 커넥션을 국정조사에서 증명하고 그렇지 못할 경우 정계 은퇴를 공개적으로 선언하라""고 촉구했다.이 의원은 이날 오전 국회에서 기자회견을 갖고 ""이경재 변호사가 최순실 변호를 맡은 후 사적으로 만나 박영선 의원이 상상하는 모의를 한 적이 단 한번이라도 밝혀지면 저의 정치 생명을 걸겠다""며 이 같이 밝혔다.앞서 박 의원은 전날(22일) 국회에서 열린 최순실 게이트 국정조사 제5차 청문회에서 ""시민이 제보한 사진""이라며 이완영 의원과 최순실씨의 변호를 맡고 있는 이경재 변호사가 함께 식사 자리를 갖는 사진을 공개했다.이 의원은 ""저는 고령·성주·칠곡군 국회의원으로서 지역 향우회에 가서 출향인사를 만나는 것은 극히 자연스러운 정치 활동""이라며 ""지난 10월28일 최순실 변호사로 선임된 이경재 변호사는 제 지역구인 고령 출신 인사로 (2013년 6월) 향우회에서 만난 적은 있다. 그러나 사적으로 평소에 만나거나 최순실 변호사로 선임된 후에 만난 적은 결코 없다""고 주장했다.이어 ""박 의원은 자극적인 깜짝쇼로 어떻게든 저를 최순실과 연관지어 국정조사 스타가 되고 싶겠지만 도를 넘는 지나친 행태는 즉각 중단하길 바란다""며 ""최근 저에 대한 위증교사 의혹을 폭로했으나 이것이 불발로 끝나자 마음이 급한 나머지 본인만의 무지한 상상으로 부족한 부분을 억지로 끼워맞추려 하고 있다""고 비판했다.이 의원은 ""박영선 의원님, 차라리 고령군 출신 김병준 총리 내정자도 이완영의 입김으로 내정됐다고 주장하시죠""라고 목소리를 높이며 ""이경재 변호사는 정윤회(최순실씨 전 남편)씨의 변호사로도 활동했는데 저와 정윤회씨도 어떤 관계가 있어 선임된 것인가""라고 강하게 반발했다.gsm@▶ 놓치면 후회! 최신 만화 보기 / 2017년 나의 운세 보기[© 뉴스1코리아(news1.kr), 무단 전재 및 재배포 금지]"
142,2016-12-23,"국민의당,개헌 즉각 추진 ""대선前 어렵다면 2018년 국민투표""",https://news.naver.com/main/read.nhn?mode=LSD&mid=shm&sid1=100&oid=001&aid=0008910775,연합뉴스,"대통령 결선투표제 도입도 추진키로(서울=연합뉴스) 홍지인 박수윤 기자 = 국민의당은 23일 '개헌 즉각 추진'을 당론으로 채택했다.다만, 조기대선 일정상 대선 전 개헌이 어렵다면 2018년 지방선거에서 국민투표로 처리하는 방안을 추진하기로 했다.박지원 원내대표는 이날 오전 비상대책위-국회의원 연석회의 이후 열린 기자간담회에서 ""우리당에서는 개헌을 즉각 추진하기로 결정했다""고 밝혔다.박 원내대표는 ""만약 헌법재판소에서 박근혜 대통령의 탄핵 인용이 빨라졌을 때는 조기 대선으로 준비를 해야 되기 때문에 대선 전에 개헌이 통과되지 않으면 대선 후에라도 계속 추진할 것""이라고 밝혔다.그는 이어 ""어제 안철수 전 대표가 제안한 대로 반드시 대통령 후보들이 대선 공약을 하고 2018년 지방선거 국민투표의 로드맵대로 추진한다""며 ""즉, 개헌은 당장 추진하지만, 만약 대선 전에 불가하면 2018년 로드맵대로 우리는 강한 의지를 갖고 추진하겠다""고 강조했다.국민의당은 또 '국가대개혁위원회'를 구성하고 산하에 개헌분과와 조기탄핵·반패권·반수구 개혁정권 수립을 위한 위원회를 각각 두기로 했다.조만간 국회 차원에서 구성될 개헌특위에도 당내 개헌분과를 중심으로 적극적으로 활동할 방침이다.또 당 차원에서 대통령 결선투표제 도입도 추진하기로 했다.박 원내대표는 ""국가대개혁을 목표로 개헌을 추진하고 반드시 반부패·반패권,반수구 개혁정권 수립을 위해 노력하겠다""고 말했다.발언하는 박지원    (서울=연합뉴스) 이정훈 기자 = 국민의당 박지원 원내대표가 23일 오전 국회에서 열린 비상대책위원-국회의원 연석회의에서 발언하고 있다. 2016.12.23    uwg806@yna.co.krljungberg@yna.co.kr"
143,2016-12-23,"국민의당, '개헌 즉각 추진' 당론 결정",https://news.naver.com/main/read.nhn?mode=LSD&mid=shm&sid1=100&oid=421&aid=0002469643,뉴스1,"김동철 국민의당 비대위원장(왼쪽 세 번째)과 박지원 원내대표 등이 23일 오전 서울 여의도 국회에서 열린 '제17차 비상대책위원-국회의원 연석회의'에 참석해 자리에 앉고 있다. 2016.12.23/뉴스1 © News1 민경석 기자대통령 결선투표제 도입 포함키로(서울=뉴스1) 박응진 기자,서미선 기자 = 국민의당은 23일 개헌 즉각 추진을 당론으로 결정하고, 개헌의 구체적인 내용은 당내에 국가대개혁위원회를 통해 논의하기로 했다.박지원 원내대표는 이날 오전 국회에서 열린 의원총회를 마친 뒤 기자들과 만나 ""만약 헌법재판소에서 박근혜 대통령의 탄핵 인용이 빨라졌을 때는 조기대선으로 준비해야 하기 때문에 대선 전 개헌이 통과되지 않으면 대선 후에라도 계속 추진한다""고 밝혔다.박 원내대표는 안철수 전 상임 공동대표가 전날(22일) 제안한대로 대통령 후보들이 개헌공약을 하고, 대선 전 개헌이 불가능하다면 안 전 대표의 제안대로 2018년 지방선거 때 개헌안을 국민투표에 부칠 것으로 당론화했다고 설명했다.개헌 논의는 국가대개혁위원회의 개헌분과에서 논의, 다음달부터 활동을 시작할 국회 개헌특위에 의견을 전달한다는 계획이다. 국가대개혁위원회에는 또 조기탄핵·반패권·반수구 개혁정권 수립 등 분과가 만들어질 예정이다.박 원내대표는 ""또한 이 과정에서 반드시 (대통령) 결선투표도 필요하다는 것에 (당론으로) 합의했다""고 말했다.그는 ""박근혜 대통령 퇴진, 탄핵에 이어서 각 정당 중에서는 최초로 당론으로 개헌추진을 결정했다""며 ""우리는 국가대개혁을 목표로 개헌을 추진하고, 반드시 반부패·반패권·반수구 개혁정권 수립을 위해서 노력하겠다""고 강조했다.pej86@▶ 놓치면 후회! 최신 만화 보기 / 2017년 나의 운세 보기[© 뉴스1코리아(news1.kr), 무단 전재 및 재배포 금지]"
144,2016-12-23,"새누리 비대위원장에 인명진…""연말 안 비대위 출범 목표""",https://news.naver.com/main/read.nhn?mode=LSD&mid=shm&sid1=100&oid=421&aid=0002469654,뉴스1,"정우택 새누리당 대표 권한대행 및 원내대표가 23일 서울 여의도 국회 정론관에서 기자회견을 열고 비상대책위원장에 인명진 갈릴리교회 원로 목사 선임을 발표한 뒤 회견장을 나서며 취재진의 질의에 답하고 있다. 2016.12.23/뉴스1 © News1 허경 기자""새 보수세력 건설, 정권재창출 기반 만들 것 확신""비대위원장 권한에는 해석의 여지 남겨(서울=뉴스1) 최종무 기자,김영신 기자 = 새누리당 비상대책위원장에 인명진 전 당 윤리위원장이 내정됐다.정우택 당 대표 권한대행 겸 원내대표는 이날 국회 정론관에서 기자회견을 갖고 ""혁명적 수준의 새누리당 혁신을 통해 혁신과 대통합이란 절체절명의 과제를 이룰 비대위원장으로 인명진 전 당 윤리위원장을 모시려 한다""고 밝혔다.정 원내대표는 선임 배경으로 ""2006년 당 윤리위원장으로서 당 윤리강령 강화를 통해 보수정당의 두축인 책임정치와 도덕성을 재정립하는 데 주도적 역할을 맡으신 바 있다""며 ""평생동안 보여준 강한 소신과 올곧은 신념을 바탕으로 새누리당을 완전히 혁신하고 당의 대통합을 이끌어 새로운 보수세력 건설과 정권재창출에 굳건한 기반을 만들 것으로 확신한다""고 말했다.그러면서 ""우리 사회의 민주화, 평화 운동에 헌신해온 인명진 비상대책위원장을 중심으로 대한민국 유일의 보수정당인 새누리당은 다시 국민적 신뢰를 되찾는 데 혼신의 힘을 다하겠다""고 덧붙였다.정 원내대표는 ""곧바로 비대위원장 선출을 위해 최단시일 내에 새누리당 전국위원회를 소집할 것""이라며 ""연말 안에 비대위 출범을 목표로 인명진 목사님과 비대위 구성과 활동에 관한 구체적 상의에 들어가겠다""고 전했다.그는 전국위 소집 시점과 관련해선 ""오는 29일 아니면 30일이 되지 않을까 보는데 아직 구체적인 일정은 잡히지 않았다""고 밝혔다.정 원내대표는 '27일까지 분당파를 설득하겠다고 했는데 먼저 발표한 이유가 있느냐'는 질문에 ""이미 루비콘 강을 건넜다. 탈당 자체는 규모의 문제지 이미 탈당은 기정사실화 됐다""며 ""지금은 (탈당) 최소화의 노력을 하는데 지금 인명진 목사님을 비대위원장으로 결정하면서 (추가탈당이) 최소화될 수 있을 것으로 본다""고 말했다.정 원내대표는 '인명진 비대위원장의 권한은 어느 정도냐'는 질문에 ""전권을 드리겠다""면서도 ""전권이라 표현을 하지만 비대위 구성과 활동에 대해 협의하고 그분이 요구하는 것을 최대한 수용하겠다는 의미에서의 전권이라는 표현""이라고 말해 '전권'에 대한 해석의 여지를 남겼다.ykjmf@▶ 놓치면 후회! 최신 만화 보기 / 2017년 나의 운세 보기[© 뉴스1코리아(news1.kr), 무단 전재 및 재배포 금지]"
145,2016-12-23,"""가끔 손주 돌봐주면 5년 더 살 수 있다""",https://news.naver.com/main/read.nhn?mode=LSD&mid=shm&sid1=103&oid=081&aid=0002784688,서울신문,"[서울신문 나우뉴스]가끔 손주를 돌봐주는 노인은 기대수명보다 5년 더 살 수 있다는 연구결과가 나왔다.영국 일간 데일리메일에 따르면, 한 국제 연구진은 독일과 스위스에 사는 70~103세 노인 500여 명의 생존율과 손주나 아이를 돌봐준 빈도 등을 조사해 위와 같은 결론을 얻었다고 밝혔다.특히 이번 연구에서는 기존 연구들과 달리 손주를 주로 맡아 보살핀 노인들은 조사 대상에서 제외했다. 대신 손주를 가끔 돌봐준 노인들과 전혀 손주를 돌봐주지 않은 이들을 비교했다.또한 손주가 없지만 다른 아이들에게 보호자로서 정서적인 지원을 제공한 노인들도 비교 대상에 포함했다.그 결과, 가끔 손주를 돌봐준 노인 참가자 중 절반은 조사를 시작하고 나서 10년이 지난 뒤에도 계속해서 생존했다. 반면 손주를 전혀 돌보지 않은 노인 참가자 중 절반은 5년 안에 사망했다.또한 손주가 없지만 다른 아이들에게 정서적인 지원을 해준 노인 참가자 중 절반은 7년을 더 살았다.아무도 보살피지 않은 노인은 평균적으로 4년 더 생존했다.이에 대해 독일 막스플랑크 인간개발연구소의 랄프 헤르트비히는 “돕는 행위를 더 긴 삶을 위한 만병통치약으로 오해해서는 안 된다”면서도 “적절한 수준으로 보살핌에 동참하는 것은 건강에 긍정적인 영향을 미치는 것으로 보인다”고 말했다.이어 “기존 연구에서는 더 적극적으로 보살핌에 참여하게 되면 스트레스가 유발돼 심신 건강에 부정적인 영향을 가질 수 있는 것으로 나타났다”고 덧붙였다.이번 연구결과는 ‘진화와 인간행동 저널’(Journal Evolution and Human Behaviour) 최신호에 실렸다.사진=© biker3 / Fotolia윤태희 기자th20022@seoul.co.kr▶ [웰 메이드 N], 재미있는 세상[나우뉴스]▶ [인기 무료만화] [페이스북]ⓒ 서울신문(www.seoul.co.kr), 무단전재 및 재배포금지"
146,2016-12-23,"국민의당, 개헌 즉각 추진 당론 결정…국가대개혁위 구성",https://news.naver.com/main/read.nhn?mode=LSD&mid=shm&sid1=100&oid=421&aid=0002469562,뉴스1,"▶ 놓치면 후회! 최신 만화 보기 / 2017년 나의 운세 보기[© 뉴스1코리아(news1.kr), 무단 전재 및 재배포 금지]"
147,2016-12-23,"내년 통신3사 상호접속료 단일화…미래부, ""차등 정책 폐지""",https://news.naver.com/main/read.nhn?mode=LSD&mid=shm&sid1=105&oid=277&aid=0003898535,아시아경제,"미래부, 2016~2017년 유무선 상호접속료 확정 발표이동통신 3사간 접속료 차등 정책 내년 폐지 방침""경쟁상황 변화 반영 …공정 경쟁 촉진 정책은 유지""(출처:미래부)[아시아경제 박소연 기자]선 ·후발 사업자간 경쟁력 차이를 보정하는 주요 정책 수단으로 활용됐던 상호접속료 차등정책이 사라진다.미래창조과학부는 23일 이같은 내용을 담은 2016~2017년 유 ·무선 음성전화망 상호접속료를 확정 발표했다.상호접속료란 서로 다른 통신사업자의 가입자간에 통화가 발생할 경우 발신측 사업자가 착신측 사업자에 지불하는 통신망 이용대가를 의미한다.상호 접속료 개념(출처:미래부)정부는 그간 이 상호접속료를 후발사업자에 유리하도록 차등을 둬 신규 망투자를 유도하고, 통신경쟁을 촉진하는 수단으로 활용해 왔다.투자비 회수가 가능한 수준의 접속료를 산정해 지속적인 망 투자를 유도하고, 선 ·후발 사업자간 경쟁력 격차를 접속료로 조정해 통신시장의 유효경쟁여건을 조성하는데 기여해왔다.이번에 정부는 통신 그룹간 경쟁구도로의 재편 등 통신시장 경쟁상황 변화를 반영해 접속료를 통한 비대칭규제를 폐지하기로 했다.그동안 시행해온 이동통신 3사간 접속료 차등정책을 2016년 대폭 축소한 데 이어 2017년부터는 단일화하기로 했다.이같은 정책변화는 이동전화시장에서 ▲ LGU+ 점유율 증가 등 경쟁상황 변화, ▲ 주파수와 번호 등 구조적 경쟁요인이 상당부분 해소된 점, ▲ 데이터 중심 환경 및 기술효율적 망으로의 진화에 따라 규모의 경제 효과가 완화된 점, ▲ 차등 격차가 상당수준 완화돼 사실상 경쟁정책 수단으로서 의미가 축소된 점 등을 고려했다.또한 기술효율적 망으로의 진화, 통화량 증감 등을 반영해 유 ·무선 접속료를 적정 수준으로 인하했다.이동전화접속료는 SK텔레콤 기준으로 2015년 분당 19.53원에서 2016년 17.03원으로 13% 가량 인하했다.상호 접속료 추이(출처:미래부)유선전화접속료는 2015년 분당 13.44원에서 2016년 11.98원으로 인하하되 유 ·무선간 접속료 격차는 2015년 분당 6.09원에서 2016년 5.05원으로 축소해 유선사업자의 접속료 부담을 완화했다.아울러, 유선전화시장에서도 2017년에 그동안 KT가 후발유선사업자에 일방으로 제공하던 시외서비스의 가입자선로 접속료 무정산제도를 SK브로드밴드와 LGU+에도 상호 부담하도록 했다.미래부 관계자는 ""상호접속료가 그동안 선 ·후발사업자간 경쟁력 차이를 보정하는 등 유효경쟁여건을 확보하기 위한 주요 정책 수단으로 활용돼 왔다면, 공정경쟁을 촉진한다는 정책 기조는 유지하되 통신환경 변화에 대비해 비대칭규제 혁신 등 접속료 정책의 기틀을 새롭게 마련했다""고 말했다.박소연 기자 muse@asiae.co.kr▶ 최강의 재미 [아시아경제 카드뉴스]▶ 맛있는 레시피▶ 양낙규의 [군사이야기]<ⓒ세계를 보는 창 경제를 보는 눈, 아시아경제 무단전재 배포금지>"
148,2016-12-23,마지막 증인도 미용시술 부인…의혹만 커진 '주삿바늘 흔적',https://news.naver.com/main/read.nhn?mode=LSD&mid=shm&sid1=100&oid=020&aid=0003029442,동아일보,"[동아일보][우병우 청문회]조여옥 前청와대 간호장교 출석줄줄이 불출석… 텅빈 청문회장 22일 최순실 국정조사특별위원회 청문회에 2014년 세월호 참사 당시  박근혜 대통령의 행적 조사와 관련해 조여옥 전 청와대 의무실 간호장교가 출석해 선서하고 있다(위쪽 사진). 그러나 이날 청문회는  증인 18명 가운데 2명만 출석해 ‘맹탕 청문회’라는 비판이 나왔다. 사진공동취재단“(박근혜 대통령) 얼굴에 주사를 놓은 적 없습니다. 목에도 놓은 적 없어요.”전 청와대 간호장교 조여옥 대위는 담담하지만 분명하게 말했다. ‘세월호 7시간’ 의혹을 풀 ‘마지막 열쇠’로 불린 그는 22일 최순실 국정 농단 국정조사특위 청문회에 증인으로 출석해 ‘박 대통령이 세월호 참사 당일 미용 등 의료 시술을 받지 않았나’라는 의혹을 부인했다.미국 연수 중 귀국한 조 대위는 청문회에서 ‘대통령이 필러나 리프팅 시술을 했나’라는 국조위원들의 질문에 “없다”라고 답했다. 조 대위는 향정신성 수면마취제 ‘프로포폴’ 사용 의혹에 대해서도 “(프로포폴을) 본 적 없다. 청와대에 구비하지 않았다”라고 밝혔다. 다만 그는 박 대통령을 포함해 청와대 직원 10여 명에게 자신이 태반, 백옥, 감초주사 등을 처치했다고 밝혔다. 그러나 박 대통령의 불면증과 수면제 처방에 대해서는 “개인 의료 정보라 말하기 어렵다”라고 했다.그는 ‘비선 진료’ 의혹을 받은 최순실 씨 단골 성형외과 의사인 김영재 원장, 대통령 자문의 김상만 전 녹십자 아이메드 원장에 대해서도 “한 번도 본 적이 없다”라고 밝혔다. 이들이 근무한 김영재의원, 차움의원에도 “가 보지 않았다”라고 답변했다. 청문회 참석 전 기무사와 접촉했다는 의혹에 대해서도 “어느 기관도 접촉한 적이 없다”라고 말했다.앞서 14일 청문회에 증인으로 참석했던 김영재, 김상만 원장을 비롯해 이병석, 서창석 전 대통령 주치의, 김원호 전 청와대 의무실장, 정기양 전 피부과 자문의, 이선우 청와대 의무실장, 신보라 전 청와대 간호장교도 모두 “성형 시술을 한 적이 없다”라거나 “성형 시술 자체에 대해 알지 못한다”라고 말했다.증언이 모두 사실이고 박 대통령만 아는 제3의 비선 의사가 없다면 세월호 참사 당일 의료 시술은 없었다는 추론이 가능하다.하지만 박영수 특별검사팀이 규명해야 할 사안이 있다는 의견이 나온다. 그 누구도 ‘시술한 적이 없다’고 했지만 각종 사진 자료에 대한 성형 전문의 분석을 통해 박 대통령은 미용 관련 시술을 받아 왔다는 것이 기정사실화된 상태다.2014년 1월 신년 기자회견, 같은 해 5월 국무회의 사진 속 박 대통령 얼굴에는 필러 시술로 인한 멍과 주삿바늘 자국이 선명했다. 세월호 참사 닷새 후인 2014년 4월 21일에 열린 대통령수석비서관회의 사진 속 박 대통령 왼쪽 턱에도 리프팅 관련 주삿바늘 자국이 있다는 의혹이 최근 제기됐다. 이 때문에 의료 게이트 관련 의료인 중 누군가가 위증했을 가능성도 배제할 수 없다는 관측이 나온다.이날 청문회에서 조 대위는 “세월호 참사 당일 의무동에서 근무했다”라는 기존 해명(1일 언론 인터뷰)을 뒤집고 “기억이 잘 안 나 헷갈렸다. 당시 일반 직원을 치료하는 의무실에서 근무했다”라고 말을 뒤집어 말 바꾸기 논란이 일었다. 대통령 진료를 담당하는 의무동은 관저 바로 옆에, 청와대 직원들을 책임지는 의무실은 경호실 건물 내에 있다. 또 ‘박 대통령에게 투여할 약을 청와대 외부에서 타온 적이 있나’라는 질문에 조 대위는 “기억에 없다”고 반박하다가 국조위원들의 질타가 이어지자 “한 번 정도는 있다”고 밝혔다. 이제 남은 의혹 규명은 특검의 과제가 됐다.김윤종　기자 zozo@donga.com▶ 동아일보 단독/동아일보 공식 페이스북▶ 어제 못본 TV 명장면이 궁금하다면 'VODA'ⓒ 동아일보 & donga.com, 무단 전재 및 재배포 금지"
149,2016-12-23,20~40대 '혼술남녀' 66%…집에서 요일 상관없이 맥주 4잔,https://news.naver.com/main/read.nhn?mode=LSD&mid=shm&sid1=102&oid=421&aid=0002469188,뉴스1,"tvN 드라마 ‘혼술남녀’ 포스터© News1star / CJ E&M2016년 하반기 주류 소비·섭취 조사 결과고위험음주 여성이 남성보다 높아(서울=뉴스1) 민정혜 기자 = 최근 6개월 동안 혼자서 술을 마시는 이른바 '혼술'을 경험한 남녀는 66.1%로 조사됐다. 2015년 1인 가구가 520만명을 넘어서며 의식주를 모두 혼자서 해결해야 하는 생활상이 음주 문화에도 반영된 것으로 보인다.혼술은 보통 편안하게 술을 마시기 위해 집에서 요일과 상관없이 이뤄졌다. 혼술을 할 때는 과자 안주와 어울리는 맥주 등을 선호했다. 여성이 남성보다 고위험음주량 비율이 높았고, 모든 주종에 있어 세계보건기구(WHO)가 제시한 적정량 보다 더 많이 마시고 있었다.© News1식품의약품안전처가 지난 11월23~27일 전국 17개 시·도에  거주하는 2000명의 20~40대를 대상으로 설문조사를 한 결과, 최근 6개월 내에 혼술 경험이 있는 응답자는 66.1%, 이들 중 6개월 전에 비해 혼술이 늘었다는 응답자는 25.5%로 조사됐다.혼술 이유는 '편하게 마실 수 있어서'(62.6%), '스트레스를 풀기 위해서'(17.6%) 등이 큰 비중을 차지했다. 혼술 장소는 비용이 저렴하고 편안한 집(85.2%)이 대다수를 차지했다. 혼술을 하는데 요일은 큰 영향을 미치지 않았다.혼술을 할 때는 주로 도수가 낮은 맥주를 마셨다. 소주, 와인 등 과실주, 막걸리 등 탁주, 위스키가 그 뒤를 이었다. 20~30대는 맥주 등을 선호했지만 40대는 소주 등 비교적 도수가 높은 술을 마시는 경향이 있었다.한번 혼술을 하면 평균 맥주(200ml) 4잔, 소주(50ml) 5.7잔, 과실주(100ml) 2.6잔, 탁주(200ml) 2.7잔, 위스키(30ml) 3.1잔을 마시는 것으로 조사됐다.혼술을 할 때 먹는 안주는 과자류(40.9%), 고기, 소시지 등 육류(33.0%), 건포?견과류(26.7%)가 선호됐고 8%는 안주를 먹지 않았다. 혼술을 할 때 우려되는 부분은 건강(27.4%), 대인관계(14.2%), 음주량 조절(13.6%) 등이었다.© News1혼술을 할 때는 여럿이 마실 때 보다 음주량은 줄었으나, 그럼에도 37.9%가 WHO가 제시한 고위험음주량 이상을 마신 것으로 조사됐다.특히 여성(40.1%)이 남성(36.1%)보다 고위험음주량 비율이 높았다. WHO가 제시하는 고위험음주량은 알코올 도수 4.5%인 맥주(200ml)를 기준으로 남자 8.3잔, 여자 5.6잔, 알코올 도수 17%인 소주(50ml)를 기준으로 남자 8.8잔, 여자 5.9잔이다.더욱이 여성은 모든 주종에 있어 WHO가 제시한 저위험음주량 보다 더 많이 마시고 있었다. 여성은 주종별 1회 평균음주량이 맥주 3.6잔, 소주 5.2잔, 과실주 2.6잔, 탁주 2.3잔이었다. WHO 저위험음주량과 비교했을 때  각각 0.8잔, 2.3잔, 0.8잔, 0.2잔 더 많이 마셨다.남성은 혼술을 할 때 보통 맥주 4.4잔, 소주 6.0잔, 과실주 2.5잔, 탁주 2.8잔을 마셨는데 WHO 저위험음주량 각각 5.6잔, 5.9잔, 3.6잔, 4.2잔 이하보다 소주를 제외하고 약 1잔 정도 덜 마셨다.mjh@▶ 놓치면 후회! 최신 만화 보기 / 2017년 나의 운세 보기[© 뉴스1코리아(news1.kr), 무단 전재 및 재배포 금지]"
150,2016-12-23,"전투기 가격경쟁 붙인 트럼프…""비싼 F-35 대신 F-18..""",https://news.naver.com/main/read.nhn?mode=LSD&mid=shm&sid1=104&oid=001&aid=0008910643,연합뉴스,"도널드 트럼프 미국 대통령 당선인[AP=연합뉴스](서울=연합뉴스) 김아람 기자 = 도널드 트럼프 미국 대통령 당선인이 자신이 비싸다고 지적한 차세대 스텔스전투기 'F-35'보다 저렴하게 사들일 수 있는 'F-18' 전투기 가격을 알아보겠다고 밝혔다.트럼프 당선인은 22일(현지시간) ""록히드마틴 F-35의 엄청난 비용으로 경비가 초과하는 점에 근거해 보잉에 F-18 슈퍼 호넷의 가격 견적을 요청했다""고 트위터에 올렸다.그는 전날 플로리다 주 팜비치에 있는 마라라고 리조트에서 군 고위급 인사 6명을 F-35 비용 절감 문제를 논의했다. 또 F-35 제조사인 록히드마틴과 보잉 최고경영자(CEO)도 면담했다.F-18 전투기[연합뉴스 자료사진]이 회동 후 트럼프 당선인은 F-35를 두고 ""매우, 매우 비싼 프로그램""이라며 엄청난 돈을 깎을 수 있을 것으로 본다""고 설명했다. 앞서 그는 지난 12일에도 트위터를 통해 ""F-35 계획과 비용이 통제 불능""이라고 비판했다.AFP통신에 따르면 현시점에서 미 국방부가 역사상 가장 비싼 F-35 전투기 2천443대를 도입하는 데 3천790억 달러(약 456조원)가 든다.F-35가 수명을 다하는 2070년까지 드는 유지비용 등을 포함한 총 프로그램 비용은 1조5천억 달러(약 1천804조원)까지 증가할 수 있다.F-35 전투기[AFP=연합뉴스]트럼프 당선인이 가격을 알아본다고 언급한 F-18 슈퍼 호넷 전투기는 F-35보다는 등급이 낮은 기종이다. 스텔스 기술은 갖추지 않았으며 1990년대 후반부터 사용돼왔다.미국 해병대와 공군은 2001년부터 F-15, F-16 등 기존 주력 전투기를 대체할 차세대 기종으로 F-35를 개발해왔으나 지나치게 비싼 탓에 '가격 대비 성능'이 좋지 않다는 논란이 꾸준히 일었다.F-35는 전례 없는 스텔스 기술을 갖춰 가장 정교한 미사일 시스템을 피할 수 있다는 게 제조사 록히드마틴의 설명이다.한편 이날 트럼프 당선인의 트윗 이후 뉴욕 증시 시간외거래에서 록히드마틴의 주가는 2%가량 떨어지고, 보잉의 주가는 0.7% 올랐다.F-35 전투기 제작사 록히드마틴 로고[AFP=연합뉴스]rice@yna.co.kr"
151,2016-12-23,"정우택 ""새 비대위원장에 인명진 목사…혁명적 혁신할 것""",https://news.naver.com/main/read.nhn?mode=LSD&mid=shm&sid1=100&oid=008&aid=0003794886,머니투데이,"[머니투데이 김성휘  기자] [[the300]]정우택 새누리당 대표대행(원내대표)은 23일 기자회견을 갖고 당의 비상대책위원장에 한나라당 윤리위원장을 맡았던 인명진 목사를 영입하겠다고 밝혔다,정 대표는 ""혁명적 수준의 새누리당 혁신을 통해 보수혁신과 대통합의 절체절명의 과제를 이룰 비대위원장으로 인명진 전 당 윤리위원장을 모시려 한다""고 말했다.[이코노미스트들의 깊이있는 투자정보 'TOM칼럼'][부자들에게 배우는 성공 노하우 '줄리아 투자노트'  ][내 삶을 바꾸는 정치뉴스 'the 300']김성휘  기자 sunnykim@mt.co.kr<저작권자 ⓒ '돈이 보이는 리얼타임 뉴스' 머니투데이, 무단전재 및 재배포 금지>"
152,2016-12-23,"외교부, 성추행 외교관 중징계 요구…다음주 징계위서 확정",https://news.naver.com/main/read.nhn?mode=LSD&mid=shm&sid1=102&oid=001&aid=0008910501,연합뉴스,"칠레서 韓외교관 미성년자 성추행…tv카메라에 포착(CG)[연합뉴스TV 제공](서울=연합뉴스) 이귀원 기자 = 외교부는 미성년자 성추행 혐의로 국내로 소환된 전 칠레 주재 외교관에 대해 중징계 의결을 요구한 것으로 전해졌다.외교부 당국자는 23일 ""해당 외교관에 대해 전날 중징계 의결을 요구했다""고 밝혔다.이에 따라 외교부는 다음 주 초께 해당 외교관에 대한 징계 여부와 수위를 결정할 징계위원회를 개최할 예정이다.징계위는 위원장인 외교부 제1차관과 외부 전문가 3명을 포함한 총 7명으로 구성된다. 국가공무원법상 징계는 파면·해임·강등·정직 등 중징계와 감봉·견책 등 경징계로 나뉜다.해당 외교관은 외교부 자체 조사에서 칠레에서 한국어 교육을 받던 여성 2명을 성추행한 혐의에 대해서는 사실관계를 대체로 인정한 것으로 전해졌다.외교부는 또 칠레 측에 이번 사건과 관련한 수사 자료를 요청한 것으로 알려졌으며, 관련 자료를 받는 대로 조만간 해당 외교관을 형사고발 할 방침이다.윤병세 외교부 장관은 전날 국회 외교통일위원회에서 ""문제를 발생시킨 당사자에 대해서는 필요한 조치를 취하고 있다""며 ""무관용 원칙 아래 일벌백계로 행정적·형사적 조치를 취하겠다""고 밝힌 바 있다.칠레 주재 한국대사관에서 근무하며 공공외교를 담당한 외교관 A 씨는 지난 9월, 14살 안팎의 현지 여학생에게 한국어를 가르치면서 성추행을 한 혐의를 받고 있다.첫 피해 여학생 측의 제보를 받은 현지 방송사가 다른 여성을 A 씨에 접근시켜 함정 취재를 벌이는 과정에서 A씨가 12월 초 여성에게 신체 접촉을 시도하는 장면이 카메라에 포착돼 전파를 탐으로써 칠레인들의 공분을 샀다.lkw777@yna.co.kr"
153,2016-12-23,	첫 재판 마친 탄핵심판…1월 안에 심판 결과 윤곽 잡힐 수도,https://news.naver.com/main/read.nhn?mode=LSD&mid=shm&sid1=100&oid=421&aid=0002469436,뉴스1,"박근혜 대통령 탄핵심판 사건 수명재판관인 이진성(왼쪽부터), 이정미, 강일원 헌법재판관이 22일 오후 서울 종로구 재동 헌법재판소 소심판정에서 열린 제1회 준비절차기일에서 자리에 앉고 있다. 2016.12.22/뉴스1 © News1 유승관 기자27일 두번째 재판… 내년부터 본격 변론 시작 가능성노무현 전 대통령 사건에 비춰 1월 내 윤곽잡힐 수도(서울=뉴스1) 안대용 기자 = 박근혜 대통령 탄핵심판의 가늠자가 될 첫 재판이 22일 열렸다.헌법재판소는 전날 탄핵심판 1회 준비절차기일에서 사건의 쟁점을 5가지 유형으로 압축해 정리했다.또 국정농단 사태로 재판에 넘겨진 최순실씨(60), 안종범 전 청와대 정책조정수석(57), 정호성 전 비서관(47) 등 증인 3명과 양측이 제출한 증거를 채택하고 2회 준비절차기일을 오는 27일 열기로 했다.헌재가 사건의 효율적 진행을 위해 변론 전에 준비절차를 2~3차례 열겠다고 밝힌 바 있어 연내에 준비절차를 마무리하고 내년 1월 본격적인 변론기일이 열릴 가능성이 매우 높아졌다.준비절차 없이 변론기일이 진행됐던 2004년 노무현 전 대통령 탄핵심판 사건에서는 모두 7차례 변론이 열렸다.헌재는 당시 2004년 3월12일 탄핵소추안 가결 후 18일만인 같은 해 3월30일 첫 변론을 열었다.이후 1주일에 한 번 내지 두 번 변론을 열어 1회 변론기일이 열린지 한 달만인 2004년 4월30일 변론을 마무리하고 그로부터 2주 뒤 선고했다.전날 재판에서 헌재가 탄핵사유를 5가지 유형으로 정리해 살펴보겠다는 입장을 밝히면서 ""헌재가 가진 유일한 선례가 2004년 노무현 전 탄핵심판 사건""이라고 언급한 점을 감안하면 앞으로 재판 진행 일정도 노 전 대통령 사건 진행을 기준으로 계획을 잡을 가능성이 높다.이에 비추어 내년 1월초 박 대통령 탄핵심판의 첫 변론이 열릴 경우 1월 안에 7회 내지 8회 변론이 진행될 수도 있다.헌재가 박 대통령 탄핵심판 진행에 있어 공정성과 함께 신속성을 강조하고 있고, 이를 위해 노 전 대통령 사건 때도 열지 않았던 준비절차를 연 만큼 내년 1월 안에 탄핵심판 결론의 윤곽이 잡힐 수 있다는 관측이 나온다.헌법재판소가 있는 재동 일대에 가장 먼저 봄을 알리는 꽃 중 하나인 매화가 필 무렵 박 대통령 탄핵심판의 결론이 날 수도 있는 것이다. 매화는 1월 하순에서 2월 초 꽃이 피기 시작해 2월 중순부터 3월 중순에 흐드러진다.한편 9인의 재판관은 23일 오전 재판관회의를 열고 전날 재판 내용을 공유하고 향후 심리 계획을 논의한다.재판관들은 이날 출근길에 별다른 언급없이 집무실로 향했다.매화꽃. /뉴스1 © News1 최창호 기자dandy@▶ 놓치면 후회! 최신 만화 보기 / 2017년 나의 운세 보기[© 뉴스1코리아(news1.kr), 무단 전재 및 재배포 금지]"
154,2016-12-23,원·달러 환율 1200원대 고공행진‥9개월만 최고치,https://news.naver.com/main/read.nhn?mode=LSD&mid=shm&sid1=101&oid=277&aid=0003898586,아시아경제,"[아시아경제 이은정 기자] 원ㆍ달러 환율이 달러당 1200원을 넘어섰다. 8일 연속 상승 흐름(원화가치 약세)을 보이고 있다.23일 오전 10시 현재 서울 외환시장에서 원ㆍ달러 환율은 전거래일 대비 4.85원 오른 1203.95원에 거래되고 있다. 이날 원ㆍ달러 환율은 전일 대비 5.9원 오른 1205원으로 장을 출발한 후 달러당 1200원대를 유지하고 있다. 지난 3월 10일 종가(1203.50원) 이후 9개월여만에 가장 높은 수준이다.원ㆍ달러 환율이 이처럼 상승세(원화가치 하락)를 보이고 있는 것은 미국이 1년여만에 금리인상에 나서면서 달러화가 강세를 보이고 있기 때문이다. 미국은 지난 14일(현지시간) 기준금리를 인상한 데 이어 내년에도 두 세 차례 추가로 금리를 올릴 것으로 전망된다. 원ㆍ달러환율은 미국 연방준비제도(Fedㆍ연준)의 금리 인상 발표 직후인 지난 15일 하루에만 8.8원 오르는 등 최근 7거래일간(12월14~12월22일) 달러당 29.4원이나 뛰었다.이날 역시 같은 이유로 원ㆍ달러 환율이 급등했다. 미국의 3분기 국내총생산(GDP) 증가율이 2년 만에 최대치를 기록했다는 소식이 달러 강세를 부추긴 것이다. 이탈리아 정부가 이탈리아 제3위 은행인 '방카 몬테 데이 파스키 디 시에나(BMPS)'에 구제금융을 투입하기로 한 것 역시 안전자산인 달러화의 강세 요인이 됐다.원화가치가 하락하면 수출기업에겐 호재로 작용한다는 게 기본 경제상식이다. 환율이 달러당 1100원일 때 수출하던 국내 기업은 1달러어치의 물건을 팔면 1100원을 받지만 환율이 달러당 1200원으로 올라가면 1달러를 팔아도 1200원을 받게 되기 때문이다.하지만 지금처럼 단기간내 원화가치가 급격히 떨어지면 외국인 자금의 유출 우려가 커질 수 있다.외환시장의 단기 관심사는 원ㆍ달러 환율이 지난 2월29일 기록한 연고점(1245원)을 넘어설 지에 쏠린다. 키움증권 홍춘욱 연구원은 ""보통 연말이면 수출업체의 네고 물량이 쏟아져 원ㆍ달러 환율은 하락세를 보이는데 지금 상황은 다소 의외""라며 ""미국 달러 강세 기조가 꺾이지 않고 있는데다 중국 위안화의 평가 절하가 계속되면서 원ㆍ달러 환율이 오르는 것""이라고 분석했다. 그는 ""통상 원ㆍ달러 환율이 한번 방향성을 잡으면 잘 꺾이지 않는다""며 ""단 연고점을 넘기는 쉽지 않을 것""이라고 덧붙였다.정선윤 현대선물 연구원도 ""미국 3분기 GDP를 끝으로 달러가치와 직결되는 이벤트는 일단락됐다""며 ""이날 원ㆍ달러 환율이 1210원을 넘어 설 수 있겠지만 변동성이 큰 만큼 상승이나 하락, 양방향의 가능성을 다 열어둬야 한다""고 내다봤다.이은정 기자 mybang21@asiae.co.kr▶ 최강의 재미 [아시아경제 카드뉴스]▶ 맛있는 레시피▶ 양낙규의 [군사이야기]<ⓒ세계를 보는 창 경제를 보는 눈, 아시아경제 무단전재 배포금지>"
155,2016-12-23,종일 찬바람 불며 겨울추위…전국 곳곳 눈,https://news.naver.com/main/read.nhn?mode=LSD&mid=shm&sid1=103&oid=422&aid=0000232933,연합뉴스TV,"[날씨] 종일 찬바람불며 겨울추위…전국 곳곳 눈[앵커]계절이 다시 한겨울로 돌아왔습니다.오늘 종일 영하권의 추위가 이어지는 가운데 곳곳으로 눈도 내려 쌓이겠습니다.내일은 오늘보다 더 추위가 강해진다고 합니다.자세한 날씨, 야외 나가 있는 기상캐스터 연결해 알아봅니다.주정경 캐스터.[캐스터]네. 며칠 포근한 날씨가 계속되면서 한겨울 못지않은 폭우가 쏟아지더니, 오늘은 또다시 계절의 시계가 한겨울을 가르키고 있습니다.오늘 아침 기온 대부분 지역 영하로 큰 폭으로 떨어졌고요.지금 곳곳으로는 눈도 날리고 있습니다.오늘 종일 찬 바람이 더해지면서 낮에도 영하권의 추위가 계속 되겠고요.서울을 비롯한 중북은 지역은 오늘 오전까지 춘천과 남부지방은 밤까지 눈이 내리겠습니다.대설 예비 특보가 내려진 남부내륙지역으로 최고 8cm 가량의 눈이 내려 쌓이겠고요.경기나 강원, 충청에는 5cm가량, 서울에도 5cm가량이 예상됩니다.오늘 종일 찬바람이 더해지면서 추위가 계속 되겠고요.성탄절 이브인 내일은 추위가 더 심해집니다.서울의 아침기온이 영하 6도까지 떨어지겠고요.이 추위는 일요일 낮부터 점차 누그러지겠습니다.오늘 낮 기온 서울과 인천 영하 1도 등 중부지방은 0도를 밑돌겠고 전주는 3도, 창원 7도 등 어제보다 많게는 15도나 낮겠습니다.여기에 해안지역으로 강풍특보가 내려지는고, 내륙으로는 바람이 불면서 체감추위는 더 낮겠습니다.오늘 밤 눈과 비가 대부분 그친 후, 내일과 모레는 대체로 맑을 걸로 예상되고 있습니다.따라서 올해는 화이트 크리스마스를 기대하기는 어렵겠습니다.지금까지 광화문에서 날씨 전해드렸습니다.(주정경 기상캐스터)연합뉴스TV : 02-398-4441(제보) 4409(기사문의), 카톡/라인 jebo23(끝)▶ 대한민국 뉴스의 시작, 연합뉴스TV 앱 다운받기"
156,2016-12-23,종일 찬바람불며 겨울추위…전국 곳곳 눈,https://news.naver.com/main/read.nhn?mode=LSD&mid=shm&sid1=103&oid=422&aid=0000232933,연합뉴스TV,"[날씨] 종일 찬바람불며 겨울추위…전국 곳곳 눈[앵커]계절이 다시 한겨울로 돌아왔습니다.오늘 종일 영하권의 추위가 이어지는 가운데 곳곳으로 눈도 내려 쌓이겠습니다.내일은 오늘보다 더 추위가 강해진다고 합니다.자세한 날씨, 야외 나가 있는 기상캐스터 연결해 알아봅니다.주정경 캐스터.[캐스터]네. 며칠 포근한 날씨가 계속되면서 한겨울 못지않은 폭우가 쏟아지더니, 오늘은 또다시 계절의 시계가 한겨울을 가르키고 있습니다.오늘 아침 기온 대부분 지역 영하로 큰 폭으로 떨어졌고요.지금 곳곳으로는 눈도 날리고 있습니다.오늘 종일 찬 바람이 더해지면서 낮에도 영하권의 추위가 계속 되겠고요.서울을 비롯한 중북은 지역은 오늘 오전까지 춘천과 남부지방은 밤까지 눈이 내리겠습니다.대설 예비 특보가 내려진 남부내륙지역으로 최고 8cm 가량의 눈이 내려 쌓이겠고요.경기나 강원, 충청에는 5cm가량, 서울에도 5cm가량이 예상됩니다.오늘 종일 찬바람이 더해지면서 추위가 계속 되겠고요.성탄절 이브인 내일은 추위가 더 심해집니다.서울의 아침기온이 영하 6도까지 떨어지겠고요.이 추위는 일요일 낮부터 점차 누그러지겠습니다.오늘 낮 기온 서울과 인천 영하 1도 등 중부지방은 0도를 밑돌겠고 전주는 3도, 창원 7도 등 어제보다 많게는 15도나 낮겠습니다.여기에 해안지역으로 강풍특보가 내려지는고, 내륙으로는 바람이 불면서 체감추위는 더 낮겠습니다.오늘 밤 눈과 비가 대부분 그친 후, 내일과 모레는 대체로 맑을 걸로 예상되고 있습니다.따라서 올해는 화이트 크리스마스를 기대하기는 어렵겠습니다.지금까지 광화문에서 날씨 전해드렸습니다.(주정경 기상캐스터)연합뉴스TV : 02-398-4441(제보) 4409(기사문의), 카톡/라인 jebo23(끝)▶ 대한민국 뉴스의 시작, 연합뉴스TV 앱 다운받기"
157,2016-12-23,AI 의심신고 100건 돌파…살처분 2천400만마리,https://news.naver.com/main/read.nhn?mode=LSD&mid=shm&sid1=102&oid=001&aid=0008910559,연합뉴스,"지난22일 조류 인플루엔자(AI)가 확진된 충북 옥천의 한 산란계 농장에서 닭 매몰작업이 이뤄지고 있다. [연합뉴스 자료사진](서울=연합뉴스) 정빛나 기자 = 고병원성 조류인플루엔자(AI) 의심 신고가 100건을 넘어섰다.현재까지 들어온 의심 신고 100%가 확진됐던 점을 고려하면 앞으로 피해는 더 확산할 전망이다.23일 농림축산식품부에 따르면 이날 0시 현재 AI 의심 신고 건수는 총 105건이다.이 가운데 93건이 H5N6형으로 확진됐고 나머지 12건도 확진될 것으로 보인다.확진 농가에 예방적 도살처분 및 예찰 과정에서 AI 바이러스가 검출된 농가까지 포함하면 양성농가는 전국 8개 시·도 30개 시·군 내 농가 241곳에 이른다.포획된 야생조류 및 분변 시료에서도 총 27건이 확진됐다. 이 중 1건은 과거 발생한 H5N8형 AI 바이러스다.도살 처분이 완료됐거나 예정인 가금류는 모두 2천420만3천 마리다. 지난달 16일 최초 의심 신고 이후 37일간 매일 평균 65만 마리씩 도살 처분된 셈이다.특히 산란계(알 낳는 닭) 농가가 직격탄을 맞았다. 산란계는 전체 사육 규모 대비 22.8%가 도살 처분됐고, 번식용 닭인 산란종계는 10마리 중 4마리가 도살 처분됐다.실제로도 산란계(알 낳는 닭)의 경우 바이러스 감염 시 100% 폐사율을 기록하는 등 피해가 심각하다고 방역 당국은 판단하고 있다.정부는 연말연시 AI의 추가 확산을 막기 위해 발생농장에 친인척 방문 자제하도록 당부하는 한편 내년 13일까지 AI 발생농장 및 AI 중점방역관리지구 내의 오리류(거위, 기러기 포함)에 대한 일제검사를 추진한다.아울러 이날 오후 계란 수급 안정 대책을 추가로 발표할 예정이다.shine@yna.co.kr"
158,2016-12-23,"첫 탄핵심판 재판…""1월 안에 탄핵심판 윤곽 잡힐 수도"" 관측",https://news.naver.com/main/read.nhn?mode=LSD&mid=shm&sid1=100&oid=421&aid=0002469436,뉴스1,"박근혜 대통령 탄핵심판 사건 수명재판관인 이진성(왼쪽부터), 이정미, 강일원 헌법재판관이 22일 오후 서울 종로구 재동 헌법재판소 소심판정에서 열린 제1회 준비절차기일에서 자리에 앉고 있다. 2016.12.22/뉴스1 © News1 유승관 기자27일 두번째 재판… 내년부터 본격 변론 시작 가능성노무현 전 대통령 사건에 비춰 1월 내 윤곽잡힐 수도(서울=뉴스1) 안대용 기자 = 박근혜 대통령 탄핵심판의 가늠자가 될 첫 재판이 22일 열렸다.헌법재판소는 전날 탄핵심판 1회 준비절차기일에서 사건의 쟁점을 5가지 유형으로 압축해 정리했다.또 국정농단 사태로 재판에 넘겨진 최순실씨(60), 안종범 전 청와대 정책조정수석(57), 정호성 전 비서관(47) 등 증인 3명과 양측이 제출한 증거를 채택하고 2회 준비절차기일을 오는 27일 열기로 했다.헌재가 사건의 효율적 진행을 위해 변론 전에 준비절차를 2~3차례 열겠다고 밝힌 바 있어 연내에 준비절차를 마무리하고 내년 1월 본격적인 변론기일이 열릴 가능성이 매우 높아졌다.준비절차 없이 변론기일이 진행됐던 2004년 노무현 전 대통령 탄핵심판 사건에서는 모두 7차례 변론이 열렸다.헌재는 당시 2004년 3월12일 탄핵소추안 가결 후 18일만인 같은 해 3월30일 첫 변론을 열었다.이후 1주일에 한 번 내지 두 번 변론을 열어 1회 변론기일이 열린지 한 달만인 2004년 4월30일 변론을 마무리하고 그로부터 2주 뒤 선고했다.전날 재판에서 헌재가 탄핵사유를 5가지 유형으로 정리해 살펴보겠다는 입장을 밝히면서 ""헌재가 가진 유일한 선례가 2004년 노무현 전 탄핵심판 사건""이라고 언급한 점을 감안하면 앞으로 재판 진행 일정도 노 전 대통령 사건 진행을 기준으로 계획을 잡을 가능성이 높다.이에 비추어 내년 1월초 박 대통령 탄핵심판의 첫 변론이 열릴 경우 1월 안에 7회 내지 8회 변론이 진행될 수도 있다.헌재가 박 대통령 탄핵심판 진행에 있어 공정성과 함께 신속성을 강조하고 있고, 이를 위해 노 전 대통령 사건 때도 열지 않았던 준비절차를 연 만큼 내년 1월 안에 탄핵심판 결론의 윤곽이 잡힐 수 있다는 관측이 나온다.헌법재판소가 있는 재동 일대에 가장 먼저 봄을 알리는 꽃 중 하나인 매화가 필 무렵 박 대통령 탄핵심판의 결론이 날 수도 있는 것이다. 매화는 1월 하순에서 2월 초 꽃이 피기 시작해 2월 중순부터 3월 중순에 흐드러진다.한편 9인의 재판관은 23일 오전 재판관회의를 열고 전날 재판 내용을 공유하고 향후 심리 계획을 논의한다.재판관들은 이날 출근길에 별다른 언급없이 집무실로 향했다.매화꽃. /뉴스1 © News1 최창호 기자dandy@▶ 놓치면 후회! 최신 만화 보기 / 2017년 나의 운세 보기[© 뉴스1코리아(news1.kr), 무단 전재 및 재배포 금지]"
159,2016-12-23,"軍, 내년 전문의무병제 신설…내년 2월 첫 모집공고",https://news.naver.com/main/read.nhn?mode=LSD&mid=shm&sid1=100&oid=277&aid=0003898557,아시아경제,"국방부는 관련 학과 졸업예정 남학생들이 대부분 병역을 필한 점을 고려해 향후1∼2년간은 재학생에게도 지원 자격을 부여할 계획이다.[아시아경제 양낙규 기자]국방부는 23일 무자격 의무병에 의한 의료 보조행위를 줄이기 위해 내년부터 관련 면허를 보유한 전문의무병을 모집한다고 밝혔다.전문의무병은 관련 학과를 졸업하거나 면허를 취득한 이들로, 군 병원이나 사단급 의무부대에 배치돼 간호와 약제, 임상병리, 방사선 촬영, 치위생, 물리치료 등의업무를 수행하게 된다.면허가 없는 기존의 일반 의무병은 체온이나 혈압 측정, 진료실 정리, 기구 소독 등 단순 보조행위만 수행한다.국방부 관계자는 ""부족한 간호사와 약사, 의료기사 인력을 확보하기 위해 전문의무병 제도를 도입하게 됐다""면서 ""전문의무병은 본인의 전공을 살려 근무할 수 있고 의무부사관으로 지원할 경우 우대 혜택도 받게 된다""고 말했다.전문의무병은 내년 2월 병무청에서 모집공고를 하고 선발절차를 거쳐 5월부터 매달 입영하게 된다.국방부는 관련 학과 졸업예정 남학생들이 대부분 병역을 필한 점을 고려해 향후1∼2년간은 재학생에게도 지원 자격을 부여할 계획이다.유균혜 국방부 보건복지관은 ""지금까지 면허ㆍ자격자는 장교나 부사관으로 충원해 왔지만, 편제와 예산 문제로 간부를 늘리기는 쉽지 않았다""면서 ""전문의무병 제도 도입으로 인건비 증액 없이도 전문인력을 확보할 수 있게 됐다""고 말했다.양낙규 기자 if@asiae.co.kr▶ 최강의 재미 [아시아경제 카드뉴스]▶ 맛있는 레시피▶ 양낙규의 [군사이야기]<ⓒ세계를 보는 창 경제를 보는 눈, 아시아경제 무단전재 배포금지>"
160,2016-12-23,"성탄 주말 고속도로 교통량 평소 수준…""흐름 원활할 듯""",https://news.naver.com/main/read.nhn?mode=LSD&mid=shm&sid1=103&oid=001&aid=0008910490,연합뉴스,"토요일 서울→부산 5시간 10분 소요 예상(서울=연합뉴스) 윤보람 기자 = 성탄절 연휴인 이번 주말 고속도로는 교통량이 평소 주말과 비슷해 비교적 원활한 흐름을 보일 전망이다.23일 한국도로공사에 따르면 주말인 24일 전국 고속도로의 교통량은 427만대로 지난 주말(450만대)보다 적을 것으로 예상된다.이 가운데 수도권을 빠져나가는 차는 41만대, 지방에서 수도권으로 들어오는 차는 40만대로 추산됐다.서울 출발을 기준으로 최대 소요시간은 대전까지 2시간, 강릉까지 2시간 50분, 부산까지 5시간 10분, 광주까지 3시간 20분, 목포까지 3시간 40분 등이다.최대 혼잡구간은 경부고속도로의 경우 정오께 천안에서 천안휴게소까지, 서해안고속도로는 같은 시각 서평택에서 서해대교까지로 예상된다.[연합뉴스 자료사진]성탄절이자 일요일인 25일에는 지난 휴일(378만대)보다 다소 적은 362만대의 차량이 고속도로를 이용할 것으로 보인다. 이 중 수도권으로 들어오는 차량은 37만대로 추산됐다.서울 도착 기준으로 최대 소요시간은 대전에서 1시간 50분, 강릉에서 3시간 10분, 부산에서 5시간, 광주에서 3시간 20분, 목포에서 3시간 40분으로 예상된다.영동고속도로의 경우 오후 4시께 봉평터널에서 둔내터널 구간, 서해안고속도로는 오후 5시께 서해대교에서 서평택 구간이 가장 혼잡할 전망이다.자세한 고속도로 교통정보는 스마트폰 애플리케이션이나 로드플러스 사이트(www.roadplus.co.kr), 콜센터(☎ 1588-2504) 등에서 확인하면 된다.bryoon@yna.co.kr"
161,2016-12-23,"비박계 ""27일 원내교섭단체 등록..가칭 개혁보수신당""",https://news.naver.com/main/read.nhn?mode=LSD&mid=shm&sid1=100&oid=003&aid=0007670178,뉴시스,"【서울=뉴시스】박진희 기자 = 새누리당 김무성(왼쪽) 전 대표와 유승민 의원이 23일 오전 서울 여의도 국회 의원회관에서 열린 보수신당 창당추진위 회의에 참석하고 있다. 2016.12.23.   pak7130@newsis.com""디지털, 열린정당 추구…창당 전 과정 국민들에 공개""""내년 1월 20일 전후, 설 전까지 창당 완료""【서울=뉴시스】김동현 이현주 기자 = 새누리당 '집단 탈당'을 결의한 비박계는 23일 예고한대로 오는 27일 집단 탈당을 결행하자마자 국회 원내교섭단체를 등록하기로 했다. 신당 명칭은 새누리당을 '가짜보수'로 규정한 만큼, 이를 부각시키는 차원에서 가칭 '개혁보수신당'으로 결정했다.황영철 새누리당 의원은 이날 오전 국회에서 열린 신당창당준비위원회 결과 브리핑을 통해 ""신당의 명칭은 당분간 가칭 '개혁보수신당'으로 하기로 했다""며 ""보수의 구심점 역할, 쇄신, 변화의 의미를 담은 명칭으로 개혁보수신당으로 했다""고 밝혔다.황 의원은 ""신당추진위는 전략, 기획 분과 등 7개 팀을 구성해서 운영할 것""이라며 ""또 디지털 정당을 통해 창당의 모든 과정을 공개하겠다. 당명은 물론 정강정책 등도 국민의견을 수렴해 마련할 것""이라고 '열린정당'을 강조했다.황 의원은 또 ""오는 27일 분당선언 이후 곧바로 원내교섭단체를 등록하겠다""며 ""이후 의총을 소집해 원내대표도 선출하겠다""고 밝혔다.한편 개혁보수신당의 공식 창당 시점은 1월 20일 전후로, 설 전까지 창당작업을 완료한다는 방침이다.보수신당의 대변인은 오신환 의원이 맡기로 했다.이날 창당준비위 회의에는 유승민 김무성 박인숙 이종구 김영우 하태경 황영철 이학재 김현아 주호영 정병국 박성중 김세연 이은재 나경원 정양석 의원 등 16명의 새누리당 의원들이 참석했다.nyk9002@newsis.com뉴시스 뉴스, 네이버 뉴스 스탠드에서도 만나세요뉴시스 SNS [페이스북] [트위터]<저작권자ⓒ 공감언론 뉴시스통신사. 무단전재-재배포 금지.>"
162,2016-12-23,"정우택 ""개혁적 비대위원장으로 혁명적 재창당 할 것""",https://news.naver.com/main/read.nhn?mode=LSD&mid=shm&sid1=100&oid=003&aid=0007670181,뉴시스,"【서울=뉴시스】홍세희 강지혜 기자 = 정우택 새누리당 원내대표는 23일 ""보수의 가치를 재정립하고 당을 진정으로 혁신할 수 있는 개혁적 비대위원장 선정에 혼신의 노력을 다하고 있다""고 밝혔다.정 원내대표는 이날 오전 국회에서 열린 원내대책회의에서 ""조속한 시일내에 혁신적이고 경륜있는 분을 비대위원장으로 모실 것""이라며 이같이 말했다.정 원내대표는 ""우리당의 가장 시급한 과제는 당을 근본적으로 혁신하고, 보수 세력을 대통합할 수 있는 비대위를 구성하는 것""이라며 ""일부 의원들의 이탈 예고에도 불구하고 혁명적 수준의 혁신과 재창당 작업은 흔들림 없이 신속히 추진돼야 한다""고 강조했다.그는 ""비대위 구성 전까지 당의 혁신과 재창당작업을 실무적으로 준비하는 재창당혁신추진 TF(태스크포스)팀을 즉각 구성할 것""이라며 ""TF는 비대위가 정식으로 구성되면 지체없이 당의 전면적 혁신작업에 나설 수 있도록 기초작업을 할 것""이라고 밝혔다.한편 정 원내대표는 비박계의 집단 탈당 예고에 대해 ""일부 의원님들의 탈당 결의에 대해 정말 안타깝다""며 ""저는 최후 순간까지 이탈을 최소화시키고, 당의 혁명적 혁신을 이루려는 저의 결의와 진심을 전하기 위해 모든 노력을 다할 것""이라고 말했다.hong1987@newsis.com뉴시스 뉴스, 네이버 뉴스 스탠드에서도 만나세요뉴시스 SNS [페이스북] [트위터]<저작권자ⓒ 공감언론 뉴시스통신사. 무단전재-재배포 금지.>"
163,2016-12-23,"비박계 ""27일 원내교섭단체 등록…가칭 개혁보수신당""",https://news.naver.com/main/read.nhn?mode=LSD&mid=shm&sid1=100&oid=003&aid=0007670178,뉴시스,"【서울=뉴시스】박진희 기자 = 새누리당 김무성(왼쪽) 전 대표와 유승민 의원이 23일 오전 서울 여의도 국회 의원회관에서 열린 보수신당 창당추진위 회의에 참석하고 있다. 2016.12.23.   pak7130@newsis.com""디지털, 열린정당 추구…창당 전 과정 국민들에 공개""""내년 1월 20일 전후, 설 전까지 창당 완료""【서울=뉴시스】김동현 이현주 기자 = 새누리당 '집단 탈당'을 결의한 비박계는 23일 예고한대로 오는 27일 집단 탈당을 결행하자마자 국회 원내교섭단체를 등록하기로 했다. 신당 명칭은 새누리당을 '가짜보수'로 규정한 만큼, 이를 부각시키는 차원에서 가칭 '개혁보수신당'으로 결정했다.황영철 새누리당 의원은 이날 오전 국회에서 열린 신당창당준비위원회 결과 브리핑을 통해 ""신당의 명칭은 당분간 가칭 '개혁보수신당'으로 하기로 했다""며 ""보수의 구심점 역할, 쇄신, 변화의 의미를 담은 명칭으로 개혁보수신당으로 했다""고 밝혔다.황 의원은 ""신당추진위는 전략, 기획 분과 등 7개 팀을 구성해서 운영할 것""이라며 ""또 디지털 정당을 통해 창당의 모든 과정을 공개하겠다. 당명은 물론 정강정책 등도 국민의견을 수렴해 마련할 것""이라고 '열린정당'을 강조했다.황 의원은 또 ""오는 27일 분당선언 이후 곧바로 원내교섭단체를 등록하겠다""며 ""이후 의총을 소집해 원내대표도 선출하겠다""고 밝혔다.한편 개혁보수신당의 공식 창당 시점은 1월 20일 전후로, 설 전까지 창당작업을 완료한다는 방침이다.보수신당의 대변인은 오신환 의원이 맡기로 했다.이날 창당준비위 회의에는 유승민 김무성 박인숙 이종구 김영우 하태경 황영철 이학재 김현아 주호영 정병국 박성중 김세연 이은재 나경원 정양석 의원 등 16명의 새누리당 의원들이 참석했다.nyk9002@newsis.com뉴시스 뉴스, 네이버 뉴스 스탠드에서도 만나세요뉴시스 SNS [페이스북] [트위터]<저작권자ⓒ 공감언론 뉴시스통신사. 무단전재-재배포 금지.>"
164,2016-12-23,"당정,2월前 추경 적극검토..새해 예산 1분기에 30% 조기집행",https://news.naver.com/main/read.nhn?mode=LSD&mid=shm&sid1=100&oid=001&aid=0008910469,연합뉴스,"계란값 안정대책 시행…수입란 운송비 50% 지원·신선란 등 일부품종 관세 지원조선 빅3, 내년초 특별고용지원업종 대상 포함 검토…기초수급자 대상 확대(서울=연합뉴스) 이승우 배영경 기자 = 정부와 새누리당은 23일 내년도 예산안을 1분기에 30% 이상 조기 집행해 상반기에만 전체 예산의 60% 이상을 사용하기로 했다.이와 함께 내년 2월까지 추가경정예산을 편성하는 방안도 적극적으로 검토하기로 했다.이는 소비와 투자를 진작해 침체한 경기를 살리려는 적극적인 재정 정책의 차원이다.당정은 이날 국회에서 새 원내지도부 선출 이후 첫 공식 협의회인 '긴급 민생경제현안 종합점검회의'를 열어 이같이 합의했다고 이현재 정책위의장이 브리핑을 통해 밝혔다.이 정책위의장은 ""예산 조기 집행만 갖고는 내년 경제 전망이 썩 희망적이지 않다""면서 ""세수에 어느 정도 여유가 있고 경제는 타이밍이 중요한 만큼 추경도 내년 2월까지 편성해달라고 당에서 강력히 요청했고, 정부도 적극적으로 검토하기로 했다""고 설명했다.당정은 또 AI(조류 인플루엔자) 확산에 따른 계란값 급상승과 관련, 수입란의 운송비 50%를 정부에서 지원하고, 수입란 가운데 신선란과 같은 일부 품종에 대해서는 할당 관세를 적용하는 계란 수급 안정대책도 발표했다.이와 함께 정부는 조선업 구조조정과 관련, 조선업 특별고용지원업종 지정 대상에서 빠진 대우조선해양, 현대중공업, 삼성중공업 등 조선 '빅3'를 내년 초 지정 대상에 포함하는 방안도 적극적으로 검토하기로 했다.당정은 겨울철 서민 생활 안정책으로 읍면동 주민센터를 복지 허브기관으로 개편하고 다음 달부터 기초생활보장 수급자 대상 기준 소득을 1.7% 상향 조정해 지원 대상을 확대하기로 했다.아울러 정부 입법으로 상가임대차보호법을 개정해 권리금 보호 대상에서 제외된 전통시장을 추가하도록 하는 방안과 유통산업발전법을 개정해 대규모 점포 규제 업종에 이발과 미용업도 추가하는 방안을 추진하기로 했다.내년에 만료되는 중소상공인 적합업종 13개에 대한 지정 연장 방안, 1인 자영업자와 1인 제조업자도 고용보험 및 산업재해보험 가입 지원 대상에 포함하는 방안도 관계부처 차원에서 적극적으로 논의할 계획이다.당정은 미국 금리 인상에 따른 가계금리 상승 압박, 1천300조 원이 넘어선 가계 부채 문제 등에 대해서는 '선제적 대응'을 한다는 데 의견을 모았다고 이 정책위의장은 전했다.정우택 원내대표 주재로 열린 협의회에는 유일호 경제부총리 겸 기획재정부 장관, 김재수 농림축산식품·주형환 산업통상자원·정진엽 보건복지·이기권 고용노동·강호인 국토교통부 장관과 임종룡 금융위원장 등이 참석했다.당에서는 이현재 정책위의장, 김선동 원내 수석부대표와 관련 국회 상임위원회의 여당 간사들이 참석했다.leslie@yna.co.kr"
165,2016-12-23,"與 분당파 신당 명칭, 가칭 '개혁보수신당'",https://news.naver.com/main/read.nhn?mode=LSD&mid=shm&sid1=100&oid=421&aid=0002469350,뉴스1,"ykjmf@▶ 놓치면 후회! 최신 만화 보기 / 2017년 나의 운세 보기[© 뉴스1코리아(news1.kr), 무단 전재 및 재배포 금지]"
166,2016-12-23,종일 영하권 추위…전국 곳곳으로 눈,https://news.naver.com/main/read.nhn?mode=LSD&mid=shm&sid1=103&oid=422&aid=0000232917,연합뉴스TV,"[날씨] 종일 영하권 추위…전국 곳곳으로 눈[앵커]하루만에 기온이 급격히 떨어졌습니다.오늘 종일 찬바람이 부는 가운데, 곳곳으로 눈도 내려 쌓이겠습니다.내일은 오늘보다 더 추위가 강해진다고 합니다.자세한 날씨, 야외 나가 있는 기상캐스터 연결해 알아봅니다.주정경 캐스터.[캐스터]네. 하루만에 계절의 시계가 다시 겨울을 가르키고 있습니다.급격히 기온이 떨어진터라 갑자기 찾아온 추위에 몸이 적응 안 된다는 분들 많으실 텐데요.오늘 각별히 옷차림에 신경을 쓰고 나오시기 바랍니다.추워진 날씨에 전국 곳곳으로는 눈도 내리고 있습니다.지금 서울에서도 눈발이 조금씩 날리고 있는데요.오늘 오전까지 중북부 지방으로 그리고 밤에 밤까지 충청과 남부내륙으로 많은 눈이 내려 쌓일 것으로 보입니다.특히 대설대비 특보가 내려진 남부내륙으로는 최고 8cm가 쌓이겠고요.경기나 강원, 충청에는 5cm 안팎, 서울에도 1cm 가량이 예상됩니다.오늘 종일 찬바람이 더해지면서 영하권의 추위가 이어지겠습니다.성탄절 이브인 내일은 추위가 더 심해질 텐데요.서울의 아침기온이 영하 6도까지 떨어지겠고, 일요일 낮부터 점차 누그러질 것으로 보입니다.오늘 낮기온은 서울과 인천이 영하 1도, 전주 3도, 창원 7도 등 중북부는 종일 0도를 밑돌겠고, 어제보다 많게는 12도나 낮은 지역이 있겠습니다.여기에 해안지역으로는 강풍특보가 내려지는 등 바람도 무척 강해서요.체감추위는 더 심해지겠습니다.오늘 밤 눈과 비가 대부분 그친 후, 내일과 모레는 대체로 맑은 날씨가 예상되고 있습니다.이에 따라 올해는 화이트 크리스마스를 기대하긴 어렵겠습니다.지금까지 광화문에서 날씨 전해드렸습니다.(주정경 기상캐스터)연합뉴스TV : 02-398-4441(제보) 4409(기사문의), 카톡/라인 jebo23(끝)▶ 대한민국 뉴스의 시작, 연합뉴스TV 앱 다운받기"
167,2016-12-23,"인권위 ""'인분교수' 없어야""…대학원생 인권정책 권고",https://news.naver.com/main/read.nhn?mode=LSD&mid=shm&sid1=102&oid=001&aid=0008910226,연합뉴스,"(서울=연합뉴스) 박경준 기자 = 국가인권위원회가 전국 182개 대학 총장에게 '대학원생 인권장전'을 마련하고, 인권침해 사안 발생 시 이를 해결할 인권전담 기구를 설치하라고 권고했다.교육부 장관에게도 장기적 인권교육 실시 등을 유도할 평가제도 도입 등 대학원생 인권보호·증진 대책 마련을 권고했다.국가인권위원회는 23일 ""지난해 발생한 '인분교수 사건'은 대학원생의 심각한 인권 상황을 보여주는 등 대학원생 인권 문제가 더는 도외시돼서는 안 된다는 인식이 확산했다""며 이같이 밝혔다.인권위가 지난해 전국 189개 대학의 대학원생 1천906명을 설문 조사한 결과를 보면 대학원생들의 인권침해 상황은 심각했다.공동수행 연구로 학업에 지장을 받는다는 응답이 34.5%였고, 연구나 프로젝트 수행 후 정당한 보수를 받지 못한 사람도 25.8%나 됐다.18.3%는 교수로부터 원치 않는 프로젝트에 참여할 것을 빈번하게 강요당했다고 답했다. 11.4%는 교수의 논문작성, 연구 수행의 전체 또는 일부를 대신했다고 대답했다.인권위는 ""대학원생은 피교육자이자 연구실 행정 분담 등 노동자의 성격을 모두 갖고 있다""며 ""그러나 지도교수와의 특수한 관계 때문에 인권침해에 적극적으로 대응하기 어려운 점을 고려할 때 인권 상황 개선을 위한 조치가 필요하다""고 밝혔다.인권위는 13개 항목으로 구성된 '대학원생 인권장전 가이드라인'도 제안했다.가이드라인은 평등권을 침해하는 차별행위 금지, 학업·연구권, 복리후생권, 안전권, 지식재산권, 인격권 등 인간의 존엄성과 공정한 심사를 받을 권리 등을 규정했다.국가인권위원회 청사(서울=연합뉴스) 국가인권위원회 저동 청사. 2016.4.25 [국가인권위원회 제공] 본관kjpark@yna.co.kr"
168,2016-12-23,"트럼프·푸틴 ""핵능력 강화"" 주장, WP ""핵경쟁 망령 부활 우려""",https://news.naver.com/main/read.nhn?mode=LSD&mid=shm&sid1=104&oid=001&aid=0008910072,연합뉴스,"트럼프 ""美 핵능력 대폭 강화·확장해야"", 푸틴 ""핵 전투력 강화""트럼프 측 ""불량 정권에 핵확산 막야아 한다는 의미""…서둘러 진화(워싱턴=연합뉴스) 강영두 특파원 = 도널드 트럼프 미국 대통령 당선인이 22일(현지시간) 미국의 핵 능력을 대폭 강화·확장하겠다고 밝혔다.미국과 더불어 양대 핵 강국인 러시아의 푸틴 대통령이 핵 전투력 강화 방침을 밝히자 곧장 맞불을 놓은 것이다.미·러가 과거 냉전시대의 핵무기 경쟁 체제로 재돌입하는 게 아니냐는 우려가 나오고 있다.트럼프 당선인은 이날 트위터 계정을 통해 ""미국은 세계가 핵무기에 대한 분별력을 갖게 되는 시점까지는 핵 능력을 큰 폭으로 강화하고 확장해야 한다""고 말했다.트럼프 ""美 핵능력 크게 강화·확장해야""    (팜비치<미 플로리다주> AFP=연합뉴스) 미국 플로리다주 팜비치의 마라라고 리조트에 머물고 있는 도널드 트럼프(왼쪽) 미 대통령 당선인이 지난 21일(현지시간) 미 국방부 장성들과 면담한 뒤 현관에서 배웅하며 악수하는 모습.트럼프 당선인의 이 같은 발언은 푸틴 러시아 대통령이 핵 전력 강화를 강조한 것으로 알려진 지 몇 시간 만에 나왔다.푸틴 대통령은 이날 오전 모스크바에서 국방 문제에 대해 연설하며 ""전략 핵무기부대의 전투력을 강화해야 한다""며 ""특히 현존하거나 앞으로 개발될 미사일 방어체계를 돌파할 수 있을 정도로 미사일의 성능이 강화돼야 한다""고 말했다.그는 또 ""힘의 균형에 어떤 변화가 생기는지, 특히 러시아 국경을 따라 형성되는 정치·군사적 상황이 어떻게 변화하는지를 면밀히 주시해야 한다""고 강조했다.트럼프 당선인과 푸틴 대통령이 동시에 핵전력 강화론을 펴면서 향후 양국 간 '핵 치킨게임' 돌입 가능성에 대한 우려를 낳았다.워싱턴포스트(WP)는 ""양국이 핵무기의 수와 크기를 줄기 위해 수십 년에 걸친 노력을 되돌릴 수 있는 새로운 군비 경쟁의 망령을 불러일으키고 있다""고 지적했다.미국과 옛 소련이 1980년대 후반부터 이어온 핵무기 감소 추세가 멈추거나, 증가세로 돌아서는 계기가 될 수 있다는 것이다.WP는 이어 ""버락 오바마 대통령이 추구하는 '핵무기 없는 세상' 정책이 그대로 이어지지 않을 것이라는 우려를 불러일으키기에는 충분하다""고 우려했다.오바마 대통령은 2009년 4월 체코 프라하에서 연설을 통해 '핵무기 없는 세상'이라는 비전을 제시하고, 세계를 핵전쟁의 위협에서 해방하겠다고 선언했다.이어 미·러는 1991년 체결돼 만료된 전략무기감축협정을 대체할 후속협정 협상을 1년 만에 마무리짓고, 이듬해 양국 정상이 참석한 가운데 조인식을 가졌다.새 협정은 장거리 핵탄두를 2천200기에서 1천600기로 줄이고, 지상과 해상에 배치된 미사일을 1천600기에서 800기로 감축하는 내용을 담았다.그러나 푸틴 대통령은 지난 10월 ""미국의 러시아에 대한 비우호적 행동으로 전략적 안정성에 대한 위협이 생기고 있다""며 미국과 체결한 무기급 플루토늄 관리 및 폐기 협정(PMDA)을 잠정 중단하도록 지시하고, 이후 강경 후속 조치를 잇달아 내놓는 등 미국과 핵무기 경쟁을 불사하겠다는 의지를 보여왔다.트럼프 당선인은 트위터 발언 이후 미·러 간 핵경쟁 우려로 논란이 번지자 서둘러 진화에 나섰다.그의 대변인 제이슨 밀러는 ""트럼프 당선인의 발언은 핵확산 위협에 대한 언급으로, 핵무기가 테러리스트들과 불안정한 불량 정권들에게 퍼지는 것을 막아야 한다는 의미""라고 주장했다.연설하는 블라디미르 푸틴 러시아 대통령 [AP=연합뉴스 자료사진]k0279@yna.co.kr"
169,2016-12-23,"정부 ""계란 수입 지원 등 수급안정 노력""",https://news.naver.com/main/read.nhn?mode=LSD&mid=shm&sid1=102&oid=003&aid=0007669947,뉴시스,"범정부 비상경제대응 TF 개최""민생 물가 철저히 관리하겠다""【세종=뉴시스】이예슬 기자 = 정부가 조류인플루엔자(AI)로 인한 계란 수급불안에 적극적으로 대응하겠다는 의지를 밝혔다.23일 기획재정부에 따르면 이날 오전 최상목 기재부 1차관 주재로 '범정부 비상경제대응 태스크포스(TF)' 회의를 개최해 탄핵안 가결 이후 국내외 금융시장과 수출 등 실물경제 전반을 점검하고 민생물가 안정 방안 등을 논의했다.국제금융시장은 지난달 8일 미국 대선 이후 미국 재정정책 확대, 2017년 기준금리 인상 가속화 전망 등으로 변동성이 확대되고 있다. 국내 금융시장도 달러화 강세, 미 금리상승 추세와 동반해 외환과 채권 시장을 중심으로 변동성이 지속되는 상태다.참석자들은 유가 상승, AI 확산 등으로 오름세를 보이고 있는 일부 농축수산물, 가공식품, 공공요금 중심으로는 민생 물가를 철저히 관리해 나가기로 했다.특히 계란 수급 불안에 대응해 철저한 방역 원칙 하에 제한적으로 반출을 완화하고 할당관세 적용 등으로 계란 수입을 지원하는 등의 노력을 강화할 방침이다.민생물가 안정, 피해업체 지원 등을 위해 기재부 차관보와 농식품부 식품산업정책실장을 공동 팀장으로 하는 관계기관 합동 TF도 구성한다.내년 1월 중순에는 농축수산물 수요가 증가하는 설 명절에 대비해 성수품 수급안정방안을 포함한 설 민생대책도 마련할 예정이다. 민간 비축물량의 공급을 확대하고 선물세트를 할인판매할 계획이다.석유류의 경우 알뜰주유소 공동 구매물량을 확대하고 1월부터 매수자(대리점·주유소·판매소) 세액공제를 신설하는 등 소비자 판매가격 인하를 유도하기로 했다.공공기관 및 지방자치단체와 협조해 동절기 도시가스요금 및 기타 공공요금 인상은 최대한 자제하도록 유도할 방침이다.디딤돌 대출 등 정책금융지원을 확대(2016년 41조원→2017년 44조원)하고 공공임대주택을 역대 최대 규모로 공급하는 등 서민 주거비 부담 완화를 위해서도 노력할 예정이다.정부 관계자는 ""맞춤형 요금제를 확대하는 등 통신시장 경쟁을 촉진하고 국가장학금 다자녀가구 지원 확대, 학원 옥외가격표시제 전면 실시 등으로 학원비의 부당 인상도 방지하겠다""고 설명했다.ashley85@newsis.com뉴시스 뉴스, 네이버 뉴스 스탠드에서도 만나세요뉴시스 SNS [페이스북] [트위터]<저작권자ⓒ 공감언론 뉴시스통신사. 무단전재-재배포 금지.>"
170,2016-12-23,공공부문 부채 1000조 돌파…1년 동안 46조 늘었다,https://news.naver.com/main/read.nhn?mode=LSD&mid=shm&sid1=101&oid=008&aid=0003794815,머니투데이,"[머니투데이 세종=정현수 기자] [GDP 대비 공공부문 부채는 64.4%…다른 국가와 비교할 때 양호한 수준]공공부문 부채의 GDP 대비 비율. 내부거래를 제거하지 않은 경제협력개발기구(OECD) 자료로, 한국의 경우 내부거래를 제거하면 한국의 GDP 대비 공공부문 부채는 64.4%다 /사진제공=기획재정부나랏빚이 1000조원을 넘어섰다. 정부 적자를 보전하고 외환시장 안정을 도모하기 위해 채권발행을 늘린 탓이다. 하지만 여전히 양호한 부채 수준을 유지하고 있다는 게 정부의 판단이다.기획재정부는 23일 ‘2015년 말 공공부문 부채(D3) 실적치’를 발표했다. 지난해 기준 공공부문 부채는 전년대비 46조2000억원 증가한 1003조5000억원으로 집계됐다. 국내총생산(GDP)에서 공공부문 부채가 차지하는 비율은 64.4%였다.D3는 일반정부 부채(D2)와 비금융공기업 부채를 합친 뒤 내부거래를 빼고 산출된다. 정부에서 발표하는 가장 포괄적인 공공분야 부채 통계다.국가들 사이의 재정건전성 비교 기준인 일반정부 부채는 676조2000억원으로 1년전보다 55조6000억원 늘었다. GDP 대비로는 43.4%다. 비금융공기업 부채는 전년대비 9조6000억원 감소한 398조9000억원이다.  기재부 관계자는 “일반정부 부채 증가는 일반회계 적자보전과 외환시장 안정을 위한 국고채 증가에 주로 기인한다”고 설명했다. 국고채는 1년 동안 48조6000억원 늘었다.공공부문 부채가 1000조원을 돌파했지만 우리나라의 재정건전성은 상대적으로 양호한 수준이다. 경제협력개발기구(OECD)가 산출한 통계에 따르면 우리나라의 GDP 대비 공공부문 부채 비율은 69%다. 여기엔 내부거래도 포함돼 있어 기재부 통계와 수치가 다르다.OECD의 기준을 적용하면 일본의 GDP 대비 공공부문 부채 비율은 273%다. 포르투칼과 캐나다의 비율은 각각 142%, 122% 수준이다. 영국의 관련 비율은 99%다. OECD가 공공부문 부채를 집계하는 7개국 중 우리나라보다 부채 비율이 낮은 국가는 멕시코(48%)밖에 없다.기재부 관계자는 “부채 총량관리, 재정건전화법 제정 추진, 재정운용 효율화 등 공공부문을 구성하는 각 주체의 건전화 노력을 통해 공공부문의 중장기 재정건전성을 확보할 것”이라며 “국가채무의 경우 2020년까지 40%대 초반 수준으로 관리할 계획”이라고 말했다.[이코노미스트들의 깊이있는 투자정보 'TOM칼럼'][부자들에게 배우는 성공 노하우 '줄리아 투자노트'  ][내 삶을 바꾸는 정치뉴스 'the 300']세종=정현수 기자 gustn99@mt.co.kr<저작권자 ⓒ '돈이 보이는 리얼타임 뉴스' 머니투데이, 무단전재 및 재배포 금지>"
171,2016-12-23,"자로 ""세월호 다큐, 대통령 7시간도 관련""",https://news.naver.com/main/read.nhn?mode=LSD&mid=shm&sid1=102&oid=055&aid=0000487960,SBS,"- 25일 유튜브에 공개, 정확한 시간은 예고 안할 것- 세월호 아직 제대로 된 진상조사조차 시작하지 못했다- 세월호 8시간49분 진실의 실타래를 풀기위한 최소한의 시간- 8시간49분 세월호 다큐 끝이 아니라 또 다른 시작- 세월호 과학적 팩트로 보니 지금까지와 다른 얘기도 있어..- 세월호 다큐 유가족도 여야편도 아냐 오직 진실의 편- 세월호 8시간 다큐, 희생자에 대한 저만의 추모 방식- 세월호 침몰 잠수함 충돌설? 다큐에서 직접 확인하셔라- 세월호 침몰, 대통령 7시간과도 관련 있어- 다큐 역풍 우려? 사실과 다르면 역풍 맞아도 싸▷ 박진호/사회자:네티즌 수사대로 유명한 필명 자로. 이 분이 세월호 참사의 진실을 담은 다큐멘터리를 오는 25일 크리스마스에 공개한다고 예고해서 큰 주목을 받고 있습니다. 이 자로는 지난 2012년에 국가정보원의 대선 개입 혐의를 입증하는 결정적인 증거를 찾아냈던 분입니다. 그래서 많은 사람들이 이번 다큐멘터리에 상당한 기대와 관심을 보이고 있는 상황인데요. 전망대 이 시간에는 세월호에 대한 진실을 담았다는 다큐 <세월X>를 제작한 자로 씨를 직접 만나보겠습니다. 신변 보호를 위해서 이번 인터뷰는 음성 변조로 진행이 되고, 또 필명인 ‘자로’로 호칭한다는 점을 미리 알려드리겠습니다. 자로 씨 안녕하세요.▶ 자로 <세월X> 제작자:예. 안녕하세요.▷ 박진호/사회자:세월호는 물 속에 잠겨있는 게 아니라 사람들 편견 속에 잠겨있다. SNS에 직접 올리셨던 글인데요. 우리가 그동안 어떤 편견에 세월호를 담아뒀었는지 궁금합니다.▶ 자로 <세월X> 제작자:네. 그러니까 사람들은 이 세월호 사건이 끝났다고 생각하는 사람들이 좀 많고요. 더 이상 조사할 것이 없다고 생각하는 사람들이 더 많습니다. 하지만 이번 다큐를 만들면서 보니까 세월호 사고는 아직 제대로 된 진상 조사조차 시작하지 못했다는 것을 절실히 깨닫게 됐습니다. 그리고 사람들이 너무 진영 논리, 그리고 정치 논리에 빠진 나머지 저 사람이 말하는 것은 무조건 거짓말이고, 저 사람이 말하는 것은 무조건 진실이고, 저 쪽에서 말하는 것은 우리 쪽에 도움이 안 되고. 이런 식으로 접근을 하다보니까 정말 진실의 본질을 보지 못했던 것 같습니다. 그래서 저는 이번 다큐를 통해서 사람들의 편견을 깨보고 싶습니다. 누구의 편이 아니라 오직 진실의 편에 서서 이것은 진실입니다, 이것은 진실이 아닙니다 하고 진실에 대해서 한 번 말을 해보고 싶습니다.▷ 박진호/사회자:세월호의 진실을 밝히는 작업에 집중하겠다. 이런 의사를 밝히시고. 지난해 초부터인가요? 온라인 활동을 아예 안 하셨어요. 그 결과가 이제 나온 건가요?▶ 자로 <세월X> 제작자:예. 어느 정도 결과가 나왔다고 보시면 될 것 같고요. 그리고 이 다큐를 시작으로 또 다른 시작이 시작된다고 보고 있습니다. 이 다큐를 통해서 지금 통화하신 기자님이나 PD님이나 정치인들이나 언론인들이 해야 될 몫이 또 추가로 따라붙는다고 생각을 하고 있고요. 그런 의미에서 이 다큐는 끝이 아니라 또 다른 시작이라고 생각합니다.▷ 박진호/사회자:네. 진영논리를 벗어나서 진실을 말하고 싶었다. 또 끝이 아니라 시작이다. 이런 말씀을 하셨는데. 저희가 느끼기에는 이게 단순히 감성적으로 하시는 말씀이 아니고 말 그대로 무언가 새로운 수사, 조사가 필요하다는. 지금까지와는 완전히 다른 얘기가 새로 나온다. 이런 말씀 같은데요.▶ 자로 <세월X> 제작자:지금까지와 다른 얘기도 있겠고요, 같은 얘기도 있겠고요, 이미 알려졌지만 사람들이 잘못 알고 있었던 것도 있겠고요, 이미 드러났지만 사람들이 그 중요성을 전혀 인식하지 못했던 것들도 있습니다. 그러한 것들이 무엇인지에 대해서 그냥 말하는 것이 아니라 철저하게 하나부터 끝까지 과학적인 팩트를 가지고 얘기를 하려고 합니다.▷ 박진호/사회자:과학적인 팩트요. 25일 공개하신다고 하셨는데 시간이 대략 몇 시쯤입니까?▶ 자로 <세월X> 제작자:시간은 제가 비밀로 하겠습니다. 알려드릴 수 없습니다.▷ 박진호/사회자:시간을 공개하실 수 없는 이유가 따로 있나요?▶ 자로 <세월X> 제작자:아직까지는 시간을 딱히 확정하지도 않았고요. 그리고 지인 분들이나 유가족 분들이나 이것을 어느 시간에 알리면 가장 효과적일 지에 대해서 조금 더 논의가 필요한 상태입니다.▷ 박진호/사회자:그렇군요. 어디에 공개하실 지도 아직 안 정하셨나요?▶ 자로 <세월X> 제작자:공개하는 곳은 유튜브에 공개를 할 예정입니다. 어느 시간에 이렇게 올리겠다고 하면 너무 사람들이 이런 저런 추측을 하기가 굉장히 쉽고요. 그리고 그러다 보면 잘못된 편견이나 고정관념, 그리고 선입견 같은 것들이 작용하기 쉬울 것 같습니다. 그렇기 때문에 그냥 올라가는 시간에 올라간다고. 그렇게만 말씀드릴게요.▷ 박진호/사회자:혹시 이게 누군가의 사찰, 감시를 피하기 위해서 그렇게 하시는 건가요?▶ 자로 <세월X> 제작자:그런 것은 아닙니다. 그런 게 두렵고 정말 무섭다고 생각을. 물론 두려운 감정이 좀 들기는 하지만요. 그런 것이 두려웠다면 이렇게 공개할 엄두조차 안 냈을 겁니다. 티저 영상을 만들고, 감히 진실을 말하겠다는 이런 표현 같은 것은 절대 쓸 수 없겠죠.▷ 박진호/사회자:예고 영상을 보면 세월호의 진짜 침몰 원인을 파헤친 8시간 49분 필리버스터 다큐멘터리라고 하셨고. 사고 시각 8시 49분에 무슨 일이 있었을까. 이런 내용을 담으셨는데. 이게 8시간 49분을 채울 만큼 내용이 많은 건가요?▶ 자로 <세월X> 제작자:예. 내용은 그 정도로 방대하고요. 그리고 이 8시간 49분 안에 미처 담지 못했던 내용들은 훨씬 더 많다고 생각을 하시면 좋을 것 같습니다. 세월호의 진실은 너무 많은 검증되지 않은 가설들이 한꺼번에 얽혀있다 보니까요. 진실이 완전히 복잡한 실타래처럼 얽혀버렸습니다. 그 복잡한 진실의 실타래를 풀기 위해서는 어떻게 보면 8시간 49분은 최소한의 시간이라고 보시면 좋을 것 같습니다.▷ 박진호/사회자:네. 저희가 느끼기에는 그러면 8시간 동안 그동안 제기된 의혹들이 잘못된 것은 왜 잘못됐는지 부정하고. 이런 식으로 진행이 되고 결국 결론이 끝 부분에 나와서. 끝 부분만 보는 분들도 있을 것 같은데요.▶ 자로 <세월X> 제작자:네. 그러실 분들도 있을 것 같아서 제가 다큐 초입 시작하는 부분에 이런 멘트를 남깁니다. ‘다큐를 일부만 보고 판단하지 마시고 처음부터 끝까지 보신 다음에 판단해 주시면 좋겠습니다’라고 말씀을 드립니다. 그러니까 다큐가 워낙에 내용이 길다 보니까요. 그 내용 안에는 아까도 말씀드렸습니다만 저는 누구의 편을 들지 않았어요. 저는 여당 편도 아니고 야당 편도 아니고, 그렇다고 심지어 유가족 편도 아니고. 오직 그냥 진실의 편에 서서. 그냥 제가 보이는 진실을 말할 뿐이고요. 그리고 진실이 아닌 것은 아니라고 말할 뿐입니다.▷ 박진호/사회자:네. 사실 방송하는 입장에서 보면 이 2시간 다큐멘터리도 긴데. 그 부분이 걱정이 되기는 하네요. 진실이라고 하면 검증 과정 거치셨을 텐데. 어떤 정보를 분석하신 건지 좀 설명을 해주실 수 있나요?▶ 자로 <세월X> 제작자:지금까지 드러났던 거의 모든 자료를 검토했다고 보시면 좋을 것 같습니다. 검찰의 수사 결과라든가, 선원들의 재판 과정, 각종 전문 자료들. 특히 항해학이라던가 조선학, 심지어는 물리학, 유체역학, 그리고 컴퓨터 과학. 그리고 AIS, 레이더, CCTV, 아이들이 남긴 영상이나 사진, 생존자 증언. 이러한 것들을 다각적으로 검토해서 하나의 결론에 이르렀다고 보시면 될 것 같아요.▷ 박진호/사회자:예. 그런데 항해학이나 조선학, 물리학, 유체역학 얘기하셨는데 이게 본인 혼자서 분석이 가능하십니까?▶ 자로 <세월X> 제작자:이 부분에 대해서 제가 직접 분석한 부분도 있고요. 그리고 진짜 믿을 수 있는 전문가를 통해서 분석한 내용도 있습니다.▷ 박진호/사회자:알겠습니다. 많은 정보들일 텐데. 어떻게 입수를 하신 건가요?▶ 자로 <세월X> 제작자:자료들은 사실 일반인들이 쉽게 접할 수 있는 자료들도 물론 있습니다만. 일반인들이 쉽게 접하기 힘든 내용들도 사실 굉장히 많이 포함되어 있습니다. 저 같은 경우에는 세월호 유가족 분 중 한 분과 인연이 돼서요. 그 분을 통해서 민간인들이 접하기 힘든 자료들을 접할 수 있었고요. 그것을 통해서 세월호 참사의 진실을 추적할 수 있었습니다.▷ 박진호/사회자:과거에 올리신 것을 보면 잠수함 충돌설에 대해서는 아닌 것으로 올리셨어요.▶ 자로 <세월X> 제작자:모든 것은 다큐를 통해서 확인을 해주시면 좋겠습니다. 처음에 제가 티저 영상을 만들어 올릴 때는. 제가 사실 이 다큐 만들어놓고 애써 만들었는데 1년 동안 이렇게 고생해서 만들었는데 아무도 안 보면 어떡할까. 그 걱정이 정말 많이 들었어요. 그래서 티저 영상을 만들어서 공개했는데. 이건 제가 상상을 뛰어넘을 정도로 많은 관심을 받게 되다 보니까요. 정말 무성한 근거 없는 낭설들이 또 여기에서 많이 발생을 하더라고요. 전혀 사실이 아닌 내용들, 왜곡된 내용들. 심지어 제가 인터뷰에 응한 내용들조차도 제 진짜 마음이 제대로 전달되지 못하고 왜곡되거나 확장되고 과장된 내용들이 많아서입니다. 더 이상 제가 어떤 특정한 단서를 던지게 되면 오히려 그런 의혹이 확산될 것 같고요. 모든 것은 다큐를 통해서 직접 확인하시면 좋겠습니다.▷ 박진호/사회자:지금 국민들의 관심은 사실 국정조사와 특검 수사에서도 그렇지만 대통령의 세월호 참사 당일 행적, 7시간에 많이 쏠려있어요. 이번에 제작하신 다큐는 세월호의 침몰 원인인데. 이것이 결국 대통령의 7시간과 관련이 있습니까?▶ 자로 <세월X> 제작자:관련이 없을 수가 없다고 생각하고 있습니다. 그러니까 세월호 침몰 원인이 기존에 알려진 것과 만약에 다르다면. 다르다면 정말 7시간 동안 도대체 세월호 사고 원인과 어떤 연관성이 있지 않을까 하는 질문을 던지는 것은 너무나도 합리적인 질문이 되는 겁니다. 그렇기 때문에 이 다큐를 통해 나타나는 세월호의 진상. 제가 말씀드리고 싶은 그 진실이 만약 진짜 침몰 원인이 맞는다고 많은 분들이 공감하게 된다면. 지금까지 조사됐던 모든 세월호에 대한 진상 조사는 다 원점에서부터 재검토를 해야 합니다. 모든 것들이 다 세월호 침몰 원인과 연계해서 다시 생각을 해봐야 됩니다. 그런 의미에서 박근혜 대통령의 7시간 의혹도 여기에서 자유로울 수가 없는 겁니다.▷ 박진호/사회자:정말 결과가 궁금하네요. 그런데 이번에 제작 과정에서 사실 언론인들, 제도권 언론과의 연대 취재를 하면 더 효과적이지 않았을까. 그런 생각도 드는데요.▶ 자로 <세월X> 제작자:연대 취재를 하면 좋은 점도 있지만요. 사실 예전에 제가 네티즌 수사대라는 이름으로 활동했던 계기가 무엇이냐면요. 그 당시에 제가 찾아냈던 진실들을 사실 제가 언론사에 다 제보했습니다. 제가 지금 하고 있는 SBS에도 제보를 했어요. 그런데 이게 묻혔습니다. 아무도 알아주지 않았어요. 아무도 알아주지 않았고, 보도되지 않았고. 그래서 제가 직접 올려버린 겁니다. 그래서 그런 활동들을 계속 하다보니까 저에 대해서 조금씩 알려지기 시작했고요. 그래서 저는 지금까지 네티즌 수사대 자로라는 이름으로 활동하면서 언제나 팩트와 사실에 근거해서만 얘기했고요. 그랬기 때문에 제가 법적으로 휘말리거나 그랬던 일이 한 번도 없었습니다. 왜냐하면 오직 그동안 팩트만을 말해왔기 때문에. 아마 그래서 지금 저에게 정말 과분할 정도로 많은 관심이 쏟아지는 이유가. 제가 그동안 그런 방식으로 움직여왔기 때문에. 그런 어떻게 보면 지금 계신 네티즌 분들과의 신뢰가 어느 정도 형성돼있기 때문에 이런 관심을 받게 된 게 아닌가.▷ 박진호/사회자:다큐멘터리 내용에 따라서는 자로 씨가 좀 역풍을 맞을 수도 있겠다. 이런 생각도 좀 듭니다.▶ 자로 <세월X> 제작자:역풍이라고 한다면 제가 제기한 다큐의 내용이 비합리적이거나, 사실과 다르거나. 이럴 경우에는 당연히 역풍을 맞아도 쌉니다. 그리고 그런 역풍을 맞을 것이라는 확신이 만약에 제가 들었더라면 절대 이 다큐를 공개하는 일은 없었을 겁니다. 그것도 감히 세월호의 진실, 침몰 원인을 말하겠다고. 이제껏 아무도 제대로 밝혀내지 못했고, 검찰이나 아니면 언론들이나, 탐사보도 매체에서도 제대로 밝혀내기 힘들었던 그것을 감히 밝히겠다고 말하지는 못했을 겁니다. 그 정도로 치열하게 준비했고 많은 공을 들여 만든 다큐라는 점을 반드시 알아주시면 좋겠습니다.▷ 박진호/사회자:혹시 청취자 여러분이나 세월호 유가족 분들에게 하고 싶은 얘기가 있으십니까?▶ 자로 <세월X> 제작자:청취자 분들에게는 이런 말씀을 드리고 싶어요. 정말 많은 분들이 걱정을 해주시고 계세요. 제 신변의 안전에 대해서. 오죽하면 저도. 댓글들을 보면요. 저는 괜찮은데 가족들이 너무 걱정을 많이 하고 계세요. 제 아버님이 저에게 전화하시더니 인터넷에서 너를 봤다. 왜 그러냐면서 우시면서. 왜 이것을 꼭 캐야 하느냐, 왜 네가 해야 되느냐. 그런 얘기도 많이 하시고요. 그래서 어떻게 보면. 심지어 사람들이 라면도 먹지 말아라, 등산도 가지 말아라, 밤길 혼자 가지 말아라. 이런 댓글들이 무수하게 쏟아집니다. 저에 대해서 걱정해주시는 것 정말 감사드리고요. 분명히 말씀드리고 싶으신 것은 이 얘기는 지금 드릴게요. 저는 평소처럼 라면도 먹을 것이고요, 등산도 갈 것이고요, 밤에 혼자 다닐 것이고. 그냥 평소처럼 행동할 겁니다. 우리나라에서는 왜 진실을 말하겠다는 사람을 왜 이렇게 피해야 하는지. 저는 그 편견도 좀 깨보고 싶어요. 진실을 말하는 것은 생각보다 위험하지 않고 진실을 말하면 오히려 정말 많은 사람들이 보호해준다는 것을 몸소 보여주고 싶기도 하고요. 그리고 우리 유가족 분들. 제가 누군지 아시는 유가족 분들 정말 많고. 개인적으로 친분 있는 유가족 분들도 많고. 그래서 걱정해주시고 아껴주시고 격려해주시고. 또 제 다큐를 미리 보고 응원해주신 분들 정말 많습니다. 그 분들께 말씀드리지만. 저는 정말 아이들이 왜 희생됐는지 알려주고 싶어요. 그리고 그것을 알려주는 것이 지금 제가 제일 잘 할 수 있는 저만의 추모 방식이라고 저는 생각합니다. 아이들이 왜 희생될 수밖에 없었고, 그리고 왜 구조가 지연될 수밖에 없고, 그리고 왜 세월호 선체가 이렇게 인양되지 않고 계속 차일피일 미루고, 선체는 훼손되는지에 대해서 정말 같이 고민해보고 싶고. 정말 제대로 된 진상 규명을 지금부터 제대로 시작해보고 싶습니다. 유가족 분들 정말 힘내시면 좋겠어요.▷ 박진호/사회자:네. 국민들이 목말라 하는 진실이 나오기를 좀 기대해 보겠습니다. 오늘 말씀 감사합니다.▶ 자로 <세월X> 제작자:※ ⓒ SBS & SBS콘텐츠허브 : 무단복제 및 재배포 금지☞ [스페셜] 박근혜 대통령 - 최순실 게이트의 모든 것"
172,2016-12-23,20~40대 '혼술남녀' 66%…집에서 요일 상관없이 맥주 4잔,https://news.naver.com/main/read.nhn?mode=LSD&mid=shm&sid1=102&oid=421&aid=0002469188,뉴스1,"tvN 드라마 ‘혼술남녀’ 포스터© News1star / CJ E&M2016년 하반기 주류 소비·섭취 조사 결과고위험음주 여성이 남성보다 높아(서울=뉴스1) 민정혜 기자 = 최근 6개월 동안 혼자서 술을 마시는 이른바 '혼술'을 경험한 남녀는 66.1%로 조사됐다. 2015년 1인 가구가 520만명을 넘어서며 의식주를 모두 혼자서 해결해야 하는 생활상이 음주 문화에도 반영된 것으로 보인다.혼술은 보통 편안하게 술을 마시기 위해 집에서 요일과 상관없이 이뤄졌다. 혼술을 할 때는 과자 안주와 어울리는 맥주 등을 선호했다. 여성이 남성보다 고위험음주량 비율이 높았고, 모든 주종에 있어 세계보건기구(WHO)가 제시한 적정량 보다 더 많이 마시고 있었다.© News1식품의약품안전처가 지난 11월23~27일 전국 17개 시·도에  거주하는 2000명의 20~40대를 대상으로 설문조사를 한 결과, 최근 6개월 내에 혼술 경험이 있는 응답자는 66.1%, 이들 중 6개월 전에 비해 혼술이 늘었다는 응답자는 25.5%로 조사됐다.혼술 이유는 '편하게 마실 수 있어서'(62.6%), '스트레스를 풀기 위해서'(17.6%) 등이 큰 비중을 차지했다. 혼술 장소는 비용이 저렴하고 편안한 집(85.2%)이 대다수를 차지했다. 혼술을 하는데 요일은 큰 영향을 미치지 않았다.혼술을 할 때는 주로 도수가 낮은 맥주를 마셨다. 소주, 와인 등 과실주, 막걸리 등 탁주, 위스키가 그 뒤를 이었다. 20~30대는 맥주 등을 선호했지만 40대는 소주 등 비교적 도수가 높은 술을 마시는 경향이 있었다.한번 혼술을 하면 평균 맥주(200ml) 4잔, 소주(50ml) 5.7잔, 과실주(100ml) 2.6잔, 탁주(200ml) 2.7잔, 위스키(30ml) 3.1잔을 마시는 것으로 조사됐다.혼술을 할 때 먹는 안주는 과자류(40.9%), 고기, 소시지 등 육류(33.0%), 건포?견과류(26.7%)가 선호됐고 8%는 안주를 먹지 않았다. 혼술을 할 때 우려되는 부분은 건강(27.4%), 대인관계(14.2%), 음주량 조절(13.6%) 등이었다.© News1혼술을 할 때는 여럿이 마실 때 보다 음주량은 줄었으나, 그럼에도 37.9%가 WHO가 제시한 고위험음주량 이상을 마신 것으로 조사됐다.특히 여성(40.1%)이 남성(36.1%)보다 고위험음주량 비율이 높았다. WHO가 제시하는 고위험음주량은 알코올 도수 4.5%인 맥주(200ml)를 기준으로 남자 8.3잔, 여자 5.6잔, 알코올 도수 17%인 소주(50ml)를 기준으로 남자 8.8잔, 여자 5.9잔이다.더욱이 여성은 모든 주종에 있어 WHO가 제시한 저위험음주량 보다 더 많이 마시고 있었다. 여성은 주종별 1회 평균음주량이 맥주 3.6잔, 소주 5.2잔, 과실주 2.6잔, 탁주 2.3잔이었다. WHO 저위험음주량과 비교했을 때  각각 0.8잔, 2.3잔, 0.8잔, 0.2잔 더 많이 마셨다.남성은 혼술을 할 때 보통 맥주 4.4잔, 소주 6.0잔, 과실주 2.5잔, 탁주 2.8잔을 마셨는데 WHO 저위험음주량 각각 5.6잔, 5.9잔, 3.6잔, 4.2잔 이하보다 소주를 제외하고 약 1잔 정도 덜 마셨다.mjh@▶ 놓치면 후회! 최신 만화 보기 / 2017년 나의 운세 보기[© 뉴스1코리아(news1.kr), 무단 전재 및 재배포 금지]"
173,2016-12-23,오늘부터 모든 담뱃갑에 흡연경고 그림,https://news.naver.com/main/read.nhn?mode=LSD&mid=shm&sid1=102&oid=081&aid=0002784549,서울신문,"[서울신문]종양 덩어리를 입에 문 구강암 환자, 담배 연기를 쐬고선 눈이 충혈된 어린이, 흡연으로 폐암에 걸린 환자의 수술 장면 등 오싹한 흡연폐해 경고그림이 23일부터 모든 담뱃갑에 부착된다. 1986년 담뱃갑에 경고 문구가 표기된 지 30년, 1905년 국내 최초 궐련 담배인 ‘이글’이 생산된 때부터 111년 만이다.양성일 보건복지부 건강정책국장이 22일 정부세종청사 복지부 브리핑룸에서 23일부터 생산되는 모든 담뱃갑에 흡연 폐해를 나타내는 경고그림이 표기된다고 밝히고 있다. 왼쪽은 경고그림이 표기된 담뱃갑.세종 연합뉴스지난해 국회를 통과한 개정 국민건강증진법에 따라 담배 회사는 23일부터 생산되는 모든 담배에 경고그림을 넣어야 한다. 다만 기존에 만들어놓은 담배 재고가 소진돼야 하기 때문에 실제 시중에서 경고그림이 표기된 담배를 보는 것은 이르면 1월 중순 이후가 될 전망이다. 보건복지부는 국민에게 경고그림 시행을 알리는 차원에서 서울역과 광화문 등 서울 도심 편의점 5곳을 지정해 경고그림이 인쇄된 담뱃갑을 진열하기로 했다.담뱃갑에는 모두 10종의 경고그림과 경고문구가 들어가며 위치는 시선이 먼저 향하는 담뱃갑 상단이다. 브랜드를 나타내는 광고 디자인은 담뱃갑 하단으로 밀렸다. 현행 규정상 경고그림은 담뱃갑의 30% 이상을 차지해야 하며, 경고문구까지 포함하면 절반을 채우게 된다. 경고그림은 2년 주기로 교체해야 하고, 흔히 피우는 궐련뿐만 아니라 전자담배, 씹는 담배, 냄새 맡는 담배 포장에도 들어간다.담뱃갑 경고그림은 대표적인 비(非)가격 금연 정책으로, 2001년 캐나다에서 처음 도입했으며, 유럽연합(EU) 28개 국가 등 현재 101개국에서 시행하고 있다. 우리나라는 2002년부터 11차례 담뱃갑 경고그림 도입을 시도했지만 담배 회사의 로비로 관련 법 개정안이 번번이 국회 문턱을 넘지 못하다가 13년 만인 지난해 6월 뒤늦게 결실을 보았다.담뱃갑 경고그림의 효과는 앞서 경고그림을 도입한 국가에서 입증됐다. 경고그림 제도를 도입한 호주와 캐나다 등 주요 18개국의 흡연율이 도입 전보다 평균 4.2% 포인트 감소했고, 2002년에 경고그림 제도를 도입한 브라질은 흡연율이 13.8% 포인트나 떨어져 18개국 중 가장 큰 효과를 봤다. 양성일 복지부 건강정책국장은 “우리나라도 이 정도의 효과가 있을 것으로 기대한다”고 말했다. 정부는 지난해 기준 39.3%인 성인 남성 흡연율을 2020년까지 29%로 낮춘다는 목표를 세웠다.강력한 비가격 금연정책으로 꼽히는 경고그림이 시행됐지만 넘어야 할 산은 많다. 우선 편의점 점주들이 매출 하락을 우려해 경고그림이 보이지 않도록 담뱃갑을 진열하거나 경고그림이 없는 기존 담배를 앞에 세워 가릴 수 있다. 복지부는 점주들이 이런 행위를 하지 못하도록 국민건강증진법을 개정해 조만간 입법예고할 계획이다.담배 회사들이 경고그림 담배 진열 시기를 최대한 늦추고자 23일 이전 경고그림 없는 담배를 대량 생산해 재고를 쌓아뒀을 가능성도 있다. 담배는 생산된 지 6개월이 지나면 맛이 변하기 때문에 이 경우 최대 내년 6월까지 경고그림이 없는 담배를 판매할 수 있다. 복지부 관계자는 “최근 국내 5개 담배공장을 현장 점검해 다른 창고로 재고를 빼돌린 것은 없는지 확인했다”며 “큰 이상은 발견하지 못했지만 지속적으로 모니터링할 계획”이라고 말했다.국민건강증진법 제9조 ‘(경고그림은) 지나치게 혐오감을 주지 않아야 한다’란 조항을 들어 흡연자 단체나 판매인 협회에서 소송을 제기할 가능성도 있다. 관철되지는 않았지만 이미 행정예고 기간에 한국담배판매인회 등에서 ‘혐오감’을 이유로 10개 경고그림 중 5개 그림 삭제를 요구한 바 있다.세종 이현정 기자 hjlee@seoul.co.kr▶  재미있는 세상[나우뉴스], [웰 메이드 N]▶ [인기 무료만화] [페이스북]ⓒ 서울신문(www.seoul.co.kr), 무단전재 및 재배포금지"
174,2016-12-23,'지진나면 5단계 조치'…학교 재난유형 교육·훈련 매뉴얼 보급,https://news.naver.com/main/read.nhn?mode=LSD&mid=shm&sid1=102&oid=001&aid=0008910023,연합뉴스,"(세종=연합뉴스) 황희경 기자 = 지진과 폭염 등 각종 재난에 대비해 학교현장에서 교육과 훈련 요령을 제시한 매뉴얼이 새롭게 개발돼 보급된다.교육부는 학교현장 재난유형별 교육·훈련 매뉴얼을 개정해 각 학교에 보급한다고 23일 밝혔다.매뉴얼 개정은 올해 9월 경주 지진 당시 일부 학교가 적절하게 대처하지 못했고 기존 매뉴얼의 현실성이 떨어진다는 지적에 따른 것이다.개정 매뉴얼은 재난유형을 자연 재난과 사회 재난, 기타 재난으로 분류하고 17개 유형을 제시해 교육과 훈련을 하도록 했다.기존 매뉴얼은 재난유형에 따라 교육과 훈련 부문으로 구별돼 있어 지진의 경우 훈련 부문에만 대피 매뉴얼이 있었다.개정 매뉴얼은 재난유형별로 재난 정의와 상황 단계별 학교 조치사항, 장소·시간에 따른 학생 행동요령, 참고사항을 제시했다.매뉴얼에는 특히 지진 관련 내용이 보강됐다.학교는 지진 상황에 따라 안전확보-대피-긴급대응방안 강구(대책회의)-학생안전조치-상황반 운영 등 5단계 조처를 해야 한다.지진상황/단계별 학교조치사항[교육부 제공]화학물질 유출 사고와 통학버스·교통안전 등 새로운 재난·안전사고 유형도 매뉴얼에 새로 포함됐다.앞서 교육부는 지난달 학교현장 재난대응 훈련 가이드를 각 학교에 배포하고 학급에도 의무적으로 재난 발생시 행동요령을 비치하도록 했다.새로 마련된 매뉴얼은 교육부 홈페이지(www.moe.go.kr)와 학교안전정보센터 홈페이지(www.schoolsafe.kr)에서 내려받을 수 있다.zitrone@yna.co.kr"
175,2016-12-23,마지막 증인도 미용시술 부인…의혹만 커진 '주삿바늘 흔적',https://news.naver.com/main/read.nhn?mode=LSD&mid=shm&sid1=100&oid=020&aid=0003029442,동아일보,"[동아일보][우병우 청문회]조여옥 前청와대 간호장교 출석줄줄이 불출석… 텅빈 청문회장 22일 최순실 국정조사특별위원회 청문회에 2014년 세월호 참사 당시  박근혜 대통령의 행적 조사와 관련해 조여옥 전 청와대 의무실 간호장교가 출석해 선서하고 있다(위쪽 사진). 그러나 이날 청문회는  증인 18명 가운데 2명만 출석해 ‘맹탕 청문회’라는 비판이 나왔다. 사진공동취재단“(박근혜 대통령) 얼굴에 주사를 놓은 적 없습니다. 목에도 놓은 적 없어요.”전 청와대 간호장교 조여옥 대위는 담담하지만 분명하게 말했다. ‘세월호 7시간’ 의혹을 풀 ‘마지막 열쇠’로 불린 그는 22일 최순실 국정 농단 국정조사특위 청문회에 증인으로 출석해 ‘박 대통령이 세월호 참사 당일 미용 등 의료 시술을 받지 않았나’라는 의혹을 부인했다.미국 연수 중 귀국한 조 대위는 청문회에서 ‘대통령이 필러나 리프팅 시술을 했나’라는 국조위원들의 질문에 “없다”라고 답했다. 조 대위는 향정신성 수면마취제 ‘프로포폴’ 사용 의혹에 대해서도 “(프로포폴을) 본 적 없다. 청와대에 구비하지 않았다”라고 밝혔다. 다만 그는 박 대통령을 포함해 청와대 직원 10여 명에게 자신이 태반, 백옥, 감초주사 등을 처치했다고 밝혔다. 그러나 박 대통령의 불면증과 수면제 처방에 대해서는 “개인 의료 정보라 말하기 어렵다”라고 했다.그는 ‘비선 진료’ 의혹을 받은 최순실 씨 단골 성형외과 의사인 김영재 원장, 대통령 자문의 김상만 전 녹십자 아이메드 원장에 대해서도 “한 번도 본 적이 없다”라고 밝혔다. 이들이 근무한 김영재의원, 차움의원에도 “가 보지 않았다”라고 답변했다. 청문회 참석 전 기무사와 접촉했다는 의혹에 대해서도 “어느 기관도 접촉한 적이 없다”라고 말했다.앞서 14일 청문회에 증인으로 참석했던 김영재, 김상만 원장을 비롯해 이병석, 서창석 전 대통령 주치의, 김원호 전 청와대 의무실장, 정기양 전 피부과 자문의, 이선우 청와대 의무실장, 신보라 전 청와대 간호장교도 모두 “성형 시술을 한 적이 없다”라거나 “성형 시술 자체에 대해 알지 못한다”라고 말했다.증언이 모두 사실이고 박 대통령만 아는 제3의 비선 의사가 없다면 세월호 참사 당일 의료 시술은 없었다는 추론이 가능하다.하지만 박영수 특별검사팀이 규명해야 할 사안이 있다는 의견이 나온다. 그 누구도 ‘시술한 적이 없다’고 했지만 각종 사진 자료에 대한 성형 전문의 분석을 통해 박 대통령은 미용 관련 시술을 받아 왔다는 것이 기정사실화된 상태다.2014년 1월 신년 기자회견, 같은 해 5월 국무회의 사진 속 박 대통령 얼굴에는 필러 시술로 인한 멍과 주삿바늘 자국이 선명했다. 세월호 참사 닷새 후인 2014년 4월 21일에 열린 대통령수석비서관회의 사진 속 박 대통령 왼쪽 턱에도 리프팅 관련 주삿바늘 자국이 있다는 의혹이 최근 제기됐다. 이 때문에 의료 게이트 관련 의료인 중 누군가가 위증했을 가능성도 배제할 수 없다는 관측이 나온다.이날 청문회에서 조 대위는 “세월호 참사 당일 의무동에서 근무했다”라는 기존 해명(1일 언론 인터뷰)을 뒤집고 “기억이 잘 안 나 헷갈렸다. 당시 일반 직원을 치료하는 의무실에서 근무했다”라고 말을 뒤집어 말 바꾸기 논란이 일었다. 대통령 진료를 담당하는 의무동은 관저 바로 옆에, 청와대 직원들을 책임지는 의무실은 경호실 건물 내에 있다. 또 ‘박 대통령에게 투여할 약을 청와대 외부에서 타온 적이 있나’라는 질문에 조 대위는 “기억에 없다”고 반박하다가 국조위원들의 질타가 이어지자 “한 번 정도는 있다”고 밝혔다. 이제 남은 의혹 규명은 특검의 과제가 됐다.김윤종　기자 zozo@donga.com▶ 동아일보 단독/동아일보 공식 페이스북▶ 어제 못본 TV 명장면이 궁금하다면 'VODA'ⓒ 동아일보 & donga.com, 무단 전재 및 재배포 금지"
176,2016-12-23,"""답변서 구체적 설명 부족""…朴측 꼬집은 헌재",https://news.naver.com/main/read.nhn?mode=LSD&mid=shm&sid1=100&oid=005&aid=0000960873,국민일보,"박근혜 대통령 탄핵심판 첫 공개심리가 열린 22일 서울 종로구 헌법재판소 소심판정에서 헌법재판관들과 박 대통령 측 변호인, 국회 소추위원들이 준비기일을 진행하는 모습을 방청객들이 지켜보고 있다. 이병주 기자박근혜 대통령의 탄핵심판에 본격 착수한 헌법재판소가 탄핵소추 사유를 5가지 유형으로 대별, 효율적인 변론을 진행하겠다고 22일 밝혔다. 신속한 결론을 촉구하는 국민적 여론을 받아들여 국정 공백으로 인한 사회적 손실을 최소화하겠다는 의지로 풀이된다. 헌재는 증거조사에도 속도를 내겠다는 입장을 피력했다.헌재는 박 대통령 측이 제출한 답변서를 두고 구체적인 설명이 부족하다는 취지로 날카로운 질문을 던졌다. 박 대통령 측이 여론조사와 촛불집회를 언급한 부분에 대해서는 “어떻게 이해해야 하느냐”고 묻기도 했다. 헌재가 ‘세월호 7시간’ 의혹에 대해 응답할 것을 석명(釋明)하자 소추위원 측과 박 대통령 측의 표정은 판이하게 달라졌다.헌재는 애초 5가지 헌법 위반, 4가지 법률 위반으로 지적됐던 박 대통령의 탄핵소추 사유를 5가지의 굵직한 주제로 단순화하는 것이 어떻겠느냐고 양측에 제안, 동의를 얻었다. 헌재가 스스로 정리해 당사자들에게 제안한 5가지 유형은 비선조직에 따른 인치주의, 대통령으로서의 권한 남용, 언론의 자유 침해, 생명권 보호의무 위반, 뇌물수수 등 각종 형법 위반 등이다. 2004년 노무현 전 대통령 탄핵심판 당시 소추 사유를 하나하나 따지지 않고 굵직한 유형별로 판단했던 선례를 따른 것이다.헌재의 조치는 결국 신속한 재판의 목적으로 풀이된다. 주심 강일원(57·사법연수원 14기) 재판관은 “헌재가 직권으로 증거조사도 하고 있고 신속한 해결을 위해 노력하는 걸 잘 알 것”이라고 말했다. 박 대통령 측이 “위조를 의심하지 않는다”며 국정조사 특별위원회 조사록 등의 증거 채택에 즉시 동의하자 이진성(60·10기) 재판관이 “그러한 자세가 원활한 재판 진행에 도움이 될 것”이라며 감사를 표하기도 했다.이런 헌재는 검찰 측의 수사기록을 참고할 예정임을 재차 강조했다. 증거조사 분야의 준비절차를 담당한 이진성 재판관은 “최순실 사건 변호인들이 이미 수사기록을 확보했다는 보도가 있다”며 “이미 시중에 나온 상황이라면, 검찰에 대해 헌재가 정중하고도 강력하게 수사기록을 인증등본 형식으로 재판부에 보내줄 것을 촉구한다”고 말했다. 강 재판관은 “송부가 안 되면 주심인 제가 문서가 있는 곳으로 가서 서증조사를 시행하겠다”고도 말했다.준비절차기일에서 첫 대면한 양측은 별다른 공방을 벌이지 않았지만, 헌재가 대통령 측 대리인단을 향해 날카로운 질문을 이어가 눈길을 끌었다. 강 재판관은 박 대통령 측을 향해 “(답변서가) 일종의 가정적 주장으로 보이는데, 기소된 부분은 사실관계를 인정하는 것인지 취지가 분명하지 않은 것 같다”고 말했다. 박 대통령 측이 최순실의 책임을 피청구인(박 대통령) 책임으로 돌릴 수 없다, 범죄행위가 입증돼도 피청구인 책임으로 연관할 수 없다고 답변한 내용에 대한 질문이었다. 대리인단은 “차후 확인해 답변하겠다”고 말했다.강 재판관은 “피청구인이 10월 25일 대국민 담화문을 통해 ‘청와대 보좌체계가 완비될 때까지 도움을 받은 사실이 있다’고 발언했는데, 구체적으로 어디까지 도움을 받았고 무엇을 받았는지 분명하지 않다”고도 말했다. 탄핵소추 사유를 부인하지만 말고 구체적인 사실관계로 반박을 하라는 속뜻이 담겨 있었다. 제2차 준비절차기일은 27일 오후 2시 열린다.이경원 양민철 기자 neosarim@kmib.co.kr, 사진=이병주 기자[국민일보 홈페이지][페이스북][트위터][국민일보 꿀잼영상 바로가기]GoodNews paper ⓒ국민일보(www.kmib.co.kr), 무단전재 및 재배포금지[뉴스 미란다 원칙] 취재원과 독자에게는 국민일보에 자유로이 접근할 권리와 반론·정정·추후 보도를 청구할 권리가 있습니다. 고충처리인(gochung@kmib.co.kr)/전화:02-781-9711"
177,2016-12-23,"미 국무부 '2016 세계군비보고서'…美 군비, 中의 6배",https://news.naver.com/main/read.nhn?mode=LSD&mid=shm&sid1=104&oid=003&aid=0007669764,뉴시스,"【남중국해=신화/뉴시스】12일로 예정된 네덜란드 헤이그의 상설중재재판소(PCA)의 남중국해 영유권 분쟁 판결을 앞두고 중국군은 지난 5일부터 남중국해 파라셀 군도(중국명 시사 군도)에서 군사훈련을 벌였다.사진은 지난 8일 남중국해에서 군사훈련이 진행되는 가운데 중국군 구축함에서 방공미사일이 발사되는 모습. 2016.07.11【서울=뉴시스】오애리 기자 = 미국 국무부는 22일(현지시간) 홈페이지에 공개한 '2016 세계 군비 지출 및 무기 이전 보고서(World Military Expenditures and Arms Transfers 2016)'에서, 2004-2014년 세계 군비지출이 26-44% 증가했다고 밝혔다. 2004년 1조2500억-1조7900억 달러에서 2014년 1조7000억-2조5800억달러로 늘어났다는 것이다.구매력평가(PPP)기준 국내총생산(GDP) 대비 군비지출, 즉 '군비부담'은 같은 기간동안 2.0-2.5%를 기록했으며, 지난 2009년에 2.2-2.8%로 최고를 기록했다가 이후 다소 하락했다고 지적했다.특히 GDP 대비 군비지출에 있어 북한은 23.3%를 기록해 경제수준 기준으로 세계에서 군비 부담이 가장 큰 국가라고 보고서는 평가했다. 2위 오만 11.4%보다 거의 2배 수준이다. 한국은 2.6%로 47위로 평가됐다. 다만 군사비는 북한이 11년간 평균 35억1000만달러로, 한국의 301억 달러와는 큰 차이를 나타냈다.한편 보고서에 따르면 미국은 평균 7010억 달러(약844조원)의 군비를 사용해 세계 1위를 유지했다. 2위인 중국은 1140억 달러로 미국의 약 6분의 1 수준인 것으로 나타났다. 국무부는 지난 해 보고서에서는 미국이  7240억 달러의 군비를 지출했고, 중국은 1260억 달러를 지출해 약 5분의 1 수준이라고 평가한 바 있다.올해 보고서에 군비지출 세계 3위 국가는 영국으로 656억 달러를 기록했다. 4위 프랑스 602억 달러, 5위 러시아 556억 달러, 6위 일본 529억 달러, 7위 독일 477억 달러, 8위 사우디아라비아 403억 달러, 9위 인도 364억 달러,10위 이란 334억 달러, 한국 301억달러 순이다.또 보고서는 11년동안 전 세계 군 종사자를 평균 2110만명으로 평가하고, 2008년에 2130만명으로 최고를 기록했다고 지적했다.동 기간동안 전 세계 무기 비용은 평균 1510억달러로, 2004년 1080억 달러에서 2014년 1830억 달러로 74%나 증가했다. 특히 무기 공급의 79%가 미국에 의해 이뤄졌고, 유럽연합 회원국이 10%, 러시아가 5%, 그리고 중국은 2%가 안됐다고 보고서는 지적했다. 미국은 연간 1200억 달러의 무기를 수출했으며, 정확한 데이터는 없지만 연간 약 50억 달러 규모의 무기를 수입하는 것으로 추정된다고 보고서는 밝혔다.aeri@newsis.com뉴시스 뉴스, 네이버 뉴스 스탠드에서도 만나세요뉴시스 SNS [페이스북] [트위터]<저작권자ⓒ 공감언론 뉴시스통신사. 무단전재-재배포 금지.>"
178,2016-12-23,"조여옥 대위 동기생 이슬비, 청문회 동행…'감시' 논란",https://news.naver.com/main/read.nhn?mode=LSD&mid=shm&sid1=100&oid=437&aid=0000142075,JTBC,"[앵커]우병우 전 청와대 민정수석과 조여옥 전 청와대 간호장교가 증인으로 출석한 국회 국정조사 다섯번째 청문회가 오늘(23일) 자정을 조금 넘겨 끝이 났습니다. 결국 이번 청문회는 최순실 없는 최순실 청문회가 될 것인지, 특위는 다음주 월요일에 구치소 현장청문회를 진행하기로 했지만 역시 강제구인은 할 수 없고 의원들이 구치소에 간다 해도 증인이 나오지 않을 가능성도 있습니다.우병우 청문회라고 불린 어제 청문회에서 눈여겨볼 부분도 짚어드리면 예상대로 우 전 수석은 잘 빠져나갔습니다. 하지만 참고인으로 나왔다가 청문회 도중에 증인으로 신분이 바뀐 노승일 K스포츠재단 부장이 우 전 수석의 주장을 뒤집는 증언들을 쏟아냈고, 이런 폭로들이 이번 국정농단 사건에 또 어떤 영향을 미칠지 주목됩니다. 먼저 국회 취재기자 연결해서 청문회 소식을 좀 자세히 들어보겠습니다.이윤석 기자. 자정 쯤 끝났다고 하는데, 청문회 막바지에 새로 나온 얘기들 있습니까?[기자]네, 그렇습니다. 청문회가 끝나갈 때 쯤 새로운 의혹이 제기됐습니다.더불어민주당 박영선 의원은 ""하루 종일 조여옥 대위를 지켜봤던 동행인이 있다""며 누구인지 밝힐 것을 요구했습니다.군 당국이 청문회 증인인 조 대위를 감시하고 통제하고 있는 것 아니냐는 의혹 제기였는데요.이 여성은 국군수도병원 중환자실에 근무하는 이슬비 대위였습니다.이 대위는 ""조 대위와 간호사관학교 1학년 때부터 친한 동기다. 원래 휴가였는데 공교롭게 청문회가 열린다고 해서 이 자리에 왔다""며 ""국방부가 공가 처리로 바꿔준다고 들었다""고 말했습니다.위원들은 ""사적으로 나왔는데 어떻게 공가 처리가 되느냐""며 ""이는 명백한 군법 위반""이라고 질타했습니다.[앵커]잠시 뒤 저희가 자세히 전해드리겠지만, 조 대위의 국군수도병원 발령도 논란이었다고요?[기자]네, 그렇습니다. JTBC 보도 직후 정의당 윤소하 의원은 ""조 대위는 청문회가 끝나면 미국으로 간다고 했는데, 지난 20일 국군수도병원 중환자실로 발령이 났다""고 지적했습니다.하지만 조 대위는 ""연락을 받지 못했다""고 말했습니다.해당 근무지는 주·야 교대근무를 하기 때문에 외부 접촉이 쉽지 않은 곳입니다.또 이용객들의 면회나 내부 접촉도 제한됩니다.때문에 군 당국이 조 대위를 언론 접촉으로부터 차단시키려 한 것 아니냐는 지적이 나오고 있습니다.[앵커]다음주 월요일에 현장 청문회, 구치소에서요. 진행이 된다고 하던데 최순실씨가 나올 거라고 보장할 수 없는 상황이라고요.[기자]일단 다음 주 월요일에 현장 청문회가 진행되는 것은 확실합니다.국조특위는 다음 주 월요일 오전 10시 서울구치소에서 최순실 씨에 대한 현장청문회를, 오후 2시엔 남부구치소에서 안종범 전 수석과 정호성 전 비서관에 대한 현장청문회를 진행하기로 의결하고 동행명령장도 발부했습니다.다만 문제는 동행명령장이 발부되더라도 강제로 구인을 하는 건 불가능하다는 점입니다.입법부가 사법부의 고유 권한을 침해할 수 없다는 내용의 판례 때문인데요.이 때문에 현장에 의원들이 도착한 이후 증인이 나오지 않아서 청문회 자체가 무산될 가능성도 배제할 수 없는 상황입니다.국조특위의 한 위원은 ""그렇더라도 우리가 직접 가는 것만으로도 그들에게 상당한 압박이 될 것""이라고 말했습니다.이윤석▶ JTBC 뉴스 공식 SNS[트위터][페이스북][유튜브]Copyright by JTBC(http://jtbc.joins.com)and JTBC Content Hub Co., Ltd. All Rights Reserved. 무단 전재 및 재배포 금지"
179,2016-12-23,"트럼프·푸틴 ""핵능력 강화"" 주장, WP ""핵경쟁 망령 부활 우려""",https://news.naver.com/main/read.nhn?mode=LSD&mid=shm&sid1=104&oid=001&aid=0008910072,연합뉴스,"트럼프 ""美 핵능력 대폭 강화·확장해야"", 푸틴 ""핵 전투력 강화""트럼프 측 ""불량 정권에 핵확산 막야아 한다는 의미""…서둘러 진화(워싱턴=연합뉴스) 강영두 특파원 = 도널드 트럼프 미국 대통령 당선인이 22일(현지시간) 미국의 핵 능력을 대폭 강화·확장하겠다고 밝혔다.미국과 더불어 양대 핵 강국인 러시아의 푸틴 대통령이 핵 전투력 강화 방침을 밝히자 곧장 맞불을 놓은 것이다.미·러가 과거 냉전시대의 핵무기 경쟁 체제로 재돌입하는 게 아니냐는 우려가 나오고 있다.트럼프 당선인은 이날 트위터 계정을 통해 ""미국은 세계가 핵무기에 대한 분별력을 갖게 되는 시점까지는 핵 능력을 큰 폭으로 강화하고 확장해야 한다""고 말했다.트럼프 ""美 핵능력 크게 강화·확장해야""    (팜비치<미 플로리다주> AFP=연합뉴스) 미국 플로리다주 팜비치의 마라라고 리조트에 머물고 있는 도널드 트럼프(왼쪽) 미 대통령 당선인이 지난 21일(현지시간) 미 국방부 장성들과 면담한 뒤 현관에서 배웅하며 악수하는 모습.트럼프 당선인의 이 같은 발언은 푸틴 러시아 대통령이 핵 전력 강화를 강조한 것으로 알려진 지 몇 시간 만에 나왔다.푸틴 대통령은 이날 오전 모스크바에서 국방 문제에 대해 연설하며 ""전략 핵무기부대의 전투력을 강화해야 한다""며 ""특히 현존하거나 앞으로 개발될 미사일 방어체계를 돌파할 수 있을 정도로 미사일의 성능이 강화돼야 한다""고 말했다.그는 또 ""힘의 균형에 어떤 변화가 생기는지, 특히 러시아 국경을 따라 형성되는 정치·군사적 상황이 어떻게 변화하는지를 면밀히 주시해야 한다""고 강조했다.트럼프 당선인과 푸틴 대통령이 동시에 핵전력 강화론을 펴면서 향후 양국 간 '핵 치킨게임' 돌입 가능성에 대한 우려를 낳았다.워싱턴포스트(WP)는 ""양국이 핵무기의 수와 크기를 줄기 위해 수십 년에 걸친 노력을 되돌릴 수 있는 새로운 군비 경쟁의 망령을 불러일으키고 있다""고 지적했다.미국과 옛 소련이 1980년대 후반부터 이어온 핵무기 감소 추세가 멈추거나, 증가세로 돌아서는 계기가 될 수 있다는 것이다.WP는 이어 ""버락 오바마 대통령이 추구하는 '핵무기 없는 세상' 정책이 그대로 이어지지 않을 것이라는 우려를 불러일으키기에는 충분하다""고 우려했다.오바마 대통령은 2009년 4월 체코 프라하에서 연설을 통해 '핵무기 없는 세상'이라는 비전을 제시하고, 세계를 핵전쟁의 위협에서 해방하겠다고 선언했다.이어 미·러는 1991년 체결돼 만료된 전략무기감축협정을 대체할 후속협정 협상을 1년 만에 마무리짓고, 이듬해 양국 정상이 참석한 가운데 조인식을 가졌다.새 협정은 장거리 핵탄두를 2천200기에서 1천600기로 줄이고, 지상과 해상에 배치된 미사일을 1천600기에서 800기로 감축하는 내용을 담았다.그러나 푸틴 대통령은 지난 10월 ""미국의 러시아에 대한 비우호적 행동으로 전략적 안정성에 대한 위협이 생기고 있다""며 미국과 체결한 무기급 플루토늄 관리 및 폐기 협정(PMDA)을 잠정 중단하도록 지시하고, 이후 강경 후속 조치를 잇달아 내놓는 등 미국과 핵무기 경쟁을 불사하겠다는 의지를 보여왔다.트럼프 당선인은 트위터 발언 이후 미·러 간 핵경쟁 우려로 논란이 번지자 서둘러 진화에 나섰다.그의 대변인 제이슨 밀러는 ""트럼프 당선인의 발언은 핵확산 위협에 대한 언급으로, 핵무기가 테러리스트들과 불안정한 불량 정권들에게 퍼지는 것을 막아야 한다는 의미""라고 주장했다.연설하는 블라디미르 푸틴 러시아 대통령 [AP=연합뉴스 자료사진]k0279@yna.co.kr"
180,2016-12-23,탯줄 너무 일찍 자르지 않는 것이 아기에게 좋다,https://news.naver.com/main/read.nhn?mode=LSD&mid=shm&sid1=103&oid=001&aid=0008910022,연합뉴스,"美 산부인과학회 권고… ""아기에 산소ㆍ철분 등 더 공급""(서울=연합뉴스) 최병국 기자 = 출산 후 탯줄을 너무 일찍 자르지 않는 것이 아기의 건강에 좋다는 연구결과들을 미국 산부인과학회(ACOG)도 마침내 받아들였다.23일 의학매체 메드페이지 등에 따르면, ACOG는 출산하고 '최소 30초~1분 뒤에' 탯줄을 자를 것을 의사들에게 권고했다.이는 기존 2012년판 관련 권고와 비교하면 시간이 2배로 늘어난 것이다. 당시에도 탯줄을 출산 1~5분 뒤에 자르는 것이 좋다는 연구결과들이 있었으나 ACOG는 조산아 외에 정상 신생아에게도 이롭다는 '증거가 약하다'며 기존 방침을 유지했다.그러나 21일(현지시간) 이를 개정한 것은 효과를 뒷받침할 최신 연구결과들이 계속 나와서다.다만 세계보건기구(WHO) 권고(1~3분 뒤)나 학회 차원의 권고가 있는 일부 나라들에 비해선 여전히 보수적인 편이다. 우리나라의 경우 학회 차원의 권고는 없다.ACOG는 또 분만실에서 아기의 아버지가 탯줄을 자르기를 원할 경우 가급적 방해하지 말라고 이번에 권했다.자궁 속에선 태반이 태아의 폐 역할을 하며, 탯줄은 영양공급을 해주는 생명선이다. 아기는 태어난 지 몇 초 만에 스스로 폐로 호흡하게 되지만 완전히 적응하기까지 일정 시간이 필요하다. 이때 산소가 모자랄 수 있다.그동안 연구결과들에 따르면, 탯줄을 통해 산소와 철분 등 영양이 풍부한 혈액이 직접 공급되면 아기의 철분 결핍과 빈혈 등을 예방하고 뇌 발달 정도나 면역력도 더 높일 수 있다.미국 데이비스 캘리포니아대학 연구결과 2분만 늦게 탯줄을 자르면 10초 이내에 자른 아기에 비해 철분량이 27~47mg 더 많이 공급된다. 이는 신생아 1~2개월 필요량에 해당하며, 철분 강화 음식을 먹을 수 있게 될 생후 6개월까지 버팀목이 되어 준다또 각각 10초와 3분 뒤 탯줄이 잘린 아기들이 4개월 됐을 때 측정한 결과 늦게 자른 경우가 철분 수치가 더 높고 빈혈에 걸린 경우는 적다거나 생후 1년간 피로, 황달, 빠른 심장박동 증상이 나타나는 비율도 낮다는 연구결과도 있다.스웨덴 웁살라대학 연구팀은 4세 때 손가락 등 작은 근육을 사용해 쥐고, 쓰고, 조작하는 소근육 운동능력 등을 측정한 결과 출생 3분 뒤 탯줄이 잘린 아이들이 더 좋다고 발표한 바도 있다.탯줄을 늦게 자르면 산모의 출혈 위험이 커질 가능성에 대한 우려는 근거 없는 것으로 나타났다.다만 신생아에게 흔한 황달 증상이나 호흡에 문제가 없는지 등을 주의 깊게 관찰하고 응급의료가 필요할 경우엔 탯줄 자르기를 늦추지 말아야 할 것으로 지적됐다.산부인과에서 태아 사전 검사를 장면       [연합뉴스TV 캡처 자료사진]choibg@yna.co.kr"
181,2016-12-23,"조여옥 보호자 이슬비 ""軍에 청문회 참석 공가로 전환 신청""",https://news.naver.com/main/read.nhn?mode=LSD&mid=shm&sid1=100&oid=008&aid=0003794708,머니투데이,"[머니투데이 고석용  기자] [[the300]]지난 22일 국회에서 열린 최순실 게이트 국조특위 5차 청문회에서 이슬비 국군수도병원 대위(왼쪽)가  발언대에서 조여옥 전 청와대 간호장교(오른쪽)의 답변 모습을 바라보고 있다. /사진=뉴스1조여옥 전 청와대 간호장교(대위)의 보호자로 최순실 게이트 국조특위 청문회장에 참석한 이슬비 국군수도병원 대위가 ""군 인사사령부에 청문회장 참석에 대해 공가 전환을 신청했다""고 22일 밝혔다.이날 박영선 더불어민주당 의원은 청문회장에서 ""조 전대위의 보호자로 온 저분이 하루종일 조 전대위를 감시한다고 한다""며 의혹을 제기했다.이에 이 대위는 ""국군수도병원 중환자실에 근무하고 있다""며 ""국군간호사관학교 1학년 때부터 (조 전대위와) 친한 동기""라고 신분을 밝혔다. 이어 이 대위는 ""개인적인 목적으로 휴가를 내고 공교롭게 청문회가 열린다고 해서 이 자리에 왔다""며 ""(휴가를) 공가로 처리해준다고 들었다""고 답했다.아울러 이 대위는 ""조 전대위가 저를 동행해서 여기에 와도 되는지 국방부에 문의했고 그 답변으로 인사사령부에서 같이 가도 된다는 얘기를 들었다""고 덧붙였다.이같은 답변에 국조특위 여야 위원들은 ""이슬비 대위에게 만약 공가를 전환해줬다면 군법 위반""이라며 ""만약에 저 이슬비 대위가 공가를 받았다면 법적 조치하라""고 질타했다.한편 이 대위는 청문회장에 온 경위에 대해 ""국방부가 지시한 것이 아니다""라며 저의 의지로 왔다""고 강조했다.[이코노미스트들의 깊이있는 투자정보 'TOM칼럼'][부자들에게 배우는 성공 노하우 '줄리아 투자노트'  ][내 삶을 바꾸는 정치뉴스 'the 300']고석용  기자 gohsyng@mt.co.kr<저작권자 ⓒ '돈이 보이는 리얼타임 뉴스' 머니투데이, 무단전재 및 재배포 금지>"
182,2016-12-23,"트럼프·푸틴 ""핵능력 강화"" 주장…WP ""핵경쟁 망령 부활 우려""",https://news.naver.com/main/read.nhn?mode=LSD&mid=shm&sid1=104&oid=001&aid=0008910072,연합뉴스,"트럼프 ""美 핵능력 대폭 강화·확장해야"", 푸틴 ""핵 전투력 강화""트럼프 측 ""불량 정권에 핵확산 막야아 한다는 의미""…서둘러 진화(워싱턴=연합뉴스) 강영두 특파원 = 도널드 트럼프 미국 대통령 당선인이 22일(현지시간) 미국의 핵 능력을 대폭 강화·확장하겠다고 밝혔다.미국과 더불어 양대 핵 강국인 러시아의 푸틴 대통령이 핵 전투력 강화 방침을 밝히자 곧장 맞불을 놓은 것이다.미·러가 과거 냉전시대의 핵무기 경쟁 체제로 재돌입하는 게 아니냐는 우려가 나오고 있다.트럼프 당선인은 이날 트위터 계정을 통해 ""미국은 세계가 핵무기에 대한 분별력을 갖게 되는 시점까지는 핵 능력을 큰 폭으로 강화하고 확장해야 한다""고 말했다.트럼프 ""美 핵능력 크게 강화·확장해야""    (팜비치<미 플로리다주> AFP=연합뉴스) 미국 플로리다주 팜비치의 마라라고 리조트에 머물고 있는 도널드 트럼프(왼쪽) 미 대통령 당선인이 지난 21일(현지시간) 미 국방부 장성들과 면담한 뒤 현관에서 배웅하며 악수하는 모습.트럼프 당선인의 이 같은 발언은 푸틴 러시아 대통령이 핵 전력 강화를 강조한 것으로 알려진 지 몇 시간 만에 나왔다.푸틴 대통령은 이날 오전 모스크바에서 국방 문제에 대해 연설하며 ""전략 핵무기부대의 전투력을 강화해야 한다""며 ""특히 현존하거나 앞으로 개발될 미사일 방어체계를 돌파할 수 있을 정도로 미사일의 성능이 강화돼야 한다""고 말했다.그는 또 ""힘의 균형에 어떤 변화가 생기는지, 특히 러시아 국경을 따라 형성되는 정치·군사적 상황이 어떻게 변화하는지를 면밀히 주시해야 한다""고 강조했다.트럼프 당선인과 푸틴 대통령이 동시에 핵전력 강화론을 펴면서 향후 양국 간 '핵 치킨게임' 돌입 가능성에 대한 우려를 낳았다.워싱턴포스트(WP)는 ""양국이 핵무기의 수와 크기를 줄기 위해 수십 년에 걸친 노력을 되돌릴 수 있는 새로운 군비 경쟁의 망령을 불러일으키고 있다""고 지적했다.미국과 옛 소련이 1980년대 후반부터 이어온 핵무기 감소 추세가 멈추거나, 증가세로 돌아서는 계기가 될 수 있다는 것이다.WP는 이어 ""버락 오바마 대통령이 추구하는 '핵무기 없는 세상' 정책이 그대로 이어지지 않을 것이라는 우려를 불러일으키기에는 충분하다""고 우려했다.오바마 대통령은 2009년 4월 체코 프라하에서 연설을 통해 '핵무기 없는 세상'이라는 비전을 제시하고, 세계를 핵전쟁의 위협에서 해방하겠다고 선언했다.이어 미·러는 1991년 체결돼 만료된 전략무기감축협정을 대체할 후속협정 협상을 1년 만에 마무리짓고, 이듬해 양국 정상이 참석한 가운데 조인식을 가졌다.새 협정은 장거리 핵탄두를 2천200기에서 1천600기로 줄이고, 지상과 해상에 배치된 미사일을 1천600기에서 800기로 감축하는 내용을 담았다.그러나 푸틴 대통령은 지난 10월 ""미국의 러시아에 대한 비우호적 행동으로 전략적 안정성에 대한 위협이 생기고 있다""며 미국과 체결한 무기급 플루토늄 관리 및 폐기 협정(PMDA)을 잠정 중단하도록 지시하고, 이후 강경 후속 조치를 잇달아 내놓는 등 미국과 핵무기 경쟁을 불사하겠다는 의지를 보여왔다.트럼프 당선인은 트위터 발언 이후 미·러 간 핵경쟁 우려로 논란이 번지자 서둘러 진화에 나섰다.그의 대변인 제이슨 밀러는 ""트럼프 당선인의 발언은 핵확산 위협에 대한 언급으로, 핵무기가 테러리스트들과 불안정한 불량 정권들에게 퍼지는 것을 막아야 한다는 의미""라고 주장했다.연설하는 블라디미르 푸틴 러시아 대통령 [AP=연합뉴스 자료사진]k0279@yna.co.kr"
183,2016-12-23,"소비자 보호하랬더니…""못 팔겠다""는 금융사들",https://news.naver.com/main/read.nhn?mode=LSD&mid=shm&sid1=101&oid=469&aid=0000179673,한국일보,"당국 규제 강화ㆍ방침 변경에 상품 판매ㆍ서비스 중단 빈발단기납입 저축보험ㆍ보금자리론H지수 ELSㆍ카드 무이자 할부 등소비자 선택권 침해 결과 불러게티이미지뱅크소비자 보호 차원에서 금융당국이 규제나 방침을 변경하면 금융사들이 아예 관련상품 판매를 중단해 버리는 사례가 갈수록 잦아지고 있다. “당국의 뜻에 맞추려면 불가피한 고육책”이라는 게 금융사들의 항변이지만, 금융당국의 무관심 속에 정작 해당 상품이 필요한 소비자들의 선택권은 외면 받고 있다는 지적이 나온다.22일 보험업계에 따르면 흥국화재는 지난달부터 보험료 납입기간 3년, 만기 5년짜리 저축보험(행복자산플러스) 판매를 중단했다. 하나생명도 최근 납입기간 2ㆍ3년, 만기 3년짜리 저축보험을 없애고 이를 만기 5년 이상 상품으로 변경했다. 미래에셋생명과 한화생명 등도 다음달부터 이처럼 납입기간이 비교적 짧은 ‘단기납입 저축보험’ 판매 비중을 줄일 계획이다.보험사들의 이런 반응은 내년 1월부터 저축보험 중도해지 시 원금보장 시점을 현행 ‘만기’에서 ‘보험료 납입기간’으로 앞당기는 당국의 새 감독규정 때문이다. 새 규정이 시행되면 짧은 운용기간 안에 원금 수준까지 수익을 내기 어려워져 아예 상품을 안 파는 게 낫다는 것이다. 한 보험사 관계자는 “저금리 기조에서 보험사로선 상품을 팔수록 손해를 보는 구조가 된다”며 “이미 올 들어 저축보험 판매 비중을 대폭 낮추는 중”이라고 말했다. 실제 대형 손해보험사 4곳(삼성ㆍ현대ㆍ동부ㆍKB)의 올 9월말 기준 단기납입 저축보험 판매실적(528억원)은 작년 같은 기간(1,378억원)보다 절반 이상 급감했다.이런 판매중단 사례는 비단 저축보험뿐이 아니다. 앞서 올 5월에는 당국이 카드사의 불완전판매 감독 강화방침을 밝히자, 카드사들이 “텔레마케팅 판매직원 관리를 제대로 하려면 비용이 증가해 수익성을 맞출 수 없다”며 지난 10년 간 팔아 온 채무면제ㆍ유예상품(DCDSㆍ수수료를 받고 가입자의 사고 시 카드결제 대금을 깎아주는 상품) 신규 판매를 차례로 중단했다. 10월에는 당국의 가계부채 억제 방침에 주택금융공사가 돌연 보금자리론 대출기준을 대폭 강화해 ‘사실상 대출 중단’ 논란을 빚기도 했다.작년 초 홍콩 H지수가 급락해 관련 주가연계증권(ELS) 투자자 손실이 급증했을 때도, 당국이 상품발행 자제를 권고하자 증권사들은 일제히 H지수 관련 ELS 판매를 중단했다. 이를 두고, 작년 하반기 이후 H지수가 반등했을 때 수익을 챙길 기회를 소비자에게 오히려 박탈한 것이란 지적이 일기도 했다.2012년에는 당국이 경제 민주화 바람 속에 카드 수수료율 체계를 개편하자 카드사들이 경영난이 예상된다며 이전까지 인기를 끌던 무이자할부 서비스를 일제히 중단해 비난을 산 적도 있다.이런 모순에 대해 금융당국은 원론만 강조한다. 당국 관계자는 “소비자 피해 우려가 높은 상품은 사전규제가 강화돼야 대형 사고를 막을 수 있다”면서 다만 “규제 변화에 따른 부작용에도 관리감독을 강화하겠다”고 말했다.김석영 보험연구원 금융정책실장은 “당국의 적절한 규제는 필요하지만 상품 특성을 고려하지 않을 경우, 오히려 소비자 선택권을 침해할 소지가 있다”고 지적했다.강지원 기자 stylo@hankookilbo.com▶한국일보[페이스북][카카오 친구맺기]▶자동차의 모든 것! [모클][ⓒ 한국일보(hankookilbo.com), 무단 전재 및 재배포 금지]"
184,2016-12-23,"트럼프, 국가무역委 신설… 위원장에 '反中-反FTA' 나바로",https://news.naver.com/main/read.nhn?mode=LSD&mid=shm&sid1=104&oid=020&aid=0003029464,동아일보,"[동아일보]백악관에 국가무역위 신설트럼프측 “일자리 되찾아올 것” 나바로-로스, 무역정책 투톱으로무역역조-환율 등 對中압박 거셀듯… 나바로, 한미FTA에도 비판적‘기업사냥꾼’ 아이컨, 특별고문 맡아 선대본부장 콘웨이는 ‘대통령 고문’도널드 트럼프 미국 대통령 당선인이 백악관에 국가무역위원회(NTC)를 신설해 직접 무역 정책을 진두지휘하겠다는 뜻을 밝혔다. 21일(현지 시간) NTC 초대 위원장에 강력한 대중(對中) 통상정책과 한미 자유무역협정(FTA) 재협상을 주장해온 피터 나바로 어바인 캘리포니아대 교수(사진)를 임명했다. 트럼프 행정부가 출범하자마자 미국발 보호무역주의 회오리가 세계를 강타할 것으로 전망된다.▼ 트럼프, 무역부터 ‘美우선주의’ 강공 예고 ▼도널드 트럼프 미국 대통령 당선인이 백악관에 무역과 통상정책을 전담할 국가무역위원회(NTC·National Trade Council)를 신설하고 초대 위원장에 경제자문역 중 한 명인 피터 나바로 어바인 캘리포니아대 교수를 임명했다. 백악관 국가안보회의(NSC)를 본떠 만든 NTC는 트럼프 행정부의 무역 정책 컨트롤타워를 맡게 된다. ‘미국 우선주의’를 주창한 트럼프 당선인이 중국을 압박하고 나아가 한미 자유무역협정(FTA)까지도 손보는 첨병으로 나서는 게 아니냐는 얘기가 나온다.트럼프 정권인수위원회는 21일 성명을 내고 “NTC 신설은 미국 제조업을 다시 위대하게 만들고, 모든 미국인이 제대로 된 보수를 받고 제대로 된 일자리를 갖게 하겠다는 트럼프 당선인의 결심을 보여 주는 것”이라고 밝혔다. 이어 “나바로 지명자는 무역적자를 줄이고 경제성장을 촉진해 해외로의 ‘일자리 엑소더스’를 막을 무역 정책을 개발할 것”이라고 강조했다.트럼프 행정부의 무역 정책은 윌버 로스가 담당할 상무부와 NTC라는 쌍두마차가 이끌게 된다. 제이슨 밀러 인수위 대변인은 “NTC를 바탕으로 트럼프 당선인의 지휘하에 상무부가 무역 정책의 많은 부분을 총괄하게 될 것”이라고 밝혔다. 이는 외교안보 분야에서 백악관의 NSC가 컨트롤타워를 맡고, 국무부가 집행하는 것을 벤치마킹한 것이다.나바로 지명자는 로스 상무장관 지명자와 함께 트럼프 캠프에서 보호무역주의 정책과 공약을 입안한 핵심 경제 참모다. 강경한 대중(對中) 통상 정책을 주장해 온 인물로 트럼프 행정부 출범 직후부터 NTC를 중심으로 무역 역조와 환율 조작 등을 놓고 중국과의 글로벌 경제 패권 전쟁을 본격화할 것으로 보인다.나바로 지명자는 중국의 경제 영향력 강화가 미국에 악영향을 준다는 내용의 ‘중국이 세상을 지배하는 그날’ ‘곧 닥칠 중국과의 전쟁’ 등의 책을 쓴 바 있다. 중국 관영 환추(環球)시보는 22일 ‘매파 학자의 백악관 진입으로 중미 양국이 함께 손해를 볼 가능성이 높아졌다’는 제목의 사설에서 “중국 사회에서 그는 ‘반(反)중국 학자’로 알려져 있다”고 전했다.나바로 지명자는 한미 FTA에 대해서도 줄곧 비판적이다. 로스 상무장관 지명자와 함께 9월 트럼프의 통상·에너지 개혁 공약을 종합한 보고서에서 “한미 FTA로 미국에서 9만5000개 일자리가 사라졌고 대한(對韓) 무역수지 적자는 두 배로 늘어났다”며 한미 FTA를 비롯한 실패한 무역협정은 대대적으로 재협상해야 한다고 주장했다. 또 “특히 한미 FTA 중 집행 규정도 불충분하다. 한국이 자동차 관련 규정을 위반해도 최대 처벌은 2.5%의 관세에 불과하다”고 지적했다. 주한미군 방위비 분담금 인상론자로 대선 직전 외교 전문지 포린폴리시(FP) 기고문에서 “트럼프가 당선된다면 서울과 도쿄가 미군 주둔을 지원하는 추가적인 방법을 단도직입적이고 정중하게 논의하게 될 것”이라고 밝혔다.트럼프 당선인은 또 기업 사냥꾼으로 유명한 칼 아이컨을 규제개혁특별고문으로 위촉했다. 트럼프는 성명에서 “아이컨은 처음부터 나와 함께했고, 세계 최고의 경영자다. 미국이 당면한 규제를 없애는 데 그의 도움이 매우 소중하게 쓰일 것”이라고 밝혔다. 미국의 이익을 위한 글로벌 무역 경쟁에서 기선을 제압하기 위해 초강경파를 전진 배치한 것이다.트럼프 당선인의 후보 시절 선거대책본부장이었던 켈리앤 콘웨이는 대통령 고문으로 임명돼 백악관 내에서 최고위 여성 인사가 된다고 뉴욕타임스가 22일 보도했다. 트럼프 당선인은 콘웨이가 백악관 대변인을 맡아주기를 희망했지만 콘웨이는 거절했다.워싱턴=이승헌 특파원 ddr@donga.com▶ 동아일보 단독/동아일보 공식 페이스북▶ 어제 못본 TV 명장면이 궁금하다면 'VODA'ⓒ 동아일보 & donga.com, 무단 전재 및 재배포 금지"
185,2016-12-23,"일, 내년 독도영유권 주장 강화한다",https://news.naver.com/main/read.nhn?mode=LSD&mid=shm&sid1=102&oid=022&aid=0003129159,세계일보,"영토·주권 민간연구 지원사업 5억1000만엔 정부예산 편성‘낙도 활성화’에도 50억엔 책정일본 정부가 내년에 독도 영유권 주장을 강화할 방침인 것으로 드러났다.22일 일본 재무성 등에 따르면 이날 각료회의(국무회의)를 통과한 내년도 정부예산안에는 ‘영토·주권·역사 조사연구 지원사업’에 5억1000만엔(약 52억원)이 처음으로 편성됐다. 이 항목은 영토·주권·역사를 연구하는 민간 기관의 연구활동을 지원해 일본의 영유권 주장을 강화하고, 연구 성과를 국내외에 공유하고 홍보하기 위한 사업이다.그동안 일본 정부는 외무성과 내각관방 홈페이지 등을 통해 독도(일본명 다케시마)와 센카쿠제도(중국명 댜오위다오)가 일본의 고유 영토라고 주장해왔다. 이에 더해 내년에는 민간 연구기관에 국가 예산을 써서 관련 주장을 더욱 강화하려는 것이다. 일본 정부는 독도와 센카쿠제도뿐 아니라 최근 러·일 정상회담에서 거론된 쿠릴 4개섬(일본명 북방영토)도 이 사업의 대상으로 삼고 있는 것으로 알려졌다.일본 정부는 또 ‘낙도 활성화’ 예산으로 50억엔(약 508억원)을 새롭게 책정했다. 본섬에서 멀리 떨어진 낙도가 사람이 살지 않는 무인도가 될 경우 영토 방위에 공백이 생길 수 있다고 보고 선박 운임 할인, 생필품 가격 안정화 등을 통해 지역을 활성화하겠다는 것이다. 그러나 이 사업의 지원 대상에 센카쿠제도 주변 낙도뿐 아니라 독도와 가까운 시마네반도 오키제도의 섬들도 포함돼 일본 정부의 독도 영유권 주장과 연관된 것으로 의심받고 있다.일본 정부는 최근 역사교육 문제도 개입을 강화하고 있어 자칫 수정주의 역사관을 학생들에게 주입할 수 있다는 우려도 사고 있다. 문부과학성 자문기구인 ‘중앙교육심의회’는 최근 초·중·고 대상 학습지도요령 개정안을 통해 일본사와 세계사를 통합한 역사 교과서를 신설하고 2022년부터 고교생 필수과목으로 지정했다. 기존에는 세계사 2과목 중 1과목을 선택하고, 일본사와 지리를 통틀어 4과목 중 1과목을 필수로 선택할 수 있어 일본사를 배우지 않을 수 있었다.일본 아베 신조(安倍晋三) 정권은 2006년 교육기본법을 개정한 바 있으며, 2012년 말 재집권한 이후 교과서 검정기준과 학습지도요령 해설서를 통해 우익 세력의 주장을 대거 반영하는 등 역사 수정주의적 색채를 강화하고 있다. 지난 3월 검정을 통과한 고교 사회과 교과서 35종 가운데 27종에 독도와 관련해 “일본의 고유 영토” “한국 불법 점거” 등의 표현이 담겼다.한편 일본 정부는 내년 예산안에서 방위비로 사상 최대인 5조1251억엔(약 52조1200원)을 편성했다. 이는 올해보다 1.4% 늘어난 액수로 5년째 증가세를 이어가는 것이다. 일본이 지난 3월 시행된 개정 안보관련법을 통해 자위대가 경우에 따라 선제공격을 할 수 있게 하는 등 무력 사용 범위를 확대하고 있어 일본이 군국주의를 재현하려는 것 아니냐는 우려의 목소리도 적지 않다.도쿄=우상규 특파원 skwoo@segye.comⓒ 세상을 보는 눈, 글로벌 미디어세계일보"
186,2016-12-23,2016년 최고 과학성과는 '중력파 검출',https://news.naver.com/main/read.nhn?mode=LSD&mid=shm&sid1=105&oid=001&aid=0008909996,연합뉴스,"100년전 아인슈타인의 예측 '중력파' 찾았다(CG)<<연합뉴스TV 제공>>국제학술지 '사이언스', 10대 혁신성과 발표(서울=연합뉴스) 신선미 기자 = 아인슈타인이 1세기 전 주장한 중력파의 존재를 실제로 확인한 고급레이저간섭계중력파관측소(라이고·LIGO) 과학협력단의 성과가 올해 최고의 연구로 평가받았다.국제학술지 사이언스(Science)는 23일 '올해의 혁신성과'(Breakthrough of the Year) 10개를 선정하면서 중력파 검출을 첫 번째로 발표했다.'중력파 검출' 지구에서 관측 성공(서울=연합뉴스) 김주형 기자 = 12일 오전 서울 명동 이비스 앰배서더 호텔에서 열린 '중력파 검출'에 관한 한국 과학자 기자회견에서 한국중력파연구협력단 이형목(서울대 물리천문학부) 교수가 라이고(LIGO) 검출기가 충돌하는 두 블랙홀로부터 방출된 중력파 관측에 대해 설명하고 있다. 2016.2.12    kjhpress@yna.co.kr서울대, 부산대, 국가수리과학연구소, 한국과학기술정보연구원(KISTI) 등의 국내 연구진을 비롯해 전 세계 1천 명이 넘는 연구자로 구성된 LIGO 과학협력단은 시공간의 뒤틀림인 중력파를 지난해 9월 탐지했다고 올해 2월 발표한 바 있다. 당시 검출된 중력파는 태양 질량의 36배, 29배인 블랙홀이 지구에서 13억 광년 떨어진 곳에서 충돌해 합쳐지는 과정에서 나온 것이다.사이언스 측은 ""중력파의 실체가 확인된 만큼 우주 연구에도 새로운 장이 열리게 됐다""고 전했다. 빛이나 전파 대신 중력파를 이용해 질량이 큰 별의 생성과 진화, 우주 초기 천체들의 특성 등을 이해하는 '중력파 천문학'이 시작될 거라는 의미다.알파고 대국을 마치고 기자회견 하는 이세돌 9단(서울=연합뉴스) 한종찬 기자 = 이세돌 9단이 15일 오후 서울 종로구 포시즌스 호텔에서 열린 '구글 딥마인드 챌린지 매치' 인공지능(AI) 바둑 프로그램 알파고(AlphaGo)와의 5번기 제5국을 마치고 데미스 하사비스 구글 딥마인드 대표와 함께 기자회견을 하고 있다. 이세돌 9단은 이날 대국에서 끝내기 승부에 돌입했지만 280수 만에 패했다. 2016.3.15    saba@yna.co.kr올해 3월 세계 최정상급 기사인 이세돌 9단과 승부를 겨룬 구글 딥마인드의 바둑 인공지능(AI) '알파고'도 혁신성과로 뽑혔다. 경우의 수가 지나치게 많아 바둑은 그간 '인간의 영역'이라고 불렸지만, 알파고는 날카로운 수 읽기와 새로운 전략을 무기로 인간을 상대로 보란 듯 4승을 거뒀다. 사이언스 측은 이번 대국을 인공지능의 발전과 가능성을 확인한 '기념비적인 사건'이라고 평가했다.외계행성 '프록시마 b'의 발견도 순위에 올랐다. 영국 런던 퀸메리대의 길렘 앙글라다-에스쿠데 교수팀은 지구에서 4.2광년(약 40조㎞) 떨어진 곳에 있는 '프록시마 센타우리' 별 주위를 11.2일에 한 바퀴씩 도는 이 행성을 관측해 올해 8월 발표했다. 프록시마 b는 질량과 구성이 지구와 매우 유사한 데다, 표면에 액체 상태의 물이 존재할 것으로 추정되고 있다.제2의 지구?…지구 닮은 가장 가까운 행성 발견(CG)[연합뉴스TV 제공]생명과학 분야에서도 다양한 연구 성과가 실렸다. 일본 규슈대와 도쿄대 등이 실험실에서 배아줄기세포로 만든 '인공 난자'는 동물복제나 난임 연구 등에 유용하게 쓰일 것으로 기대를 모으고 있다.미국 솔크연구소팀이 유전자 4개의 활성을 조절해 쥐의 노화 과정을 늦추고, 수명을 30%가량 연장한 성과도 사이언스의 인정을 받았다. 수 나노미터(nm·10억 분의 1ｍ) 크기의 구멍에 바이러스나 기생충 등의 유전물질(DNA)를 넣으면 서열을 분석해주는 실험장치도 10대 혁신성과에 이름을 올렸다.이 밖에 주요 생체물질인 단백질의 구조를 설계하는 기술, 600nm 두께의 초박막 메타렌즈(meta-lens·인공물질로 만든 렌즈) 개발, 대규모 유전체 연구로 밝힌 인류의 확산경로, 대형 유인원이 상대방의 의도를 읽을 수 있음을 밝힌 연구 등이 올해의 혁신성과에 포함됐다.sun@yna.co.kr"
187,2016-12-23,'A/S 받았는데도 불량' 속 썩이는 수입차 서비스센터,https://news.naver.com/main/read.nhn?mode=LSD&mid=shm&sid1=103&oid=001&aid=0008910045,연합뉴스,"[연합뉴스TV제공]국산차에 비해 센터 적고 수리 대기 기간은 길어(인천=연합뉴스) 최은지 기자 = 건설 자재를 운반하는 K(54)씨는 지난 8월 25일 외곽순환고속도로에서 운전하다가 아찔한 사고를 당할 뻔했다.그가 몰던 25.5t 수입 트럭의 핸들이 갑자기 뻑뻑해지면서 제대로 돌아가지 않는 바람에 차를 제어할 수 없게 된 것이다.어렵사리 핸들을 움직여 차를 갓길에 멈춰 세운 K씨는 핸들 장치에 넣는 파워스티어링 오일이 계속 새어 나오는 것을 확인했다.지난달 사고 수리를 위해 인천시 남동구의 한 수입차 서비스센터에 맡긴 트럭을 찾아온 지 하루 만에 벌어진 일이었다.K씨가 거세게 항의하자 센터 측에서는 그때야 오일 센서를 교체하면서 볼트를 제대로 조이지 않았던 것 같다고 해명했다.K씨는 ""차를 정비하는 데만 24일이나 걸렸는데 도리어 멀쩡하던 부품까지 불량하게 수리해 돌려줬다""며 ""도로에서 핸들이 갑자기 움직이지 않아 바로 멈춰 섰기에 망정이지 하마터면 대형 사고로 이어질 뻔했다""고 놀란 가슴을 쓸어내렸다.수입차의 판매량이 매년 느는 추세지만 차량 수리를 맡길 서비스센터 수가 적고 정비마저 허술한 경우가 많아 소비자들이 피해를 보는 사례가 늘고 있다.23일 한국소비자원에 따르면 2012년 1월∼2014년 6월까지 소비자원에 접수된 수입차 10개 브랜드의 피해 상담 건수는 3천807건에 달한다.차량 10만 대당 피해 상담 건수 역시 수입차가 476건으로 국산 차 145건의 3배 이상이었다.대부분은 차량 수리나 정비 등 애프터서비스가 제대로 되지 않아 피해 상담을 한 사례였다.한 수입차 서비스센터 관계자는 ""아무래도 담당해야 할 수입차가 많다보니 차량이 정비를 마치고 출고되기까지 대기 시간이 오래 걸릴 수밖에 없다""고 설명했다.소비자원에 따르면 BMW, 메르세데스 벤츠, 폭스바겐, 혼다 등 7개 수입차 브랜드의 전국 공식 서비스센터는 2012년 기준 142개에 그쳤다.센터 1곳이 맡아야 할 차량 대수도 평균 2천953대로 국산 차의 5.5배에 달했다.수입차 브랜드마다 자체 서비스센터를 차츰 늘리고 있지만 여전히 국산 차에 비하면 걸음마 수준이다.지난해 11월 기준 국내 수입차 등록 대수는 126만대가 넘지만 BMW, 메르세데스 벤츠, 폭스바겐 등 20개 수입차 브랜드의 전국 공식 서비스센터 수는 359개였다.국산 차인 현대차와 기아차가 총 2천245개의 공식 서비스센터를 운영하는 것과 비교해 큰 차이가 난다.소비자원 관계자는 ""공식 서비스센터를 확충하기 어렵다면 1∼2급 정비공장을 협력업체로 지정해 정비망을 늘리는 방안을 검토해야 한다""고 지적했다.chamse@yna.co.kr"
188,2016-12-23,외국인 보유 토지 232㎢…시가 32조2608억원,https://news.naver.com/main/read.nhn?mode=LSD&mid=shm&sid1=101&oid=003&aid=0007669732,뉴시스,"【서울=뉴시스】2016년 상반기 외국인 토지 보유 현황(국토교통부 제공) 16.12.23전 국토의 0.2% 달해…1년 전보다 396만㎡ 증가외국인 국적별, 미국·유럽·일본·중국 순제주 지역의 외국인 보유 토지 비중은 1.1%【서울=뉴시스】오동현 기자 = 외국인이 보유한 국내 토지 면적이 232㎢를 웃도는 것으로 나타났다.23일 국토교통부에 따르면 올 6월말 현재 국내 외국인(외국국적의 개인·외국법인·단체 등)이 보유한 토지면적은 2억 3223만㎡(232㎢)로 집계됐다.이는 전체 국토면적의 0.2%, 공시지가를 기준으로는 32조 2608억원에 달한다.외국 국적 교포의 보유 토지가 1억 2552만㎡(54.1%)으로 가장 많은 것으로 나타났다. 그 뒤를 이어 ▲합작법인 7511만㎡(32.3%) ▲순수외국법인 1941만㎡(8.4%) ▲순수외국인 1163만㎡(5.0%) ▲정부·단체 등 56만㎡(0.2%) 등의 순이었다.국적별로는 ▲미국 1억 1838만㎡(51.0%) ▲유럽 2134만㎡(9.2%) ▲일본 1881만㎡(8.1%) ▲중국 1685만㎡(7.2%) ▲기타 국가 5685만㎡(24.5%) 등으로 나타났다.용도별로는 임야·농지 등의 비중이 1억 4192만㎡(61.1%)으로 가장 많았다. 그 뒤를 이어 ▲공장용 6329만㎡(27.3%) ▲레저용 1250만㎡(5.4%) ▲주거용 1048만㎡(4.5%) ▲상업용 404만㎡(1.7%) 등의 순이었다.시도별로는 ▲경기 3841만㎡(16.5%) ▲전남 3804만㎡(16.4%) ▲경북 3484만㎡(15.0%) ▲강원 2340만㎡(10.1%) ▲제주 2037만㎡(8.8%) 등의 순으로 나타났다.외국인이 보유한 토지면적은 지난해 말보다 396만㎡ 증가했다.【서울=뉴시스】국내 외국인 토지, 국적별·시도별 보유 현황 (국토교통부 제공) 16.12.23이는 중국의 안방 보험그룹이 동양생명보험㈜ 인수로 249만㎡를, 외국인이 상속·증여 등으로 159만㎡를 취득한 데 따른 것이다.국적별 증가 규모는 ▲중국 262만㎡ ▲미국 97만㎡ ▲일본 11만㎡ 등으로 나타났다. 반면 유럽은 75만㎡ 감소했다.용도별 증가 규모는 임야 등 기타 용지 378만㎡, 레저용지 54만㎡, 주거용지 32만㎡ 등이다. 반면 공장용지와 상업용지는 각각 65만㎡, 3만㎡ 감소했다.시도별 증가 규모는 경기 242만㎡, 강원 176만㎡, 충북 105만㎡ 등으로 나타났다. 반면 전남은 23만㎡, 제주는 22만㎡, 울산은 17만㎡, 서울은 15만㎡ 감소했다.특히  제주지역의 외국인 보유토지는 2037만㎡로 지난해 말보다 22만㎡ 감소한 것으로 나타났다.이는 서귀포시 여래휴양단지조성(말레이시아) 등 외국자본의 사업 중단과 신규 개발사업 투자 감소로 증가 추세가 둔화됐기 때문인 것으로 분석된다.제주지역 외국인토지는 제주 전체면적의 1.1%에 달한다. 국적별로는 중국(853만㎡·41.9%), 미국(368만㎡·18.1%), 일본(237만㎡·11.6%) 등의 순이다.odong85@newsis.com뉴시스 뉴스, 네이버 뉴스 스탠드에서도 만나세요뉴시스 SNS [페이스북] [트위터]<저작권자ⓒ 공감언론 뉴시스통신사. 무단전재-재배포 금지.>"
189,2016-12-23,"""출근길 옷차림 든든히""…전국 곳곳 '눈'",https://news.naver.com/main/read.nhn?mode=LSD&mid=shm&sid1=103&oid=055&aid=0000487941,SBS,"<앵커>어제(22일)는 날씨가 12월 말 치곤 꽤 따뜻했었는데, 오늘 갑자기 온도가 확 내려가서 든든하게 입고 나가셔야겠습니다.윤서영 캐스터가 뉴스 때문에 두 시간 째 밖에 나가 서 있는데, 제 말 맞죠?<기자>네, 그렇습니다.제가 지금 여의도역에 한 두 시간 정도 있었는데요, 정말 너무 추워서 몸이 덜덜 떨리고 있습니다.지금 출근길에 나선 시민들의 옷차림 보시면, 오늘 바깥 추위 실감하실 수 있을 겁니다.두꺼운 겉옷 속에 시린 얼굴을 파묻고 걸음 바삐 움직이고 있고요, 조금씩 내리는 눈을 막기 위해서 모자까지 둘러쓰고 있는 모습입니다.현재 서울 기온 영하 1.9도까지 내려와 있고요, 바람이 강해서 체감온도 영하 6도까지 내려가 있습니다.출근길 옷차림 따뜻하게 하시길 바랍니다.현재 전국 곳곳에 눈이 내리고 있습니다.서울을 포함한 중북부 지역은 오늘 오전까지, 충청과 호남, 영남 내륙지역은 밤까지 눈이 예상되는데요, 특히 충청 이남지방으로 많은 눈이 쌓이겠습니다.현재 충북 음성에 대설주의보 발효 중이고요, 전북 동부 내륙과 경남 북서 내륙에 최고 8cm의 눈이 쌓일 것으로 예보돼 대설 예비특보 내려져 있습니다.그 밖의 충청과 남부, 또 강원도에 최고 5cm, 수도권에도 1cm 안팎의 눈이 예상됩니다.눈과 함께 추위도 찾아왔습니다.중북부 지역을 중심으로 현재 기온이 영하권으로 떨어져 있고요, 한낮에도 서울 영하 1도, 광주 4도, 대구 5도로 포근했던 어제보다 10도 이상 낮겠습니다.여기에 찬바람이 강하게 불면서 몸으로 느끼는 추위는 더 크겠습니다.내일 아침에는 추위가 절정에 달해서 서울 기온 영하 5도까지 떨어지겠고요, 성탄절 연휴 내내 영하권 추위가 이어지겠습니다.다음 주 월요일과 화요일 사이 전국에 비가 내릴 텐데요, 중부지방은 비와 눈이 함께 섞여 내릴 것으로 보입니다.※ ⓒ SBS & SBS콘텐츠허브 : 무단복제 및 재배포 금지☞ [스페셜] 박근혜 대통령 - 최순실 게이트의 모든 것"
190,2016-12-23,獨트럭테러 용의자 지문 차에 남아…美서도 '위험인물',https://news.naver.com/main/read.nhn?mode=LSD&mid=shm&sid1=104&oid=001&aid=0008909990,연합뉴스,"사흘째 행방 묘연…獨언론 ""엉뚱한 용의자 잡고 시간 낭비"" 초동수사 비판""IS와 메신저로 접촉한 적 있어""…메르켈, 신속한 체포 주문(제네바=연합뉴스) 이광철 특파원 = 19일(현지시간) 독일 베를린 한복판에서 벌어진 트럭테러의 용의자 아니스 암리(24)가 사흘째 행방이 묘연한 가운데 그의 지문이 트럭 운전석에서 발견됐다.토마스 데메지에르 독일 내무장관은 22일 암리의 지문이 범행에 쓰인 19t 트럭 운전석과 문 등에서 발견됐다면서 그가 사실상 범인을 가능성이 크다고 말했다.독일 경찰이 사건 발생 사흘째야 결정적인 단서를 확보면서 초동 수사가 실패했다는 비판 여론도 고조되고 있다.주간 슈피겔은 이날 온라인판에서 ""수사기관은 암리를 감시하고 있었지만 그는 여전히 잠적할 수 있었다""며 허술한 범죄 용의자 관리 체계를 비판했고 쥐트도이체차이퉁은 경찰이 엉뚱한 용의자를 붙잡고 시간만 낭비했다고 지적했다.사건 당일 베를린 경찰은 현장인 브라이트샤이트플라츠에서 1km가량 떨어진 곳에서 파키스탄 이민자를 용의자로 체포했다가 이튿날 증거 불충분으로 석방했다.경찰은 21일 오전에도 또 다른 이민자를 용의자로 지목하고 체포했다고 몇 시간도 안 돼 풀어줬다.獨 트럭테러 용의자 튀니지 난민 현상수배[AP=연합뉴스 자료사진]암리가 용의자로 지목된 것은 21일 낮이었고 그 사이 그는 베를린을 벗어나 네덜란드 등과 접한 독일 서부 노르트라인베스트팔렌주까지 이동한 것으로 알려졌다.독일 경찰은 처음에 암리가 범인인지 아닌지 확실하지 않다며 신상을 공개하지 않았다가 비판이 거세지자 유럽 전역에 현상금 10만 유로를 내걸고 공개수사로 전환했다.쥐트도이체차이퉁은 ""연방 경찰이 암리를 용의자로 지목하는데 많은 시간이 걸렸다""고 비판했다.독일 경찰은 폴란드, 프랑스 국경 지대와 주요 기차역, 공항 등에 병력을 배치하고 CCTV로 암리의 도주 경로를 추적하고 있지만 벌써 그가 독일을 벗어났을 가능성까지 나오고 있다.크리스마스 마켓 경비서는 독일 경찰21일(현지시간) 독일 경찰이 카이저빌헬름 메모리얼 교회 인근 크리스마스 마켓에서 경비를 서고 있다. [DPA=연합뉴스]암리는 최근 노르트라인베스트팔렌주의 에메리히의 난민 숙소에서 머물기도 했고 베를린을 오갔던 것으로 알려졌다.베를린에서 에메리히까지는 차로 쉬지 않고 가면 6시간가량 걸린다. 그가 범행 직후 서쪽으로 이동했다면 파키스탄 이민자가 조사받는 시간에 달아나기에는 충분하다.경찰은 21일 에메리히 난민 숙소와 베를린의 아파트 2곳을 수색했고 22일에는 암리와 관련 있는 4명을 체포했다고 독일 언론들은 전했다.AFP통신은 광범위한 추적에도 불구하고 그가 범행 전에는 어떻게 추방되지 않았고 지금은 체포망을 피해 다닐 수 있는지 여러 의문이 제기된다며 독일 수사 당국이 여론의 집중포화를 맞고 있다고 22일 전했다.노르트라인베스트팔렌주에 따르면 암리는 올해 6월 망명 신청이 거부됐고 테러 연관 위험인물로 독일 정부기관에 감시를 받는 549명 중에 포함돼 있었다.뉴욕타임스는 22일 미국 당국을 인용해 암리가 온라인에서 폭발물 제조법을 검색하고 적어도 한차례 이슬람국가(IS)와 텔레그램 메신저로 접촉한 적이 있다고 전했다.암리는 또 미국 당국에 의해 비행금지 대상 인물로 감시를 받고 있었다.올해 초에는 무기를 구매해 심각한 테러 행위를 계획한 혐의로 조사를 받기도 했지만 풀려났다.한편 19일 트럭 공격으로 다친 부상자 48명 중 12명은 중상을 입어 아직 병원에서 치료받고 있는 것으로 알려졌다.앙겔라 메르켈 독일 총리는 22일 베를린 연방범죄수사국(BKA)을 방문한 자리에서 독일 국민이 침착하게 대응한 것에 자랑스럽게 생각한다며 빨리 용의자가 체포되기를 바란다고 말했다.minor@yna.co.kr"
191,2016-12-23,'A형독감' 유행지나면 내년 초 'B형독감' 기다린다,https://news.naver.com/main/read.nhn?mode=LSD&mid=shm&sid1=102&oid=001&aid=0008910024,연합뉴스,"전문가들 ""A형·B형 모두 예방 가능한 백신 접종해야""(서울=연합뉴스) 강애란 기자 = 현재 유행하는 'A형독감'에 이어 내년 초에는 'B형독감' 확산이 우려된다.독감은 인플루엔자 바이러스 감염에 의한 것으로 크게 A형, B형으로 구분된다. 일반적으로 겨울철에 A형이 먼저 유행하고 이듬해 봄철 B형이 확산하는 패턴을 보인다.23일 의료계에 따르면 감염내과 전문의들은 올해 A형독감 유행이 예년보다 한 달 앞선만큼 B형독감 역시 지금부터 예방접종 등 적극적인 예방에 나서야 한다고 조언한다.정용필 서울아산병원 감염내과 교수는 ""독감 유행 양상은 매년 다르지만, 우리나라 독감 환자는 평균적으로 A형독감이 60%, B형독감이 40% 정도를 차지한다""며 ""보통 A형독감이 유행하다 잠잠해지면 B형독감이 나타나기 때문에 내년 초에는 B형독감이 유행할 것으로 보인다""고 설명했다.정 교수는 ""A형독감과 B형독감은 바이러스 종류가 다르지만, 환자에게 나타나는 증상은 겉으로 보기에 구별되지 않을 정도로 동일하다""며 ""A형이든 B형이든 독감에 걸리면 고열, 두통, 근육통 등 전신적인 증상이 함께 동반된다""고 말했다.다만, 독감을 가장 효과적으로 예방하는 백신은 바이러스의 종류에 따라 달라지기 때문에 주의를 기울여야 한다고 전문가들은 조언한다.독감 바이러스는 A형과 B형 내에서도 각각 2종씩 분류되는데 A형 2종(H1N1, H3N2), B형 2종(야마가타, 빅토리아)이 있다.현재 국내 허가된 독감백신은 A형 2종, B형 가운데 1종만 예방하는 '3가백신'과 A형 2종, B형 2종 모두 예방 가능한 '4가백신'이 있다.전문가들은 B형독감 가운데 일부만 예방하는 3가백신의 경우 백신과 유행 중인 바이러스 성분이 일치하지 않는 '미스매치'가 나타날 수 있다고 지적한다.이재갑 한림대강남성심병원 감염내과 교수는 ""독감이 유행하는 패턴을 고려하면 내년 2~3월 B형독감이 유행할 것으로 보인다""며 ""그러나 바이러스의 불규칙한 특성상 B형독감 가운데 어떤 종류의 바이러스가 유행할지는 예측하기 어렵다""고 말했다.이 교수는 ""현재 독감 예방접종을 한다면 4가백신을 선택하는 것이 효과적이지만, 이미 3가백신을 접종했다고 해서 추가로 4가백신을 맞을 필요는 없다""며 ""백신을 접종하더라도 사람에 따라 항체가 생기지 않아 독감에 걸릴 수 있으므로 손 씻기, 마스크 착용 등 개인위생에 신경 쓰는 것도 중요하다""고 강조했다.독감백신의 항체생성률은 60~80%로 다른 백신보다 낮은 편이다.'A형독감' 비상…내년 초 'B형독감' 유행한다aeran@yna.co.kr"
192,2016-12-23,'A/S 받았는데도 불량' 속 썩이는 수입차 서비스센터,https://news.naver.com/main/read.nhn?mode=LSD&mid=shm&sid1=103&oid=001&aid=0008910045,연합뉴스,"[연합뉴스TV제공]국산차에 비해 센터 적고 수리 대기 기간은 길어(인천=연합뉴스) 최은지 기자 = 건설 자재를 운반하는 K(54)씨는 지난 8월 25일 외곽순환고속도로에서 운전하다가 아찔한 사고를 당할 뻔했다.그가 몰던 25.5t 수입 트럭의 핸들이 갑자기 뻑뻑해지면서 제대로 돌아가지 않는 바람에 차를 제어할 수 없게 된 것이다.어렵사리 핸들을 움직여 차를 갓길에 멈춰 세운 K씨는 핸들 장치에 넣는 파워스티어링 오일이 계속 새어 나오는 것을 확인했다.지난달 사고 수리를 위해 인천시 남동구의 한 수입차 서비스센터에 맡긴 트럭을 찾아온 지 하루 만에 벌어진 일이었다.K씨가 거세게 항의하자 센터 측에서는 그때야 오일 센서를 교체하면서 볼트를 제대로 조이지 않았던 것 같다고 해명했다.K씨는 ""차를 정비하는 데만 24일이나 걸렸는데 도리어 멀쩡하던 부품까지 불량하게 수리해 돌려줬다""며 ""도로에서 핸들이 갑자기 움직이지 않아 바로 멈춰 섰기에 망정이지 하마터면 대형 사고로 이어질 뻔했다""고 놀란 가슴을 쓸어내렸다.수입차의 판매량이 매년 느는 추세지만 차량 수리를 맡길 서비스센터 수가 적고 정비마저 허술한 경우가 많아 소비자들이 피해를 보는 사례가 늘고 있다.23일 한국소비자원에 따르면 2012년 1월∼2014년 6월까지 소비자원에 접수된 수입차 10개 브랜드의 피해 상담 건수는 3천807건에 달한다.차량 10만 대당 피해 상담 건수 역시 수입차가 476건으로 국산 차 145건의 3배 이상이었다.대부분은 차량 수리나 정비 등 애프터서비스가 제대로 되지 않아 피해 상담을 한 사례였다.한 수입차 서비스센터 관계자는 ""아무래도 담당해야 할 수입차가 많다보니 차량이 정비를 마치고 출고되기까지 대기 시간이 오래 걸릴 수밖에 없다""고 설명했다.소비자원에 따르면 BMW, 메르세데스 벤츠, 폭스바겐, 혼다 등 7개 수입차 브랜드의 전국 공식 서비스센터는 2012년 기준 142개에 그쳤다.센터 1곳이 맡아야 할 차량 대수도 평균 2천953대로 국산 차의 5.5배에 달했다.수입차 브랜드마다 자체 서비스센터를 차츰 늘리고 있지만 여전히 국산 차에 비하면 걸음마 수준이다.지난해 11월 기준 국내 수입차 등록 대수는 126만대가 넘지만 BMW, 메르세데스 벤츠, 폭스바겐 등 20개 수입차 브랜드의 전국 공식 서비스센터 수는 359개였다.국산 차인 현대차와 기아차가 총 2천245개의 공식 서비스센터를 운영하는 것과 비교해 큰 차이가 난다.소비자원 관계자는 ""공식 서비스센터를 확충하기 어렵다면 1∼2급 정비공장을 협력업체로 지정해 정비망을 늘리는 방안을 검토해야 한다""고 지적했다.chamse@yna.co.kr"
193,2016-12-23,"경북 포항 인근서 규모 2.2 지진…""피해 없을 듯""",https://news.naver.com/main/read.nhn?mode=LSD&mid=shm&sid1=102&oid=001&aid=0008910006,연합뉴스,"[연합뉴스TV제공](포항=연합뉴스) 류성무 기자 = 23일 오전 5시 31분께 경북 포항시 북구 북쪽 9㎞ 지역에서 규모 2.2 지진이 발생했다.진앙은 북위 36.12도, 동경 129.36도 지점이다.기상청은 피해는 없을 것으로 예상한다고 밝혔다.tjdan@yna.co.kr"
194,2016-12-23,국정 역사교과서 운명 내주 발표…오늘 의견 수렴 마감,https://news.naver.com/main/read.nhn?mode=LSD&mid=shm&sid1=102&oid=001&aid=0008910001,연합뉴스,"'적용시기 1년 연기 유력' 관측(세종=연합뉴스) 황희경 기자 = 국정 역사교과서 찬반논란이 계속되는 가운데 국정교과서 현장검토본에 대한 의견수렴이 23일 마감된다.의견수렴이 마무리됨에 따라 교육부는 다음 주 중 국정 역사교과서를 학교현장에서 어떻게 적용할지 결정해 발표할 예정이다.교육부에 따르면 21일까지 2천511건의 의견이 제출됐다. 의견 중에는 내용 관련 의견이 1천438건으로 가장 많았고 오·탈자 관련 의견이 52건, 이미지 관련 의견이 27건, 비문 지적 10건 등이었다.나머지 984건은 역사교과서 국정화에 대한 찬·반 등 기타의견으로 분류됐다.교육부는 지난달 28일 국정 역사교과서 현장검토본을 전용 홈페이지(historybook.moe.go.kr)에 공개하고 역사교사와 일반 국민을 대상으로 의견을 받아왔다.교육부는 앞서 13일 국회 교육문화체육관광위원회 보고에서 그동안 접수한 의견 중 16건은 반영해 교과서를 수정하기로 했다고 밝혔다.즉시 반영하기로 한 의견은 고교 한국사 교과서의 세형동검 출토지역을 중학교 교과서 표기 내용과 통일하고 연표 순서를 교체하는 등 명백한 오류나 단순 지적사항 등이다.교육부는 23일까지 접수한 내용을 반영해 내년 1월 중 최종본을 완성해 보급한다는 계획이다.그러나 국정교과서 적용 시기 연기 등 현장 적용방안을 어떻게 결정하느냐에 따라 향후 일정은 변동될 것으로 보인다.이준식 사회부총리 겸 교육부 장관은 '최순실 게이트'로 국정교과서 비판 여론이 더욱 커지자 23일까지 의견을 접수한 뒤 현장 적용방안을 발표하겠다고 밝힌 바 있다.베일 벗은 국정교과서…교육부 ""올바른 역사교과서""(CG)[연합뉴스TV 제공]현장 적용방안으로는 교과서 적용 시기를 한 해 늦추는 방안이 유력하게 거론돼왔다.교육부는 지난해 2015 개정 교육과정을 고시하면서 중학교 역사와 고등학교 한국사 과목에 한해 시행시기를 다른 과목보다 1년 앞선 2017년 3월1일로 해 중1, 고1부터 적용하겠다고 밝혔다.중학교 역사, 고교 한국사를 제외한 나머지 과목은 2018년 3월1일에 초등 3·4학년과 중1·고1, 2019년 3월1일에 초등 5·6학년과 중2·고2, 2020년 3월1일에 중3·고3으로 개정 교육과정이 순차 적용된다.이에 따라 2017년 3월1일이 되면 2015 개정 교육과정이 적용되는 역사교과서는 국정 역사교과서 밖에 없는 셈이 돼 중1, 고1의 경우 당장 내년 3월부터 국정 역사교과서를 쓸 수밖에 없다.그러나 시행시기를 1년 늦추는 것으로 결정되면 이런 고시 내용을 수정해 재고시하면 되고 중1, 고1은 현행 2009 개정 교육과정이 적용된 기존 검정 역사교과서를 그대로 쓸 수 있게 된다.일각에서는 교육부가 국정화를 강행할 것이란 관측도 있다.이 부총리가 최근 국회 답변 등에서 '역사교과서 편찬은 정치 상황과 상관없이 추진한 것'이라고 여러차례 강조했고, 황교안 대통령 권한대행 국무총리도 국정화 추진에 강한 의지를 보여왔다는 점 등이 이런 관측의 근거다.그러나 각종 여론조사에서 국정화에 대한 부정적 여론이 우세한 것으로 나타나고 야당에서도 국정교과서 폐지에 총력을 기울이겠다는 방침을 밝힌 만큼 국정화를 강행하기는 부담이 따르는 것도 사실이다.내년 신학기를 준비해야 하는 상황에서 전국의 여러 학교에서 국정교과서 주문 취소가 잇따르는 등 학교현장의 혼란이 계속되는 점을 고려할 때 교육부가 하루라도 빨리 현장 적용 방안을 내놓아야 한다는 목소리가 커지고 있다.이준식 사회부총리 겸 교육부 장관이 13일 오전 국회에서 열린 교육문화체육관광위원회 전체회의에서 국정 역사교과서 문제와 관련해 답변하고 있다.[연합뉴스 자료사진]zitrone@yna.co.kr"
195,2016-12-23,2016년 최고 과학성과는 '중력파 검출',https://news.naver.com/main/read.nhn?mode=LSD&mid=shm&sid1=105&oid=001&aid=0008909996,연합뉴스,"100년전 아인슈타인의 예측 '중력파' 찾았다(CG)<<연합뉴스TV 제공>>국제학술지 '사이언스', 10대 혁신성과 발표(서울=연합뉴스) 신선미 기자 = 아인슈타인이 1세기 전 주장한 중력파의 존재를 실제로 확인한 고급레이저간섭계중력파관측소(라이고·LIGO) 과학협력단의 성과가 올해 최고의 연구로 평가받았다.국제학술지 사이언스(Science)는 23일 '올해의 혁신성과'(Breakthrough of the Year) 10개를 선정하면서 중력파 검출을 첫 번째로 발표했다.'중력파 검출' 지구에서 관측 성공(서울=연합뉴스) 김주형 기자 = 12일 오전 서울 명동 이비스 앰배서더 호텔에서 열린 '중력파 검출'에 관한 한국 과학자 기자회견에서 한국중력파연구협력단 이형목(서울대 물리천문학부) 교수가 라이고(LIGO) 검출기가 충돌하는 두 블랙홀로부터 방출된 중력파 관측에 대해 설명하고 있다. 2016.2.12    kjhpress@yna.co.kr서울대, 부산대, 국가수리과학연구소, 한국과학기술정보연구원(KISTI) 등의 국내 연구진을 비롯해 전 세계 1천 명이 넘는 연구자로 구성된 LIGO 과학협력단은 시공간의 뒤틀림인 중력파를 지난해 9월 탐지했다고 올해 2월 발표한 바 있다. 당시 검출된 중력파는 태양 질량의 36배, 29배인 블랙홀이 지구에서 13억 광년 떨어진 곳에서 충돌해 합쳐지는 과정에서 나온 것이다.사이언스 측은 ""중력파의 실체가 확인된 만큼 우주 연구에도 새로운 장이 열리게 됐다""고 전했다. 빛이나 전파 대신 중력파를 이용해 질량이 큰 별의 생성과 진화, 우주 초기 천체들의 특성 등을 이해하는 '중력파 천문학'이 시작될 거라는 의미다.알파고 대국을 마치고 기자회견 하는 이세돌 9단(서울=연합뉴스) 한종찬 기자 = 이세돌 9단이 15일 오후 서울 종로구 포시즌스 호텔에서 열린 '구글 딥마인드 챌린지 매치' 인공지능(AI) 바둑 프로그램 알파고(AlphaGo)와의 5번기 제5국을 마치고 데미스 하사비스 구글 딥마인드 대표와 함께 기자회견을 하고 있다. 이세돌 9단은 이날 대국에서 끝내기 승부에 돌입했지만 280수 만에 패했다. 2016.3.15    saba@yna.co.kr올해 3월 세계 최정상급 기사인 이세돌 9단과 승부를 겨룬 구글 딥마인드의 바둑 인공지능(AI) '알파고'도 혁신성과로 뽑혔다. 경우의 수가 지나치게 많아 바둑은 그간 '인간의 영역'이라고 불렸지만, 알파고는 날카로운 수 읽기와 새로운 전략을 무기로 인간을 상대로 보란 듯 4승을 거뒀다. 사이언스 측은 이번 대국을 인공지능의 발전과 가능성을 확인한 '기념비적인 사건'이라고 평가했다.외계행성 '프록시마 b'의 발견도 순위에 올랐다. 영국 런던 퀸메리대의 길렘 앙글라다-에스쿠데 교수팀은 지구에서 4.2광년(약 40조㎞) 떨어진 곳에 있는 '프록시마 센타우리' 별 주위를 11.2일에 한 바퀴씩 도는 이 행성을 관측해 올해 8월 발표했다. 프록시마 b는 질량과 구성이 지구와 매우 유사한 데다, 표면에 액체 상태의 물이 존재할 것으로 추정되고 있다.제2의 지구?…지구 닮은 가장 가까운 행성 발견(CG)[연합뉴스TV 제공]생명과학 분야에서도 다양한 연구 성과가 실렸다. 일본 규슈대와 도쿄대 등이 실험실에서 배아줄기세포로 만든 '인공 난자'는 동물복제나 난임 연구 등에 유용하게 쓰일 것으로 기대를 모으고 있다.미국 솔크연구소팀이 유전자 4개의 활성을 조절해 쥐의 노화 과정을 늦추고, 수명을 30%가량 연장한 성과도 사이언스의 인정을 받았다. 수 나노미터(nm·10억 분의 1ｍ) 크기의 구멍에 바이러스나 기생충 등의 유전물질(DNA)를 넣으면 서열을 분석해주는 실험장치도 10대 혁신성과에 이름을 올렸다.이 밖에 주요 생체물질인 단백질의 구조를 설계하는 기술, 600nm 두께의 초박막 메타렌즈(meta-lens·인공물질로 만든 렌즈) 개발, 대규모 유전체 연구로 밝힌 인류의 확산경로, 대형 유인원이 상대방의 의도를 읽을 수 있음을 밝힌 연구 등이 올해의 혁신성과에 포함됐다.sun@yna.co.kr"
196,2016-12-23,계속된 '말바꾸기 의혹' 조여옥 대위…위증 논란 증폭,https://news.naver.com/main/read.nhn?mode=LSD&mid=shm&sid1=100&oid=421&aid=0002468901,뉴스1,"조여옥 전 청와대 간호장교가 22일 국회에서 열린 최순실 국정조사특위' 5차 청문회에 증인으로 출석해 답변하고 있다. 2016.12.22/뉴스1 © News1 손형주 기자오전에 軍과 연락안했다던 조 대위 오후에 말바꿔(서울=뉴스1) 박상휘 기자,서미선 기자 = 청와대에서 간호장교로 근무한 조여옥 대위의 계속된 말바꾸기가 청문회 도마 위에 올랐다.조 대위는 22일 오전 '최순실 국정농단' 국정조사특별위원회 5차 청문회에 출석, 미국에서 귀국 후 군 관계자나 청와대 관계자 만난적이 있느냐는 물음에 ""없다. 통화한 적도 없다""고 답했다.그러나 조 대위의 이 같은 발언은 계속 바뀌었다. 조 대위는 귀국 이후 국회 출입과 동행인 문제 등으로 군측과 직접 연락한 것으로 나타났다.계속된 말바꾸기에 조 대위는 오후가 돼서야 국방 국외교육장교에게 연락했다고 부연했다.조 대위는 또 지난 18일 귀국 이후 청문회에 출석하기 까지 가족들과 시간을 보냈다고 증언했으나 추후 친구들과 만나 저녁식사를 했다고 오락가락한 답변을 내놨다.조 대위는 미국에 체류할 당시 기자회견을 스스로 자청해 세월호 참사 당시 자신은 청와대 의무동에서 근무했다고 설명했는데 이 역시 말을 바꿨다.이날 조 대위는 의무동에서 근무했다는 자신의 발언을 의무실에서 근무했다고 스스로 말을 뒤집었다.의무동은 대통령 진료를 전담하는 곳인 반면, 의무실은 청와대 직원들을 위한 곳이다. 따라서 박 대통령의 행적을 숨기기 위해 일부러 말을 바꾼 것 아니냐는 의심이 강하게 드는 대목이다.청와대 의무실장과 엇갈리는 증언도 했다. 조 대위는 이날 박 대통령을 포함해 청와대 직원들에게 태반주사, 백옥주사, 감초주사를 놨다고 말했다.그러나 지난 5일 이선우 의무실장은 청문회에서 태반주사는 오직 박 대통령에게만 놓았다고 진술한 바 있다.따라서 이날 조 대위의 증언에 신빙성을 느끼지 못한 국조특위는 조 대위의 출국금지를 검토해 박영수 특별검사팀에 요청한다는 계획이다.sanghwi@▶ 놓치면 후회! 최신 만화 보기 / 2017년 나의 운세 보기[© 뉴스1코리아(news1.kr), 무단 전재 및 재배포 금지]"
197,2016-12-23,"일, 내년 독도영유권 주장 강화한다",https://news.naver.com/main/read.nhn?mode=LSD&mid=shm&sid1=102&oid=022&aid=0003129159,세계일보,"영토·주권 민간연구 지원사업 5억1000만엔 정부예산 편성‘낙도 활성화’에도 50억엔 책정일본 정부가 내년에 독도 영유권 주장을 강화할 방침인 것으로 드러났다.22일 일본 재무성 등에 따르면 이날 각료회의(국무회의)를 통과한 내년도 정부예산안에는 ‘영토·주권·역사 조사연구 지원사업’에 5억1000만엔(약 52억원)이 처음으로 편성됐다. 이 항목은 영토·주권·역사를 연구하는 민간 기관의 연구활동을 지원해 일본의 영유권 주장을 강화하고, 연구 성과를 국내외에 공유하고 홍보하기 위한 사업이다.그동안 일본 정부는 외무성과 내각관방 홈페이지 등을 통해 독도(일본명 다케시마)와 센카쿠제도(중국명 댜오위다오)가 일본의 고유 영토라고 주장해왔다. 이에 더해 내년에는 민간 연구기관에 국가 예산을 써서 관련 주장을 더욱 강화하려는 것이다. 일본 정부는 독도와 센카쿠제도뿐 아니라 최근 러·일 정상회담에서 거론된 쿠릴 4개섬(일본명 북방영토)도 이 사업의 대상으로 삼고 있는 것으로 알려졌다.일본 정부는 또 ‘낙도 활성화’ 예산으로 50억엔(약 508억원)을 새롭게 책정했다. 본섬에서 멀리 떨어진 낙도가 사람이 살지 않는 무인도가 될 경우 영토 방위에 공백이 생길 수 있다고 보고 선박 운임 할인, 생필품 가격 안정화 등을 통해 지역을 활성화하겠다는 것이다. 그러나 이 사업의 지원 대상에 센카쿠제도 주변 낙도뿐 아니라 독도와 가까운 시마네반도 오키제도의 섬들도 포함돼 일본 정부의 독도 영유권 주장과 연관된 것으로 의심받고 있다.일본 정부는 최근 역사교육 문제도 개입을 강화하고 있어 자칫 수정주의 역사관을 학생들에게 주입할 수 있다는 우려도 사고 있다. 문부과학성 자문기구인 ‘중앙교육심의회’는 최근 초·중·고 대상 학습지도요령 개정안을 통해 일본사와 세계사를 통합한 역사 교과서를 신설하고 2022년부터 고교생 필수과목으로 지정했다. 기존에는 세계사 2과목 중 1과목을 선택하고, 일본사와 지리를 통틀어 4과목 중 1과목을 필수로 선택할 수 있어 일본사를 배우지 않을 수 있었다.일본 아베 신조(安倍晋三) 정권은 2006년 교육기본법을 개정한 바 있으며, 2012년 말 재집권한 이후 교과서 검정기준과 학습지도요령 해설서를 통해 우익 세력의 주장을 대거 반영하는 등 역사 수정주의적 색채를 강화하고 있다. 지난 3월 검정을 통과한 고교 사회과 교과서 35종 가운데 27종에 독도와 관련해 “일본의 고유 영토” “한국 불법 점거” 등의 표현이 담겼다.한편 일본 정부는 내년 예산안에서 방위비로 사상 최대인 5조1251억엔(약 52조1200원)을 편성했다. 이는 올해보다 1.4% 늘어난 액수로 5년째 증가세를 이어가는 것이다. 일본이 지난 3월 시행된 개정 안보관련법을 통해 자위대가 경우에 따라 선제공격을 할 수 있게 하는 등 무력 사용 범위를 확대하고 있어 일본이 군국주의를 재현하려는 것 아니냐는 우려의 목소리도 적지 않다.도쿄=우상규 특파원 skwoo@segye.comⓒ 세상을 보는 눈, 글로벌 미디어세계일보"
198,2016-12-23,"8000억은 빙산의 일각…최순실, 수조원 은닉 정황",https://news.naver.com/main/read.nhn?mode=LSD&mid=shm&sid1=100&oid=469&aid=0000179677,한국일보,"독일ㆍ영국ㆍ스위스ㆍ리히텐슈타인 4개국에 최대 10조원 추정‘특검팀과 공조’ 독일 사정당국, 유럽 전역으로 수사 확대할 듯거액 빼돌린 사실 확인 땐 국내서도 혐의 추가 가능성박근혜 대통령과 공모해 국정을 농단한 혐의 등으로 기소된 '비선 실세' 최순실(60)이 지난 19일 서울중앙지법에서 열린 첫 재판에 참석하기 위해 호송차에서 내리고 있다.  김주성기자최순실(60ㆍ구속기소)씨와 딸 정유라(20)씨 등이 독일 8,000여억원을 포함해 유럽 각국에서 최대 10조원에 달하는 재산을 차명 보유하고 있는 정황을 독일 사정당국이 포착해 사실관계 파악에 나선 것으로 확인됐다. ‘최순실 게이트’를 수사 중인 박영수(64) 특별검사팀은 독일 사법당국과의 공조를 통해 최씨의 정확한 해외 재산 규모를 확인하고 있다.22일 특검팀과 법무부 및 사정당국에 따르면 독일 검찰과 경찰은 최씨 모녀 등이 독일을 비롯해 영국 스위스 리히텐슈타인 등 4개국에 수조원대, 최대 10조원에 이르는 자산을 보유하고 있는 것으로 보고 수사를 확대하고 있다. 독일 헤센주 검찰이 최씨 모녀와 10여명의 조력자가 설립한 500여개 페이퍼컴퍼니(본보 22일자 1ㆍ3면)의 자금을 추적하던 중 이들이 스위스 리히텐슈타인 등의 은행에 보유하고 있는 금액까지 최대 10조원의 자산을 보유하고 있다는 첩보를 확보하고 수위를 높여 연방검찰 차원에서 수사를 진행 중이다. 10조원이 최씨가 보유한 금액인지, 페이퍼컴퍼니끼리 얽히고설킨 지분관계에 따라 중복 계산된 금액인지는 확인되지 않았으나 독일 사정당국은 이를 독일 범죄수사 사상 최고액으로 추측하고 있다. 최씨 일당을 범죄조직으로 규정하고 최씨 모녀를 중요 범죄자 블랙리스트에 올린 것도 이 때문이다.최씨 등의 자산을 보유 중인 스위스와 리히텐슈타인은 대표적인 조세회피처다. 스위스는 자산에 대한 세금이 전혀 없고, 리히텐슈타인은 해외 소득에 대한 세금이 전혀 없거나 소득ㆍ자본에 대한 세율이 현저히 낮다. 영국령인 버진아일랜드도 주요 조세회피처다. 최씨가 영국에서 귀국한 점도 의미심장하다.결국 최씨 모녀에 대한 수사는 유럽 전역으로 확대될 것으로 보인다. 특검팀은 관련된 국가들과 개별적으로 공조절차를 거치는 것이 시간이 더 오래 걸린다는 판단 아래 유럽연합(EU) 국가들과 공조체계가 잘 갖춰진 독일을 통해 협조를 받겠다는 방침이다. 적극적으로 수사할 의지를 보이고 있는 독일 측도 특검팀과 조율해 이 같은 방식으로 최씨 등의 자산 규모를 확인할 방침이다.최씨 등이 이처럼 거액을 해외로 빼돌린 것이 확인되면 국내에서도 혐의가 추가될 가능성이 농후하다. 당국에 신고하지 않고 거액의 국내 재산을 조세도피처로 빼돌렸을 경우 외국환거래법 위반 혐의(해외재산도피)가 적용된다.이규철 특검보는 이날 “최씨 등이 독일에서 8,000억 재산을 보유했다는 부분을 확인 중”이며 “최씨 일가의 재산 형성 과정에 관한 의혹도 있는 만큼 그 부분도 살피고 있다”고 밝혔다. 더불어민주당은 이날 “최씨 일가가 8,000억원이라는 큰 재산을 형성했다면 그 초기 자금의 출처를 조사하는 것이 필요하다”며 적극적인 수사를 촉구했다.안아람 기자oneshot@hankookilbo.com김정우 기자wookim@hankookilbo.com남상욱 기자thoth@hankookilbo.com조원일 기자callme11@hankookilbo.com▶한국일보[페이스북][카카오 친구맺기]▶자동차의 모든 것! [모클][ⓒ 한국일보(hankookilbo.com), 무단 전재 및 재배포 금지]"
199,2016-12-23,"승마협 前전무 ""다 폭로"" 최순실 협박..삼성 승마지원에 대가..",https://news.naver.com/main/read.nhn?mode=LSD&mid=shm&sid1=100&oid=020&aid=0003029451,동아일보,"[동아일보]특검, 진술 확보… 뇌물죄 입증 주력최순실 씨(60)와 삼성 사이의 ‘가교’ 역할을 했던 박원오 전 대한승마협회 전무(64)가 “삼성과 체결한 계약대로 이행하지 않으면 다 폭로하겠다”며 최 씨를 협박했다는 진술을 박영수 특별검사팀이 확보했다. 승마 특혜지원 논란을 빚고 있는 삼성과 최 씨 사이의 거래 배경에 모종의 대가성이 있었다는 취지다.최 씨의 최측근 인사는 22일 동아일보와 만나 “지난해 8월 26일 삼성전자와 최 씨 소유의 독일 법인 코어스포츠인터내셔널(현 비덱스포츠) 간의 총 257억 원대 계약이 체결된 후 박 전 전무가 최 씨에게 승마선수 훈련 지원 등 약속을 이행해야 한다고 바른말을 했다가 그 자리에서 해고됐다”고 말했다. 이후 코어스포츠에서 손을 뗀 박 전 전무는 한국으로 귀국해 “‘약속을 지키지 않고 내 코어스포츠 지분을 돌려주지 않으면 다 불어버리겠다’고 최 씨에게 이메일을 보냈다”고도 최 씨 측근은 전했다.최 씨의 딸 정유라 씨(20)의 승마 훈련 지도를 계기로 최 씨 측근이 된 박 전 전무는 정 씨의 독일 전지훈련 계획을 삼성에 제안한 아이디어 제공자이자 계약 체결 과정에서 양측의 의견을 조율한 인물이다. 이 때문에 그가 폭로를 빌미로 최 씨를 압박한 데는 삼성이 지금까지 부인해왔던 자금 지원의 대가성과 거래 전말을 상세히 인지하고 있을 가능성이 높다는 분석이 나온다.검찰에서 수사 기록을 넘겨받은 특검은 이런 진술들을 토대로 삼성과 최 씨, 박근혜 대통령 등이 얽힌 제3자 뇌물죄를 입증하는 데 주력하고 있다. 지난해 삼성과 최 씨의 계약 무렵 불거진 제일모직과 삼성물산의 합병 당시 삼성물산 최대주주인 국민연금이 삼성 오너 일가에 유리하도록 찬성표를 던진 경위가 연결고리가 될지 의심하고 있다.신나리 journari@donga.com·김민　기자▶ 동아일보 단독/동아일보 공식 페이스북▶ 어제 못본 TV 명장면이 궁금하다면 'VODA'ⓒ 동아일보 & donga.com, 무단 전재 및 재배포 금지"
200,2016-12-23,"소비자 보호하랬더니…""못 팔겠다""는 금융사들",https://news.naver.com/main/read.nhn?mode=LSD&mid=shm&sid1=101&oid=469&aid=0000179673,한국일보,"당국 규제 강화ㆍ방침 변경에 상품 판매ㆍ서비스 중단 빈발단기납입 저축보험ㆍ보금자리론H지수 ELSㆍ카드 무이자 할부 등소비자 선택권 침해 결과 불러게티이미지뱅크소비자 보호 차원에서 금융당국이 규제나 방침을 변경하면 금융사들이 아예 관련상품 판매를 중단해 버리는 사례가 갈수록 잦아지고 있다. “당국의 뜻에 맞추려면 불가피한 고육책”이라는 게 금융사들의 항변이지만, 금융당국의 무관심 속에 정작 해당 상품이 필요한 소비자들의 선택권은 외면 받고 있다는 지적이 나온다.22일 보험업계에 따르면 흥국화재는 지난달부터 보험료 납입기간 3년, 만기 5년짜리 저축보험(행복자산플러스) 판매를 중단했다. 하나생명도 최근 납입기간 2ㆍ3년, 만기 3년짜리 저축보험을 없애고 이를 만기 5년 이상 상품으로 변경했다. 미래에셋생명과 한화생명 등도 다음달부터 이처럼 납입기간이 비교적 짧은 ‘단기납입 저축보험’ 판매 비중을 줄일 계획이다.보험사들의 이런 반응은 내년 1월부터 저축보험 중도해지 시 원금보장 시점을 현행 ‘만기’에서 ‘보험료 납입기간’으로 앞당기는 당국의 새 감독규정 때문이다. 새 규정이 시행되면 짧은 운용기간 안에 원금 수준까지 수익을 내기 어려워져 아예 상품을 안 파는 게 낫다는 것이다. 한 보험사 관계자는 “저금리 기조에서 보험사로선 상품을 팔수록 손해를 보는 구조가 된다”며 “이미 올 들어 저축보험 판매 비중을 대폭 낮추는 중”이라고 말했다. 실제 대형 손해보험사 4곳(삼성ㆍ현대ㆍ동부ㆍKB)의 올 9월말 기준 단기납입 저축보험 판매실적(528억원)은 작년 같은 기간(1,378억원)보다 절반 이상 급감했다.이런 판매중단 사례는 비단 저축보험뿐이 아니다. 앞서 올 5월에는 당국이 카드사의 불완전판매 감독 강화방침을 밝히자, 카드사들이 “텔레마케팅 판매직원 관리를 제대로 하려면 비용이 증가해 수익성을 맞출 수 없다”며 지난 10년 간 팔아 온 채무면제ㆍ유예상품(DCDSㆍ수수료를 받고 가입자의 사고 시 카드결제 대금을 깎아주는 상품) 신규 판매를 차례로 중단했다. 10월에는 당국의 가계부채 억제 방침에 주택금융공사가 돌연 보금자리론 대출기준을 대폭 강화해 ‘사실상 대출 중단’ 논란을 빚기도 했다.작년 초 홍콩 H지수가 급락해 관련 주가연계증권(ELS) 투자자 손실이 급증했을 때도, 당국이 상품발행 자제를 권고하자 증권사들은 일제히 H지수 관련 ELS 판매를 중단했다. 이를 두고, 작년 하반기 이후 H지수가 반등했을 때 수익을 챙길 기회를 소비자에게 오히려 박탈한 것이란 지적이 일기도 했다.2012년에는 당국이 경제 민주화 바람 속에 카드 수수료율 체계를 개편하자 카드사들이 경영난이 예상된다며 이전까지 인기를 끌던 무이자할부 서비스를 일제히 중단해 비난을 산 적도 있다.이런 모순에 대해 금융당국은 원론만 강조한다. 당국 관계자는 “소비자 피해 우려가 높은 상품은 사전규제가 강화돼야 대형 사고를 막을 수 있다”면서 다만 “규제 변화에 따른 부작용에도 관리감독을 강화하겠다”고 말했다.김석영 보험연구원 금융정책실장은 “당국의 적절한 규제는 필요하지만 상품 특성을 고려하지 않을 경우, 오히려 소비자 선택권을 침해할 소지가 있다”고 지적했다.강지원 기자 stylo@hankookilbo.com▶한국일보[페이스북][카카오 친구맺기]▶자동차의 모든 것! [모클][ⓒ 한국일보(hankookilbo.com), 무단 전재 및 재배포 금지]"
201,2016-12-23,"12, 13세 여학생 자궁경부암 무료접종 12월에 꼭 받으세요",https://news.naver.com/main/read.nhn?mode=LSD&mid=shm&sid1=102&oid=020&aid=0003029454,동아일보,"[동아일보]연내 맞아야 내년 2차도 무료… 개인 부담땐 백신값 30만~36만원정부 “불임 등 부작용 사실무근”방학을 앞둔 초등학교 6학년 딸에게 자궁경부암 무료 백신을 맞히려는 주부 강모 씨(40)를 다른 학부모가 뜯어말렸다. “소셜네트워크서비스(SNS)도 안 봤어요? 그 주사 맞으면 부작용 때문에 임신을 못할 수도 있대요.” 강 씨는 산부인과에서 간호사로 일하는 친구에게 전화를 걸어 “백신을 맞아도 괜찮다”는 답을 들었지만 불안감이 가시질 않았다.만 12, 13세(2003년 1월∼2004년 12월생) 여성 청소년에게 자궁경부암 무료 예방접종을 실시한 지 6개월이 넘었지만, 강 씨처럼 접종을 꺼리는 학부모가 많아 접종률이 절반도 되지 않는 것으로 나타났다. 질병관리본부는 무료 접종 대상 46만4932명 중 이달 20일까지 1차 접종을 마친 청소년이 18만3461명(39.5%)으로 집계됐다고 22일 밝혔다. 출생연도별로는 중학교 1학년에 해당하는 2003년생의 참여율이 43.8%, 초등학교 6학년인 2004년생이 35%에 불과했다.일부 학부모들의 불안은 해외 사례에서 비롯됐다. 미국 일본 등 일찍이 무료 예방접종 사업을 시행한 나라에서 일부 여성 청소년이 접종 후 보행 장애와 난소 부전 등 증상을 보인 것에 대해 “국가가 놓아주는 주사를 맞으면 걷지도 못하고 임신도 할 수 없게 된다”는 주장이 SNS를 통해 급속히 퍼졌고, 일각에서는 “정부와 제약회사가 유착해 아이들의 건강을 해친다”는 ‘음모론’까지 제기된 것이다.보건당국은 백신이 안전하다며 연내 접종을 당부했다. 일부 국가에서 예방접종 후 부작용으로 의심되는 증상이 발생해 논란이 일었지만 미국 질병예방통제센터(CDC)와 유럽의약청(EMA), 일본 후생노동성이 해당 사례들을 조사한 뒤 “백신과 무관한 증상”이라는 결론을 내렸다는 설명이다. 공인식 질병관리본부 예방접종관리과장은 “만 13세의 경우 이달 말까지 1차 접종을 하지 않으면 내년부터 1, 2차 접종 비용 30만∼36만 원을 지원받을 수 없다”며 “예방접종도우미 홈페이지(nip.cdc.go.kr)에서 무료 접종 병·의원을 확인한 뒤 기간 내에 접종해 달라”고 당부했다.자궁경부암은 자궁 입구가 인유두종바이러스(HPV)에 감염돼 발생하는 악성종양으로, 매년 4000여 명의 환자가 새로 생기고 900여 명이 사망한다. 여성이 걸리는 암 중 발병률은 7위, 사망률은 9위에 해당하며 뒤늦게 발견하면 완치가 어렵지만 백신을 맞으면 발병 가능성을 10% 아래로 낮출 수 있는 것으로 알려졌다.조건희　기자 becom@donga.com▶ 동아일보 단독/동아일보 공식 페이스북▶ 어제 못본 TV 명장면이 궁금하다면 'VODA'ⓒ 동아일보 & donga.com, 무단 전재 및 재배포 금지"
202,2016-12-23,"우병우 ""朴대통령-김기춘 존경""…의혹엔 ""모른다, 아니다""",https://news.naver.com/main/read.nhn?mode=LSD&mid=shm&sid1=100&oid=020&aid=0003029441,동아일보,"[동아일보][우병우 청문회]우병우 “朴대통령과 주로 전화 통화… 독대 횟수 안밝히는게 비서 본분… 장모도 최순실 씨 모른다고 해”세월호 수사때 檢에 전화만 인정… 국정원 핫라인 논란엔 “정상적 보고”의원들 의혹 규명 못하고 호통만… 26일 최순실 구치소 현장 청문회민주 “구속수사를” 우병우 앞 피켓 시위 우병우 전 대통령민정수석비서관(맨위쪽 사진 오른쪽)이 22일  최순실 국정조사특별위원회 5차 청문회에 증인으로 참석하기 위해 국회로 들어서자 더불어민주당 의원들이 우 전 수석의 구속 수사를  주장하는 피켓을 들고 항의하고 있다. 맨위쪽 사진 앞줄 왼쪽부터 신경민 진선미 이재정 백혜련 박주민 의원. 우 전 수석은 이날  국조위원들의 질의를 받고 묘한 표정을 짓거나(왼쪽 아래), 고개를 숙이며 생각에 잠기기도 했다(오른쪽 아래). 홍진환  jean@donga.com·최혁중 기자22일 최순실 국정 농단 국회 국정조사특별위원회 5차 청문회는 ‘우병우 청문회’였다. 우병우 전 대통령민정수석비서관은 이날 각종 의혹에 “아니다”로 일관했고, 특위 위원들의 결정적인 ‘한 방’이 없는 질문 공세는 우 전 수석의 방패를 뚫기엔 역부족이었다.○　“대통령과의 독대 횟수 밝힐 수 없어”우 전 수석은 촛불 민심에 대한 의견을 묻자 “정치적 입장을 밝히는 것은 부적절하다”고 답변을 피했다. 하지만 박근혜 대통령을 존경하느냐는 질문에는 “존경한다”며 “국가와 국민을 위해 일한다는 식으로 말했고 진정성을 믿었다”고 답했다. 김기춘 전 대통령비서실장에 대해서도 “내가 모신 비서실장이라 존경했다”고 했다.우 전 수석은 대통령과의 독대 여부에 대해선 “주로 전화 통화를 했다”며 “독대한 적 있다. 몇 번인지 밝히는 것은 적절치 않다고 생각한다. 그렇게 자주는 아니다”라고 말했다. 독대 횟수를 밝히지 못하는 이유에 대해선 “비서라는 공직자로서의 본분이라고 생각한다”고 맞섰다.추명호 전 국가정보원 국장의 핫라인 보고 의혹에 대해서도 우 전 수석은 “국정원 보고를 정상적으로 받은 것”이라고 주장했다. 그는 “(추 전 국장을) 올해 초 한 번 만났다. 전화는 가끔 했다”고 답했다.○“최순실 차은택 모른다”우 전 수석은 국정 농단 의혹 중심에 서 있는 최순실, 차은택 씨를 아느냐는 질문에 모두 “모른다”고 주장했다. 최 씨의 관저 출입 여부도 “나는 몰랐다”고 주장했다. 이날 증인으로 출석한 노승일 K스포츠재단 부장은 “고영태 씨로부터 ‘차 씨의 법조 조력자가 김기동(검사장)이고, 김기동을 우병우가 소개했다’고 들었다”고 주장했다. 그러나 우 전 수석은 “차 씨든 김 씨든 여기 불러서 확인해 봤으면 좋겠다. 차 씨를 만난 적도 없고 명함을 준 적도 없다”고 부인했다.김기동 현 대검찰청 부패범죄특별수사단장은 실제 올해 초 차 씨를 만난 적이 있는 것으로 전해졌다. 특수단 후배 검사 중 한 명이 차 씨와 휘문고 동기인데, 후배와 차 씨가 만난 자리에 우연히 동석했다는 것이다. 하지만 당시는 김 검사장이 미르·K스포츠재단이나 최 씨 관련 내용을 전혀 알지 못한 것으로 전해졌다.○ 장모와 최순실 차은택 골프 회동 사실 아니다?새누리당 장제원 의원은 “최 씨의 차명 소유 회사가 (우 전 수석 장모 김장자 회장 소유의) 기흥컨트리클럽과 거래도 하는데 어떻게 최 씨를 모르냐”고 따졌다. 이에 우 전 수석은 “일단 나는 최 씨를 모르고 전부 장모와 관계된 것”이라며 “장모에게도 (최 씨를 아냐고) 물었지만 모른다고 했다”고 답했다.2013년 장모인 김장자 회장과 최순실 차은택의 골프 회동에 대해서도 “차은택을 모르기 때문에 내가 확인할 수 있는 건 우리 장모밖에 없다”고 책임을 미루면서 장모도 만난 적이 없다고 했느냐고 묻자 “예”라고 답변했다.국민의당 김경진 의원은 “우 전 수석의 장모는 최 씨가 기흥컨트리클럽만 오면 버선발로 뛰어나가 맞이했다는 제보가 있다”고 주장했다. 김 의원은 “우병우를 최순실이 꽂아줬다고 (우 전 수석 장모로부터) 들었다”는 취지의 기흥컨트리클럽 종업원 음성 녹취록을 공개하기도 했다. 하지만 우 전 수석은 “납득할 수 없다”며 “후배가 근무한 자리에 가는 게 맞나 고민했다”고 맞섰다.○ 해경 수사 때 전화 유일하게 인정이날 유일하게 우 전 수석이 인정한 건 세월호 참사 수사와 관련해 광주지검 수사팀 간부에게 전화를 걸었다는 내용이다. 수사 개입이 아니라 기관(검찰-해경)끼리 충돌하고 있는 내용에 대한 상황 파악일 뿐이라는 주장이었다. 이에 대해 더불어민주당 박영선 의원은 “법무부에 문의하는 게 정상”이라며 “(수사팀에 전화한) 행위 자체가 불법이다”고 몰아세웠다.고 김영한 전 민정수석 업무일지에 ‘우병우팀’이라고 적은 지시 내용에 대한 질문에도 우 전 수석은 “그런 건 없다. 나는 모르겠다”고 피해 갔다. 결국 여야 특히 위원들은 추가 의혹을 파헤치지 못한 채 호통만 이어갔다.우 전 수석은 각종 인사권에 개입해 이른바 ‘우병우 사단’을 만든 게 아니냐는 지적에 대해 “언론에서 붙인 얘기다. 사조직도 아니고 정기적으로 만나는 것도 아니다”고 일축했다.누리꾼들은 “오늘 청문회에서 밝혀진 우병우의 죄는 대통령과 김기춘을 존경한 죄, 검찰에서 팔짱 낀 죄, 청문회에서 삐딱하게 있고 메모한 죄뿐”이라고 했다.강경석 coolup@donga.com·황형준·정지영　기자▶ 동아일보 단독/동아일보 공식 페이스북▶ 어제 못본 TV 명장면이 궁금하다면 'VODA'ⓒ 동아일보 & donga.com, 무단 전재 및 재배포 금지"
203,2016-12-23,'세월호' 규명 직접 나선 헌재…'국민안전' 탄핵 판단 핵심..,https://news.naver.com/main/read.nhn?mode=LSD&mid=shm&sid1=100&oid=081&aid=0002784546,서울신문,"[서울신문]당시 대통령 위치·업무·지시 ‘남김없이’ 밝히라고 요구5가지로 유형화해 심리 진행…신속한 결론 의사 내비쳐한 가지라도 위배 땐 탄핵 인용대통령측 관련 혐의 전면 부인첫 3자 대면  - 박근혜 대통령 탄핵심판에 대한 1차 준비절차기일인 22일 서울 종로구 재동 헌법재판소 소심판정에서 공개심리로 진행됐다. 왼쪽에 국회 소추위원단이 앉아 있고, 오른쪽엔 박 대통령 대리인단이 자리해 있다.손형준 기자 boltagoo@seoul.co.kr헌법재판소가 22일 박근혜 대통령 탄핵심판 절차를 논의하기 위한 1차 예비심리에서 박 대통령에게 ‘세월호 7시간 의혹’을 직접 해명할 것을 요구했다. 박 대통령이 2014년 4월 16일 오전 10시 세월호 침몰과 관련해 첫 서면보고를 받은 뒤 오후 5시 10분 중앙재난안전대책본부를 방문하기까지 ‘7시간의 행적’이 박 대통령 탄핵 여부를 심판하는 데 있어 헌재의 중요한 판단요소로 부상했음을 의미하는 대목이다.이날 심리에서 증거 정리를 맡은 이진성 재판관은 “세월호 참사가 2년 이상 경과했지만 워낙 특별한 날이었기 때문에 대부분의 국민은 그날 자기가 무엇을 했는지 기억할 수 있을 정도”라며 “피청구인(박 대통령)도 그런 기억이 남다를 것”이라고 했다. 국민의 생명과 안전을 최우선으로 삼아야 하는 대통령으로서 그만큼 세월호 침몰 사태에서의 대응이 무엇보다 중차대하며, 따라서 대통령이 당시 어떻게 대응했는지를 명확하게 규명하는 것이야말로 탄핵 여부를 가리는 중대 사안이라는 판단이 담겨 있음을 시사한다.세월호 7시간 의혹은 다른 쟁점 사안과 달리 헌재가 능동적이고 주도적으로 진상을 가려야 하는 상황이기도 하다. 박 대통령과 관련한 핵심 의혹이지만 검찰 수사 단계에서는 제대로 다뤄지지 않았다. 특검 역시 아직 이에 대해 제대로 수사를 진행하고 있지 못하다. 법원의 최순실씨 등에 대한 재판에서도 세월호 문제는 배제돼 있다. 헌재로서는 검찰이나 특검, 법원으로부터 별다른 자료를 확보하기가 여의치 않은 사안으로, 결국 세월호 7시간 의혹만큼은 헌재가 직접 주도적으로 실체를 가려보겠다는 판단을 한 것으로 풀이된다.이에 따라 향후 박 대통령이 대리인단을 통해 당시 행적을 얼마나 소상하게 진술할 것인지, 그리고 그 내용이 국민의 생명과 안전을 최우선으로 해야 하는 대통령의 소명에 얼마나 부합하는지가 탄핵심판의 중요한 변수가 될 것으로 보인다.-한상희 건국대 법학전문대학원 교수는 “헌재가 대통령 측에 사실상 입증 책임을 지운 것이며, 입증 못 하면 알아서 하라는 의미로 읽힌다”면서 “세월호 참사 당시 불성실하게 비친 것에 대해 박 대통령이 헌재가 납득할 만한 수준의 행위를 했어야 탄핵을 피할 수 있을 것”이라고 말했다.헌재는 이날 탄핵소추안에 담긴 헌법·법률 위배 사안 9가지를 국민주권주의·법치주의 위배 및 대통령의 권한 남용, 생명권 보호의무 위반 등 5가지로 유형화했다. 헌재가 선별심리 불가를 못박은 것은 박 대통령 측의 ‘시간 끌기’ 전략에 휘둘리는 것 아니냐는 일각의 우려를 불식하려는 뜻으로 풀이된다.한편 국회 측은 증인 28명을 신청했지만 대다수는 철회할 것으로 보인다. 헌재가 수사기관과 법원을 통해 관련 수사기록을 확보하면 굳이 증인을 부를 필요가 없기 때문이다. 강일원 재판관은 “수사 자료를 확보하지 못하면 제가 기록이 있는 곳으로 가 서증조사를 할 것”이라고 말했다.헌법연구관 출신 노희범 변호사는 “사안의 중대성을 고려하면 검찰이나 특검이 수사기록 사본을 보내 주는 건 어렵지 않을 것”이라며 “신속한 탄핵심판을 위해선 기록 확보가 중요한 만큼 헌재는 수사기록 확보에 모든 방법을 동원할 것으로 보인다”고 말했다.이성원 기자 lsw1469@seoul.co.kr한재희 기자 jh@seoul.co.kr▶  재미있는 세상[나우뉴스], [웰 메이드 N]▶ [인기 무료만화] [페이스북]ⓒ 서울신문(www.seoul.co.kr), 무단전재 및 재배포금지"
204,2016-12-23,"""정유라 스위스 망명 타진설""…특검 진상 파악",https://news.naver.com/main/read.nhn?mode=LSD&mid=shm&sid1=100&oid=052&aid=0000948582,YTN,"[앵커]해외에서 잠적한 정유라 씨에게 압박의 수위를 높이고 있는 특검팀에, 정 씨가 독일에서 스위스를 자주 오가며 '망명을 타진' 중이라는 첩보가 입수됐습니다.특검팀이 진상 파악에 나섰습니다.이종원 기자가 단독 보도합니다.[기자]독일 남서부에 있는 '카를스루에'시.이달 초 YTN 취재를 통해 최순실의 딸 정유라의 흔적이 마지막으로 포착됐던 곳입니다.[현지 교민 : 옛날에 최순실 씨 가까우신 분들에게서 나온 소문이니까 맞을 거예요. (왜 카를스루에에 갔을까요?) 정확하게는 저도 모르는데 옛날에 회사 설립한 것과 관계가 있는 거 같아요. 그 근처에 주소가 있어서….]더구나 이곳은 최 씨와 함께 머물던 프랑크푸르트도 차량으로 한 시간 반이면 갈 수 있고 다른 나라로 이동하기에도 최적입니다.라인강을 건너면 바로 프랑스가 있고 '자금 융통'이 손쉬운 스위스와도 접경 지역과 다름 없어, 차량과 기차 등 육상 교통편으로 이동할 수 있습니다.하지만 정 씨의 행방은 오리무중.독일 검찰조차도 최근 강병원 의원에게 보낸 이메일 답변서에서, 정 씨를 '피의자'로 못 박으면서도 소재 파악은 되지 않고 있다고 밝혔습니다.상당수 조력자가 정 씨를 비호하고 있다는 주장이 설득력을 얻는 이유입니다.게다가, 박영수 특검팀엔 정 씨의 행방과 관련한 제보가 쏟아지는 가운데, 최근 정 씨가 '스위스 망명이나 난민 신청'을 타진하고 있다는 제보까지 접수된 것으로 파악됐습니다.정 씨의 체포영장을 발부받은 지 하루 만에 기소중지와 함께 지명수배에 나선 것도 이 같은 고심이 담긴 조치로 해석됩니다.특검팀은 일단, 정 씨의 도피를 돕는 조력자들까지 처벌하겠다고 공언한 데 이어, 정 씨 송환을 위한 독일 검찰과의 공조 수위를 높일 방침입니다.일각에선 정유라의 입이 '핵폭탄'이 될 거라는 주장도 나옵니다.박영수 특검팀의 발걸음이 빨라지는 이유입니다.YTN 이종원[jongwon@ytn.co.kr]입니다.▶ [원포인트생활상식] 생활 속 아이디어 공모전▶ 뉴스 덕후들의 YTN페이스북▶ 내가 만드는 뉴스! YTN제보[저작권자(c) YTN(Yes! Top News) 무단전재 및 재배포 금지]"
205,2016-12-23,"트럼프, 국가무역委 신설… 위원장에 '反中-反FTA' 나바로",https://news.naver.com/main/read.nhn?mode=LSD&mid=shm&sid1=104&oid=020&aid=0003029464,동아일보,"[동아일보]백악관에 국가무역위 신설트럼프측 “일자리 되찾아올 것” 나바로-로스, 무역정책 투톱으로무역역조-환율 등 對中압박 거셀듯… 나바로, 한미FTA에도 비판적‘기업사냥꾼’ 아이컨, 특별고문 맡아 선대본부장 콘웨이는 ‘대통령 고문’도널드 트럼프 미국 대통령 당선인이 백악관에 국가무역위원회(NTC)를 신설해 직접 무역 정책을 진두지휘하겠다는 뜻을 밝혔다. 21일(현지 시간) NTC 초대 위원장에 강력한 대중(對中) 통상정책과 한미 자유무역협정(FTA) 재협상을 주장해온 피터 나바로 어바인 캘리포니아대 교수(사진)를 임명했다. 트럼프 행정부가 출범하자마자 미국발 보호무역주의 회오리가 세계를 강타할 것으로 전망된다.▼ 트럼프, 무역부터 ‘美우선주의’ 강공 예고 ▼도널드 트럼프 미국 대통령 당선인이 백악관에 무역과 통상정책을 전담할 국가무역위원회(NTC·National Trade Council)를 신설하고 초대 위원장에 경제자문역 중 한 명인 피터 나바로 어바인 캘리포니아대 교수를 임명했다. 백악관 국가안보회의(NSC)를 본떠 만든 NTC는 트럼프 행정부의 무역 정책 컨트롤타워를 맡게 된다. ‘미국 우선주의’를 주창한 트럼프 당선인이 중국을 압박하고 나아가 한미 자유무역협정(FTA)까지도 손보는 첨병으로 나서는 게 아니냐는 얘기가 나온다.트럼프 정권인수위원회는 21일 성명을 내고 “NTC 신설은 미국 제조업을 다시 위대하게 만들고, 모든 미국인이 제대로 된 보수를 받고 제대로 된 일자리를 갖게 하겠다는 트럼프 당선인의 결심을 보여 주는 것”이라고 밝혔다. 이어 “나바로 지명자는 무역적자를 줄이고 경제성장을 촉진해 해외로의 ‘일자리 엑소더스’를 막을 무역 정책을 개발할 것”이라고 강조했다.트럼프 행정부의 무역 정책은 윌버 로스가 담당할 상무부와 NTC라는 쌍두마차가 이끌게 된다. 제이슨 밀러 인수위 대변인은 “NTC를 바탕으로 트럼프 당선인의 지휘하에 상무부가 무역 정책의 많은 부분을 총괄하게 될 것”이라고 밝혔다. 이는 외교안보 분야에서 백악관의 NSC가 컨트롤타워를 맡고, 국무부가 집행하는 것을 벤치마킹한 것이다.나바로 지명자는 로스 상무장관 지명자와 함께 트럼프 캠프에서 보호무역주의 정책과 공약을 입안한 핵심 경제 참모다. 강경한 대중(對中) 통상 정책을 주장해 온 인물로 트럼프 행정부 출범 직후부터 NTC를 중심으로 무역 역조와 환율 조작 등을 놓고 중국과의 글로벌 경제 패권 전쟁을 본격화할 것으로 보인다.나바로 지명자는 중국의 경제 영향력 강화가 미국에 악영향을 준다는 내용의 ‘중국이 세상을 지배하는 그날’ ‘곧 닥칠 중국과의 전쟁’ 등의 책을 쓴 바 있다. 중국 관영 환추(環球)시보는 22일 ‘매파 학자의 백악관 진입으로 중미 양국이 함께 손해를 볼 가능성이 높아졌다’는 제목의 사설에서 “중국 사회에서 그는 ‘반(反)중국 학자’로 알려져 있다”고 전했다.나바로 지명자는 한미 FTA에 대해서도 줄곧 비판적이다. 로스 상무장관 지명자와 함께 9월 트럼프의 통상·에너지 개혁 공약을 종합한 보고서에서 “한미 FTA로 미국에서 9만5000개 일자리가 사라졌고 대한(對韓) 무역수지 적자는 두 배로 늘어났다”며 한미 FTA를 비롯한 실패한 무역협정은 대대적으로 재협상해야 한다고 주장했다. 또 “특히 한미 FTA 중 집행 규정도 불충분하다. 한국이 자동차 관련 규정을 위반해도 최대 처벌은 2.5%의 관세에 불과하다”고 지적했다. 주한미군 방위비 분담금 인상론자로 대선 직전 외교 전문지 포린폴리시(FP) 기고문에서 “트럼프가 당선된다면 서울과 도쿄가 미군 주둔을 지원하는 추가적인 방법을 단도직입적이고 정중하게 논의하게 될 것”이라고 밝혔다.트럼프 당선인은 또 기업 사냥꾼으로 유명한 칼 아이컨을 규제개혁특별고문으로 위촉했다. 트럼프는 성명에서 “아이컨은 처음부터 나와 함께했고, 세계 최고의 경영자다. 미국이 당면한 규제를 없애는 데 그의 도움이 매우 소중하게 쓰일 것”이라고 밝혔다. 미국의 이익을 위한 글로벌 무역 경쟁에서 기선을 제압하기 위해 초강경파를 전진 배치한 것이다.트럼프 당선인의 후보 시절 선거대책본부장이었던 켈리앤 콘웨이는 대통령 고문으로 임명돼 백악관 내에서 최고위 여성 인사가 된다고 뉴욕타임스가 22일 보도했다. 트럼프 당선인은 콘웨이가 백악관 대변인을 맡아주기를 희망했지만 콘웨이는 거절했다.워싱턴=이승헌 특파원 ddr@donga.com▶ 동아일보 단독/동아일보 공식 페이스북▶ 어제 못본 TV 명장면이 궁금하다면 'VODA'ⓒ 동아일보 & donga.com, 무단 전재 및 재배포 금지"
206,2016-12-23,"서울시, 1941억 긴급 투입 민생 챙긴다",https://news.naver.com/main/read.nhn?mode=LSD&mid=shm&sid1=102&oid=005&aid=0000960812,국민일보,"대통령 탄핵과 경기침체, 한파 등으로 서민생활이 위기로 내몰리는 상황에서 서울시와 시의회, 자치구가 손잡고 공공일자리 확대, 영세 자영업자 자금 지원 등 민생안정 대책을 집중 추진한다.박원순 서울시장은 22일 양준욱 서울시의회 의장, 문석진 서울시구청장협의회장(서대문구청장) 등과 함께 ‘민생·안전 10대 대책’을 발표하고 이를 위해 내년 2월까지 총 1941억원을 투입한다고 발표했다.‘10대 대책’의 핵심은 공공일자리 확대다. 시는 공공근로, 청년실업자를 위한 뉴딜일자리, 대학생 아르바이트 등 공공일자리 1만2000개를 내년 1∼2월 제공한다. 올해 같은 기간 시가 제공한 공공일자리보다 5500개 이상 늘어난 수치다. 참여인원도 올해보다 2650명 늘어난 1만명 수준으로 확대했다.영세 자영업자들의 자금난을 풀어주기 위해서는 올해의 배 규모인 총 600억원의 긴급자금을 저리로 대출한다. 소상공인은 1년 거치 4년 균등상환, 금리 2.0% 조건으로 업체당 5000만원 이내 융자 지원을 받을 수 있다.또 학자금 대출 등으로 신용불량자가 된 청년들의 신용 회복을 돕기 위해서 1000명에 한해 이자 지원 등을 실시한다.전통시장 지원 대책도 포함됐다. 내년 2월 6∼10일 5일간 서울시내 전통시장에서 일제히 대규모 할인행사를 벌인다.시는 또 동주민센터와 협력해 복지사각지대에 놓인 1만 가구를 발굴, 80억원을 지원한다. 에너지빈곤층 4만 가구엔 단열시트와 난방텐트, 내의 등 난방용품을 지급한다.이와 함께 경제적 취약계층을 노리는 불법대부업, 다단계판매, 저질 건강식품 등을 대상으로 집중 단속하고 화재 예방을 위해 시내 352개 전통시장 6만1120개 점포에 내년 1월까지 소화기 설치를 완료한다.박 시장은 “대한민국의 국가시스템은 위기라고 할 만큼 불안정하지만 민생과 안전은 어떤 순간에도 흔들려선 안 된다”며 “서울시와 시의회, 25개 자치구 협치를 통해 장기화된 경기침체와 소비심리 위축으로 길고 추울 것으로 예상되는 올겨울 민생과 안전을 위한 10대 대책을 집중 추진하겠다”고 설명했다.시와 자치구는 내년 예산 조기 집행에도 합의했다. 내년 3월까지 일자리, 복지, 안전, SOC 분야를 중심으로 서울시 6조3000억원, 자치구 9000억원 등 총 7조2000억원의 예산을 앞당겨 투입한다.김남중 기자 njkim@kmib.co.kr[국민일보 홈페이지][페이스북][트위터][국민일보 꿀잼영상 바로가기]GoodNews paper ⓒ국민일보(www.kmib.co.kr), 무단전재 및 재배포금지[뉴스 미란다 원칙] 취재원과 독자에게는 국민일보에 자유로이 접근할 권리와 반론·정정·추후 보도를 청구할 권리가 있습니다. 고충처리인(gochung@kmib.co.kr)/전화:02-781-9711"
207,2016-12-23,알레포 반군·주민 철수종료…터키군·IS 교전 격화,https://news.naver.com/main/read.nhn?mode=LSD&mid=shm&sid1=104&oid=001&aid=0008909995,연합뉴스,"시리아군 ""알레포 탈환"" 선언, 15일부터 3만명 이들리브 등으로 이동내전 감시단체 ""터키군 공습에 알바브 주민 47명 사망""…터키군 ""16명 전사""(이스탄불=연합뉴스) 하채림 특파원 = 시리아 격전지 알레포에서 반군·주민 철수가 22일(현지시간) 마무리됐다.시리아 군은 성명에서 ""알레포는 정부 통제하로 되돌아 왔다. 4년에 걸친 내전은 끝났다""며 승리를 선언했다.현지 방송도 ""마지막 반군과 주민이 탄 버스 4대가 오늘 밤 알레포를 떠나 라무사에 도착했다""고 반군 철수가 종료됐다고 보도했다.이달 13일 시리아군과 반군이 러시아·터키의 중재로 휴전과 반군 철수에 합의한 후 알레포 동부에서 반군과 주민 약 3만 명이 시리아군의 통제 아래 도시를 벗어났다.'설상가상' 시리아주민     21일 알레포에서 도착한 것으로 보이는 시리아인 일행이 이들리브주(州)의 눈 덮인 거리를 걷고 있다. [AFP=연합뉴스]알레포를 떠난 반군과 주민은 알레포 서쪽의 이들리브주(州) 등으로 분산 배치됐다.시리아정부가 이달 20일 승인한 유엔 감시단의 활동은 철수 종료가 예정된 이날까지 시작되지 않은 것으로 전해졌다.유엔 안전보장이사회는 19일 알레포 철수 감시단 운영에 관한 결의를 가결했다.알레포 철수 막바지    21일밤 많은 눈이 내린 알레포에서 반군·주민을 태울 버스가 불을 밝히고 대기하고 있다. [AFP=연합뉴스]한편 시리아북부의 알바브 전선에서는 터키군과 수니파 무장조직 '이슬람국가'(IS)의 교전이 격화, 민간인도 다수 희생된 것으로 전해졌다.영국에 본부를 둔 시리아내전 감시단체 시리아인권관측소는 터키군의 공습으로 알바브에서 어린이 7명을 비롯해 민간인 47명이 숨졌다고 밝혔다.IS 선전매체 아마크통신은 전날 터키 전투기가 빵집을 폭격했다고 보도했다.터키군은 IS의 자폭공격에 이틀간 터키군 16명이 전사했다고 발표했다.터키군은 올해 8월 시리아 북부에서 IS와 쿠르드계 민병대를 목표로 군사작전을 벌여, 다비크와 자라블루스에서 IS를 소탕하고 만비즈에서 쿠르드계 '인민수비대'(YPG)를 거의 몰아냈다.알바브는 시리아에 남아 있는 IS 근거지로, IS 수도격 도시 락까로 가는 길목에 있다.시리아 북부, 터키군·IS 교전 격화    13일 시리아 북부 알바브 외곽에서 친(親)터키군 계열 시리아반군이 수니파 무장조직 '이슬람국가'(IS) 진영 쪽으로 화염을 쏘고 있다. [AFP=연합뉴스]앞서 미국, 러시아, 시리아 모두 터키군의 알바브 작전에 부정적인 시각을 드러냈다.피크리 으시으크 터키 국방장관은 20일 모스크바에서 세르게이 쇼이구 러시아 국방장관을 만나 터키군의 시리아 군사작전에 관해 협의했으나, 구체적인 내용은 공개하지 않았다.tree@yna.co.kr"
208,2016-12-23,"오늘 영하권 추위, 곳곳 눈·비…출근길 빙판 주의",https://news.naver.com/main/read.nhn?mode=LSD&mid=shm&sid1=103&oid=052&aid=0000948571,YTN,"하루 사이 공기가 무척 차가워졌습니다.현재 서울 기온 -1.3도로 어제 같은 시각보다 11도나 낮은 상태인데요.한낮에도 서울 기온이 -1도에 머무는 등 종일 영하의 추위가 계속되겠습니다.또 추위 속에 전국 곳곳에 눈이 내리겠고요.내린 눈이 얼어 빙판을 이루는 곳이 많을 것으로 보입니다.출근길 교통안전에 각별히 유의해주시기 바랍니다.현재 전국 곳곳에 눈이 내리고 있습니다.특히 강원 산간에는 20cm 안팎의 많은 눈이 쌓인 곳도 있는데요.중북부 지방은 오전까지, 충청 이남은 밤까지 눈이 이어지겠습니다.앞으로 전북 내륙과 경남 내륙에는 최고 8cm의 많은 눈이 내릴 것으로 보여 대설 예비 특보가 내려져 있고요.경기 남부와 강원, 충청 이남에는 1~5cm, 수도권에도 1cm 안팎의 눈이 내리겠습니다.또 서해안과 남해안, 제주도에는 강풍 주의보가 내려진 가운데 바람이 무척 강하게 불고 있습니다.피해없도록 시설물 관리 잘해주시기 바랍니다.오늘 낮 기온 어제보다 5~10도 가량 낮겠습니다.서울 -1도, 대전 2도, 광주 4도, 대구 5도로 예상됩니다.주말이자 크리스마스 이브인 내일은 서울 아침 기온이 -6도까지 떨어지는 등 무척 춥겠고요.크리스마스 당일까지 대체로 맑은 날씨가 이어질 것으로 보입니다.이에따라 올해도 화이트 크리스마스를 기대하기는 어렵겠습니다.지금까지 날씨 정보였습니다.▶ [원포인트생활상식] 생활 속 아이디어 공모전▶ 뉴스 덕후들의 YTN페이스북▶ 내가 만드는 뉴스! YTN제보[저작권자(c) YTN(Yes! Top News) 무단전재 및 재배포 금지]"
209,2016-12-23,트럼프 당선 1등공신 콘웨이 '백악관 고문'에 발탁,https://news.naver.com/main/read.nhn?mode=LSD&mid=shm&sid1=104&oid=001&aid=0008909927,연합뉴스,"여성 최고위직…대선 캠프 선대본부장 출신 선거베테랑(워싱턴=연합뉴스) 신지홍 특파원 = 도널드 트럼프 미국 대통령 당선인은 22일(현지시간) 대선 승리의 1등 공신으로 꼽히는 캠프 선대본부장 출신 켈리엔 콘웨이를 백악관 고문에 발탁했다.여성으로서는 백악관 최고위직이다.트럼프 당선인은 정권 인수위 성명을 통해 ""켈리엔 콘웨이는 신뢰받는 자문역이었으며 전략가였다""며 ""그녀는 대선 승리에 중요한 역할을 했다""고 발탁 배경을 밝혔다.또 ""그녀는 내 어젠다의 지치지 않고 집요한 내 지지자이며 우리의 메시지를 어떻게 효율적으로 전달하는지를 잘 안다""며 ""그녀가 백악관에서 수뇌부의 일원이 돼 기쁘다""고 덧붙였다.콘웨이도 성명을 내 ""트럼프의 대통령직은 워싱턴과 이 위대한 나라의 모든 국민에게 진정한 변화를 가져올 것""이라며 ""중요한 역할을 하게 돼 영광""이라고 밝혔다.트럼프타워 로비서 인터뷰하는 콘웨이[EPA=연합뉴스 자료사진]콘웨이는 지난 7월 캠프에 영입돼 트럼프의 여성층 공략을 자문하는 역할을 하다 폴 매너포트와 코리 루언다우스키 등  캠프 수뇌부가 트럼프의 지지율 부진에 책임지고 하차하자 선대본부장을 거머쥔 인사다.여론조사 전문가 출신인 그녀가 캠프의 간판이 돼 대선 기간 내내 트럼프의 막말과 기행을 방어하느라 진땀을 흘렸다.트럼프 후보가 성폭행 의혹 등 각종 스캔들에 휩싸이자 방송 출연과 기자회견 등을 통해 파장 최소화에 분투했다.특히 트럼프 당선인이 초대 국무장관 후보에 '정적'인 밋 롬니 전 매사추세츠 주지사를 올리자 ""지지자들이 배신감을 느낄 것""이라며 강력한 반대의 선봉에 선 인물이 콘웨이다.트럼프가 대통령에 당선된 뒤 백악관 대변인 1순위로 떠올랐으나 본인이 거절했다.그러자 그녀가 외곽 지원역할을 맡게 될 것이라는 소문이 워싱턴 정가에 퍼졌으나 결국 백악관행을 택했다.트럼프를 10년 전 만난 전직 변호사 출신이자 여론조사 전문가인 콘웨이는 지난 3차례의 대선 공화당 경선의 터줏대감이었다.댄 퀘일 전 부통령을 비롯해 2008년 프레드 톰슨 대선캠프, 2012년 뉴트 깅리치 하원의장 대선캠프, 올해 테드 크루즈의 슈퍼팩 등에서 활약했으며 마이크 펜스 부통령 당선인도 그녀의 고객이다.shin@yna.co.kr"
210,2016-12-23,조여옥 청문회 '동행인' 논란…국방부 개입 의혹,https://news.naver.com/main/read.nhn?mode=LSD&mid=shm&sid1=100&oid=003&aid=0007669691,뉴시스,"【서울=뉴시스】배훈식 기자 = 조여옥 전 청와대 경호실 간호장교가 22일 오후 서울 여의도 국회에서 열린 박근혜 정부의 최순실 등 민간인에 의한 국정농단 의혹 사건 진상 규명을 위한 국회 국정조사특별위원회 5차 청문회에 출석해 답변하고 있다. 2016.12.22.     dahora83@newsis.com동행인 이슬비 대위 ""개인휴가""→""국방부가 동행인 붙여주고 싶었던 듯""【서울=뉴시스】김난영 기자 = 국방부가 세월호 참사 당시 청와대 간호장교로 근무했던 조여옥 대위의 국군간호사관학교 동기를 청문회에 동행시키는 등 조 대위를 여전히 감시하고 있다는 의혹이 22일 제기됐다.이날 국회에서 열린 '최순실 국조특위' 5차 청문회에는 조 대위의 국군간호사관학교 동기이자 국군수도병원 중환자실에 근무하는 이슬비 대위가 동행했다. 이 대위는 조 대위가 귀국한 이후 접촉한 동기 3명 중 1명으로, 이날 자신이 근무하는 국군수도병원에 휴가를 냈다.박영선 더불어민주당 의원은 ""저 분이 계속 따라다니는데, 조 대위를 하루 종일 감시한다고 한다""고 국방부의 감시 의혹을 제기했다. 이 대위는 이에 참고인석으로 나와 ""국군간호사관학교 1학년 때부터 친했던 동기다. 국군수도병원에서 일하고 있고 중환자실에서 근무하는 이슬비 대위""라고 신분을 밝혔다.이 대위는 ""원래 (오늘이) 휴가였다. 개인적 목적으로 휴가를 낸 날이었고 공교롭게 이날 청문회가 열린다고 해서 동기와 같이 이 자리에 오게 됐다""며 ""이 자리에 온다고 했더니 (국군수도병원에서) 공가 처리로 바꿔준다는 말을 들었다""고 설명했다.김성태 위원장은 이에 ""병원장으로부터 조 대위가 청문회 출석하니까 같이 동행하라는 지시를 받고 온 거냐""고 물었다. 이 대위는 그러나 ""아니다""라고 부인했고, 김 위원장은 ""(지시도 아닌데) 그런데 어떻게 공가 처리를 해주나""라고 따졌다.이 대위는 그러자 ""제가 조 대위와 얘기한 상황이고, 조 대위가 저를 동행해 여기에 와도 되는지를 국방부에 문의한 것으로 안다""며 ""제가 군인 신분이라 같이 가는 것에 대해 오해의 여지가 있을 것으로 판단해 국방부에 문의했고 인사사령부 측에서 답변으로 가능하다고 들었다""고 해명했다.김 위원장은 이에 ""사적으로 조 대위가 간호사 후보생 동기이기 때문에 같이 왔다고 했는데, 왜 부대 병원에선 공가로 처리해주느냐""고 캐물었다.이 대위는 ""제가 판단하기로는 국방부에서 동행해줄 근무자를 붙여주고 싶었는데, 다른 근무자가 동행했을 때는 문제가 생길 거라고 판단했고 그래서 동기인 저를 생각했다고 판단한다""고 답했다.개인 휴가였는데 공교롭게 청문회 날짜가 겹쳐서 동행했다는 처음 답변과 달리, 국방부가 동행인을 찾다가 동기인 이 대위를 선택했다는 맥락으로 읽히는 대목이다.그는 그러나 김성태 위원장이 ""자의적 판단보다 국방부로부터 지시를 받고 조여옥 증인 출석에 같이 동행하라는 명령을 받고 부대에서 공가 처리한 사실이 맞느냐""고 묻자 ""아니다. 제가 저의 의지에 의해 여기에 참석하게 된 상황""이라고 답변을 재차 번복했다.김 위원장은 ""사적인 일로 오는데 병원장, 그리고 국방부에 보고가 되고 여기까지 왔다면 부대 병원에서 공가로 처리할 수 있는 게 맞느냐""고 재차 따졌다.이 대위는 이에 ""제가 조 대위 보호자 역할을 같이 하는 식으로 된 걸로 봤고 제가 판단한 것""이라며 ""제가 공가로 신청한 상황도 아니고, 위쪽에서 공가로 신청을 해보겠다고 얘기가 나왔다""고 애매한 답변을 계속했다.imzero@newsis.com뉴시스 뉴스, 네이버 뉴스 스탠드에서도 만나세요뉴시스 SNS [페이스북] [트위터]<저작권자ⓒ 공감언론 뉴시스통신사. 무단전재-재배포 금지.>"
211,2016-12-23,'우병우 청문회' 종료…직무유기·직권남용·비선진료 못밝혀,https://news.naver.com/main/read.nhn?mode=LSD&mid=shm&sid1=100&oid=421&aid=0002468897,뉴스1,"우병우 '모르쇠' 일관…한 발짝도 못나간 청문회조여옥, 계속된 말바꾸기…청문회 위증논란(서울=뉴스1) 박상휘 기자,조규희 기자,서미선 기자 = 22일 '최순실 국정농단' 국정조사특별위원회 5차 청문회가 별다른 소득 없이 막을 내렸다.이날 청문회는 우병우 전 청와대 민정수석이 출석해 진실 규명에 대한 기대가 높았지만, 이른바 '한 방'이 없었다.무능을 감수하더라도 최순실씨의 존재는 물론 최씨 측근의 국정농단 행태에 대해서도 작정하고 ""모른다""고만 답한 우병우 전 청와대 민정수석의 답변에 국조특위는 속수무책이었다.우 전 수석에게 이날 제기된 혐의는 큰 틀에서 두가지였다.최씨의 국정농단을 알고도 박근혜 대통령을 의식해 묵인했다는 직무유기와 각종 수사와 인사에 외압을 가했다는 직권남용 두가지 의혹이었다.그러나 우 전 수석은 모든 의혹에 대해 전면 부인했다. 그는 최씨에 대해 '정윤회 문건' 파동 당시 정윤회씨의 부인 정도로 알았다고 답했으며 최씨의 아버지가 최태민이란 사실도 언론보도를 통해서 알았다고 주장했다.국정농단 사건으로 온 나라가 시끄러웠는데도 최씨에 대해서 조사를 한 적이없다고 밝혔으며 최씨의 측근인 차은택씨가 문화창조융합벨트의 예산을 횡령하고 인사에 개입한 것에 대해서도 내사를 한 적이 없다고 밝혔다.최소한 직무유기를 인정하더라도 최씨와 연관성을 모두 차단하겠다는 의도로 풀이된다.그렇다고 이날 우 전 수석이 직무유기를 인정한 것도 아니다. 우 전 수석은 왜 국정농단 사태를 미리 막지 못했느냐는 추궁에 ""최순실 게이트와 관련된 여러 사실에 대해 미리 살펴봤다면 얼마나 좋았을까 생각한다""며 ""여러모로 제가 미흡 했다""고 말했다.그러나 직무유기를 인정하느냐는 물음에는 거듭 ""제가 미흡했다""고 답을 회피했다. 우 전 수석의 이 같은 답변에 청문회장 곳곳에선 탄식이 나오기도 했다.이혜훈 새누리당 의원은 ""우병우 증인이 위증을 안했다고 백번 양보해도 본래의 임무는 하나도 안한 것""이라며 ""민심 동향을 파악하지 않았고 공직기강도 제대로 챙기지 않았다. 측근 관리와 인사검증도 제대로 안됐다""고 비판했다.사라진 '세월호 7시간'에 대한 의문을 풀어줄 전 청와대 간호장교도 계속해서 말을 바꿨다. 세월호 참사 당시 청와대 의무동에서 근무했다는 조 대위는 이날에는 의무실에서 근무했다고 밝혔다.의무동은 대통령 진료를 전담하는 곳인 반면, 의무실은 청와대 직원들을 위한 곳이다. 박 대통령의 행적을 숨기기 위해 일부러 말을 바꾼 것 아니냐는 의심이 강하게 드는 대목이다.이 밖에도 조 대위는 미국에서 한국에 들어온 이후 군 관계자와 청와대 관계자 등 어느 누구와도 접촉을 하거나 의견을 나누지 않았다고 했으나 이후 국회 출입과 동행인 문제 등으로 군측과 연락한 것으로 드러났다.핵심증인의 모르쇠와 말바꾸기, 위증 논란에 이날 국조특위는 실체적 진실로 단 한 발짝도 다가서지 못했다.국조특위는 이날도 청문회에 출석하지 않은 최순실씨와 안종범 전 청와대 정책조정수석 등에 대해 청문회를 진행하기 위해 26일 구치소 청문회를 진행한다는 계획이다.그러나 현재까지 핵심 증인들의 불출석 고수 태도를 감안할 때 또다시 이 같은 '불출석 청문회'가 반복될 가능성이 높다. 이제는 국조특위가 특단의 대책을 찾을 시점으로 보인다.sanghwi@▶ 놓치면 후회! 최신 만화 보기 / 2017년 나의 운세 보기[© 뉴스1코리아(news1.kr), 무단 전재 및 재배포 금지]"
212,2016-12-23,조여옥 청문회 '동행인' 논란…국방부 개입 의혹,https://news.naver.com/main/read.nhn?mode=LSD&mid=shm&sid1=100&oid=003&aid=0007669691,뉴시스,"【서울=뉴시스】배훈식 기자 = 조여옥 전 청와대 경호실 간호장교가 22일 오후 서울 여의도 국회에서 열린 박근혜 정부의 최순실 등 민간인에 의한 국정농단 의혹 사건 진상 규명을 위한 국회 국정조사특별위원회 5차 청문회에 출석해 답변하고 있다. 2016.12.22.     dahora83@newsis.com동행인 이슬비 대위 ""개인휴가""→""국방부가 동행인 붙여주고 싶었던 듯""【서울=뉴시스】김난영 기자 = 국방부가 세월호 참사 당시 청와대 간호장교로 근무했던 조여옥 대위의 국군간호사관학교 동기를 청문회에 동행시키는 등 조 대위를 여전히 감시하고 있다는 의혹이 22일 제기됐다.이날 국회에서 열린 '최순실 국조특위' 5차 청문회에는 조 대위의 국군간호사관학교 동기이자 국군수도병원 중환자실에 근무하는 이슬비 대위가 동행했다. 이 대위는 조 대위가 귀국한 이후 접촉한 동기 3명 중 1명으로, 이날 자신이 근무하는 국군수도병원에 휴가를 냈다.박영선 더불어민주당 의원은 ""저 분이 계속 따라다니는데, 조 대위를 하루 종일 감시한다고 한다""고 국방부의 감시 의혹을 제기했다. 이 대위는 이에 참고인석으로 나와 ""국군간호사관학교 1학년 때부터 친했던 동기다. 국군수도병원에서 일하고 있고 중환자실에서 근무하는 이슬비 대위""라고 신분을 밝혔다.이 대위는 ""원래 (오늘이) 휴가였다. 개인적 목적으로 휴가를 낸 날이었고 공교롭게 이날 청문회가 열린다고 해서 동기와 같이 이 자리에 오게 됐다""며 ""이 자리에 온다고 했더니 (국군수도병원에서) 공가 처리로 바꿔준다는 말을 들었다""고 설명했다.김성태 위원장은 이에 ""병원장으로부터 조 대위가 청문회 출석하니까 같이 동행하라는 지시를 받고 온 거냐""고 물었다. 이 대위는 그러나 ""아니다""라고 부인했고, 김 위원장은 ""(지시도 아닌데) 그런데 어떻게 공가 처리를 해주나""라고 따졌다.이 대위는 그러자 ""제가 조 대위와 얘기한 상황이고, 조 대위가 저를 동행해 여기에 와도 되는지를 국방부에 문의한 것으로 안다""며 ""제가 군인 신분이라 같이 가는 것에 대해 오해의 여지가 있을 것으로 판단해 국방부에 문의했고 인사사령부 측에서 답변으로 가능하다고 들었다""고 해명했다.김 위원장은 이에 ""사적으로 조 대위가 간호사 후보생 동기이기 때문에 같이 왔다고 했는데, 왜 부대 병원에선 공가로 처리해주느냐""고 캐물었다.이 대위는 ""제가 판단하기로는 국방부에서 동행해줄 근무자를 붙여주고 싶었는데, 다른 근무자가 동행했을 때는 문제가 생길 거라고 판단했고 그래서 동기인 저를 생각했다고 판단한다""고 답했다.개인 휴가였는데 공교롭게 청문회 날짜가 겹쳐서 동행했다는 처음 답변과 달리, 국방부가 동행인을 찾다가 동기인 이 대위를 선택했다는 맥락으로 읽히는 대목이다.그는 그러나 김성태 위원장이 ""자의적 판단보다 국방부로부터 지시를 받고 조여옥 증인 출석에 같이 동행하라는 명령을 받고 부대에서 공가 처리한 사실이 맞느냐""고 묻자 ""아니다. 제가 저의 의지에 의해 여기에 참석하게 된 상황""이라고 답변을 재차 번복했다.김 위원장은 ""사적인 일로 오는데 병원장, 그리고 국방부에 보고가 되고 여기까지 왔다면 부대 병원에서 공가로 처리할 수 있는 게 맞느냐""고 재차 따졌다.이 대위는 이에 ""제가 조 대위 보호자 역할을 같이 하는 식으로 된 걸로 봤고 제가 판단한 것""이라며 ""제가 공가로 신청한 상황도 아니고, 위쪽에서 공가로 신청을 해보겠다고 얘기가 나왔다""고 애매한 답변을 계속했다.imzero@newsis.com뉴시스 뉴스, 네이버 뉴스 스탠드에서도 만나세요뉴시스 SNS [페이스북] [트위터]<저작권자ⓒ 공감언론 뉴시스통신사. 무단전재-재배포 금지.>"
213,2016-12-23,"檢, 엘시티서 '억대 수수' 서병수 부산시장 최측근 영장",https://news.naver.com/main/read.nhn?mode=LSD&mid=shm&sid1=101&oid=001&aid=0008909902,연합뉴스,"(부산=연합뉴스) 오수희 기자 = 검찰이 엘시티(LCT) 시행사 실질 소유주 이영복(66·구속기소) 회장에게서 거액의 부정한 돈을 받은 혐의로 서병수 부산시장 최측근 인사의 구속영장을 청구했다.부산지검 특수부(임관혁 부장검사)는 22일 저녁 서 시장의 고교 동문이자 부산 친박 외곽조직인 '포럼부산비전' 전 사무처장 김모(64)씨의 구속영장을 청구했다.부산 검찰 깃발검찰은 김씨에게 '알선수재' 혐의를 적용한 것으로 전해졌다.검찰은 이 회장이 김씨에게 한 달에 수백만원씩 5년 넘게 모두 1억원 이상의 돈을 건넨 사실을 확인한 것으로 전해졌다. 검찰은 김씨가 엘시티 사업의 인허가권을 쥔 부산시청이나 해운대구청, 부산도시공사 고위직에 대한 청탁 알선 대가로 이 돈을 받은 것이 아닌가 의심하고 있다.이들 공공기관이 엘시티 사업에 비리 의혹이 있는 인허가를 내주거나 특혜성 행정조치를 쏟아내는 데 김씨가 부당하게 개입하거나 엘시티와 관련한 알선 청탁 명목으로 이 회장에게서 검은돈을 받은 혐의를 두는 것이다.검찰은 김씨가 포럼부산비전을 사실상 이끌면서 친박계 부산 국회의원을 포함한 지역 정치인과 고위 공무원 같은 유력 인사들과 두터운 친분을 유지했다는 사실에 주목하고 있다.포럼부산비전은 2006년 11월 창립된 부산지역 최대 '친박' 조직으로 당시 한나라당 사무총장이었던 서 시장이 주도해 만든 모임이다.부산 국회의원 등 유력 정치인들이 가입돼 있으며, 활발하게 활동하는 회원 수는 100여 명이지만 준회원까지 포함하면 한 때 5천 명의 회원을 두기도 했다.엘시티 시행사 실질 소유주 이영복 회장 [연합뉴스 자료 사진]검찰은 법원에서 체포 영장을 발부받아 21일 오후 김씨를 체포했으며, 김씨 자택과 포럼 사무실을 압수수색했다.검찰이 김씨를 체포한 지 하루 만에 구속영장을 청구한 것으로 미뤄보면, 검찰이 이 회장에게서 김씨의 혐의 입증에 필요한 결정적인 진술을 확보하고 객관적인 증거도 상당 부분 포착한 것으로 분석된다.그러나 김씨는 이 회장과 오랜 기간 정상적으로 금전 거래를 했을 뿐이며 엘시티 인허가 등과 관련해 부정한 행위를 한 적이 없다며 혐의를 부인하는 것으로 알려졌다.김씨의 구속 여부는 23일 오전 부산지법 장성훈 영장전담 부장판사가 진행하는 구속 전 피의자 심문(영장실질심사)을 거쳐 이날 밤 결정될 것으로 예상된다.osh9981@yna.co.kr"
214,2016-12-23," ""AI 발생 178개 농장 중 156개 엉터리 소독약품 사용"" ",https://news.naver.com/main/read.nhn?mode=LSD&mid=shm&sid1=102&oid=028&aid=0002346973,한겨레,"[한겨레]검역당국, 회수 요청한 뒤 뒷짐농가 151곳, 겨울철 효과 낮아사용말라 권고된 소독제 사용지자체는 농가에 제대로 전달안해발생농가 “약효없었다니…” 분통닭·오리 2231만 마리 살처분 피해정부, 계란 ‘매점매석’ 행위 조사고병원성 조류인플루엔자(AI)가 발생한 농장에 대한 역학조사를 해보니 에이아이가 번지던 초기 한달간 대다수 농장에서 효력이 떨어지는 ‘엉터리 소독제’를 썼던 것으로 조사됐다. 방역의 가장 기본인 소독에서부터 구멍이 뚫려 에이아이 확산을 키웠다는 지적이 나온다.22일 위성곤 의원(더불어민주당)이 농림축산식품부에서 받은 자료를 보면, 이달 15일 기준으로 에이아이 확진을 받은 농가를 역학조사한 결과 178곳 중 156곳에서 부적합한 소독제를 쓴 것으로 나타났다. 농가에서는 에이아이를 막기 위해 평소에도 소독을 해왔고 지난달 16일 에이아이가 발생하면서부터 소독이 집중적으로 이뤄졌는데, 사실상 ‘헛수고’를 한 셈이다. 방역의 총체적인 부실로 현재 231개 농가에서 에이아이 확진 판정을 받았고, 살처분된 닭·오리는 2231만6천마리에 이른다.소독약품 관리는 전반적으로 취약했다. 농가 31곳은 효과가 미흡해 정부의 회수 명령까지 떨어진 소독약품을 쓰고 있었다. 농림축산검역본부는 올해 1~5월 에이아이 방역용 소독약품을 전수조사해 27개 품목에 대해 효력이 미흡하다고 판단했다. 검역본부는 해당 품목에 대해 출고 중단, 판매 중지, 기존 제품 회수를 하도록 했지만, 상당수 농가에서 여전히 사용하고 있었던 셈이다. 축산 생산자 단체들은 지난 10월 검역본부에 공문을 보내 “회수조치가 전혀 되지 않거나 극히 미흡하다”며 적극적 대응을 촉구하기도 했다.151곳의 농가는 정부가 겨울철 낮은 온도에서는 효과가 떨어져 사용하지 말 것을 권고한 산성제 계열의 소독제로 방역을 하고 있었다. 2곳은 효력 자체가 검증되지 않은 소독제를 뿌렸고, 아예 소독제를 쓰지 않은 농가도 5곳이나 됐다.전문가 등으로 구성된 농림축산검역본부 역학조사위원회도 소독약품 사용에 문제가 있다며 우려를 표명했다. 김재홍 에이아이 역학조사위원회 위원장(서울대 교수)은 “정부가 부적합하다고 판단한 소독제가 농가에서 여전히 사용되고 있다는 사실이 위원회에서도 지적이 됐다. 일제 조사를 통해 조처가 취해져야 한다”고 말했다.에이아이 소독제 선정 방식은 지역마다 제각각이다. 충북은 시·도방역협의회가 소독제를 선정해 축산농가에 보급하고, 전남도는 원칙적으로 농가에서 소독제를 선택해 살포한다. 충남도는 축종별 생산자협의회를 거쳐 소독제를 선정하는 경우도 있지만, 시·군이 알아서 판단해 구입하기도 한다. 부적합한 소독제로 지방자치단체도 혼란을 겪었다. 김창섭 충북도 동물방역팀장은 “소독제는 생산자단체가 참여하는 협의회에서 농림축산검역본부가 검증한 제품 가운데 선정한다. 올해 제조업체 쪽에서 불량 제품을 공급해 축산농가들이 크게 반발하고 있다”며 “법적 제재 등을 농림부에 건의한 상태”라고 말했다. 농가에서도 답답함을 호소했다. 나주지역 에이아이 발생 농가 ㄱ씨는 “여러 차례 축사 안팎을 소독했지만 에이아이를 막지 못했다. 소독제 약효가 없을 거라고 생각해본 적이 없다”고 말했다.이에 대해 김재홍 역학조사위원장은 “겨울철에 효과가 뛰어난 에이아이 소독제가 많지 않다. 지자체는 전문 인력이 적다 보니, 싼 소독제를 구매해 농가에 나눠주는 경우도 있고 관리·감독이 잘 되지 않는다”며 “중앙정부가 효과가 좋은 소독제를 선정해 지자체와 농가에 권고하는 것도 방법”이라고 강조했다. 위성곤 의원도 “부적합한 소독약품이 사용됐다는 것은 정부 방역정책의 총체적 부실을 그대로 보여주는 것”이라며 “농가에 대한 충분한 정보 제공, 소독제 관리 강화 등 방역당국의 즉각적 조치가 필요하다”고 말했다.한편 정부가 계란값이 치솟고 있는 것과 관련해 일부 계란 수집판매상들의 ‘매점매석’ 행위를 조사하기로 했다. 농림부는 “일부에서 계란 사재기 얘기가 나오고 있는 만큼 사전조사가 필요하다고 판단돼 실무 차원에서 공정거래위원회에 협조 요청을 한 상태”라고 밝혔다. 국내에서 생산되는 계란은 60% 이상이 농가에서 수집판매상을 거쳐 유통된다. 업계에서는 일부 수집판매상들이 농가에서 계란을 싼값에 대량 사재기한 뒤 바로 시장에 풀지 않고 있다고 의심하고 있다. 농림부와 공정위는 계란 유통 과정에서 사재기, 가격 담합 등 불공정 행위가 있었는지 실태를 파악한 후 법 위반 소지가 있다고 판단되면 합동조사를 벌일 방침이다.김소연 기자, 청주 광주 대전/오윤주 안관옥 최예린 기자 dandy@hani.co.kr▶ 한겨레 절친이 되어 주세요![신문구독][주주신청]▶[페이스북][카카오톡][트위터]▶ 지금 여기[사설·칼럼][만평][정치BAR][ⓒ한겨레신문 : 무단전재 및 재배포 금지]"
215,2016-12-23,탄핵 심판 빨라진다…13개 사유→5개 유형으로 압축,https://news.naver.com/main/read.nhn?mode=LSD&mid=shm&sid1=100&oid=437&aid=0000142056,JTBC,"[앵커]이런 상황에서 박근혜 대통령에 대한 탄핵심판이 속도를 낼 전망입니다. 오늘(22일) 헌법재판소에서 첫 준비기일 심리가 열렸는데, 국회가 제시한 바 있는 13가지 탄핵 사유를 5가지 유형으로 분류해, 즉 축소해서 신속한 판단을 내리기로 했습니다. 또 헌재가 특검과 검찰 수사자료를 받아 심리에 활용하기로 결정한 것도 신속 심리에 도움을 줄 전망입니다. 특히 오늘 이진성 재판관은 박 대통령을 향해 '세월호 7시간' 의혹을 직접 밝히라고 요구했습니다. 대통령 본인이 그날을 가장 잘 기억할 것이라며 '본인의 진술서'를 제출하라고 요구했습니다. 오늘 헌재의 판단은 직무정지 상태에서 아무 일도 할 수 없는 대통령의 파면 여부를 빠르게 결정하고 국정 혼란을 막기 위한 것으로 보입니다.먼저 최규진 기자입니다.[기자]헌법재판소는 박근혜 대통령의 탄핵소추 의결서에 적힌 13개 사유를 5개 유형으로 정리해달라고 국회 소추위에 요청했습니다.우선 비선실세 최순실씨가 국정에 개입해 민주주의 질서를 해친 혐의입니다.박 대통령이 최씨에게 연설문 등 중요 문건을 유출하고, 최씨가 정책 결정이나 공직자 인사에 개입했다는 내용입니다.대통령의 권한을 남용한 행위가 두 번째 유형입니다.김종덕 전 문체부 장관 등 최씨가 추천한 인사들을 대통령이 임명하고, 최씨 조카 장시호나 측근 차은택씨 등에게 정부 예산을 특혜 지원했는지 여부입니다.정윤회 문건 보도를 '국기문란'으로 규정하고 언론사 사장 해임을 지시했다는 혐의는 언론 자유를 침해한 유형으로 규정했습니다.특히 세월호 참사와 관련해선 '생명권 보호의무 위반'으로 분류하고, 재단 설립이나 모금, 문건 유출 등 피의자로 입건된 혐의는 형사법 위반이라는 큰 틀에서 검토하기로 했습니다.이처럼 헌재가 5개 유형으로 심리 대상을 압축하면서 탄핵 결정이 앞당겨질 것이란 전망이 나옵니다.또 헌재는 검찰과 특검 수사 자료를 활용하는 것에 대해 박 대통령 측이 제기한 이의신청도 받아들이지 않아 심리가 더욱 속도를 낼 것으로 보입니다.최규진▶ JTBC 뉴스 공식 SNS[트위터][페이스북][유튜브]Copyright by JTBC(http://jtbc.joins.com)and JTBC Content Hub Co., Ltd. All Rights Reserved. 무단 전재 및 재배포 금지"
216,2016-12-23,해외로 떠나는 조종사…지난해 4배 급증,https://news.naver.com/main/read.nhn?mode=LSD&mid=shm&sid1=103&oid=056&aid=0010399114,KBS,"<앵커 멘트>대한항공 조종사 노조가  오늘(22일)부터 열흘간 파업에 들어갔습니다.29% 대 1.9%, 노조측과 사측이 임금 인상을 놓고 이렇게 큰 차이를 보인 결과입니다.필수공익사업장이라 조종사 파업에 제한이 있어, 열흘간 결항률은 7% 정도입니다.오늘(22일)만 보면, 국제선 4편,국내선 14편이 결항됐습니다.승객들 큰 불편은 없는 상태인데요.조종사 노조는 파업의 이유로 인력의 해외유출과 그에 따른 안전문제를 들고 있는데, 조종사 인력의 수급문제, 이재희 기자가 취재했습니다.<리포트>중국의 한 항공사가 3천 시간 이상 비행경력의  조종사를 뽑는데,  연봉 3억 5천만 원을 내걸었습니다.<녹취> 중국 항공사 이직 조종사 : ""급여가 3배거든요. 비행시간은 한 달에 60시간이에요. 우리나라 조종사들이 보통 한 80시간 정도 타니까 100% 나오고 싶을 거예요.""국내 항공사 월급의 3배쯤 됩니다.대우에 큰 차이가 나다 보니 외국 항공사로 떠난 조종사는 2014년 24명에서 지난해 92명으로 1년 만에 4배 가까이 급증했습니다.이 가운데 90% 정도가  중국행이었습니다.이 빈자리를 숙련되지 않은 인력이 채우고 있습니다.한해 850명의 조종사 인력이 배출되지만 기장급 경력을 쌓는 데 10년이나 걸립니다.지난 1월, 김포공항의 안개로 제주에서 4시간 동안 발이 묶였던 항공기.비행 경력이 적어  짙은 안갯곳에서 착륙할 수 없는 기장을 숙련된 기장으로 교체하는 과정에 시간이 걸렸습니다.착륙 중  여객기 꼬리가 활주로에 닿은 사고는 입사 넉 달 된 외국인 조종사의 운항 훈련 중 일어났습니다.특히 조종사의 상당수가 군 출신이라, 국가적 손실도 피할 수 없습니다.<녹취> 정윤식(경운대학교 항공운항학과 교수) :  ""항공사에서 선호하는 군 출신 (조종사의) 경우에는 최소 100억 정도까지 소요되기 때문에 외국으로 나간다는 것은 상당히 (손실입니다)""중국 등 세계 항공시장의 조종사 수요가 해마다 늘고 있는 만큼 특단의 조종사 양성과 관리대책이 필요해 보입니다.KBS 뉴스 이재희입니다.이재희기자 (leej@kbs.co.kr)"
217,2016-12-23,경기침체 속 '막다른 골목' 몰린 중소기업,https://news.naver.com/main/read.nhn?mode=LSD&mid=shm&sid1=101&oid=056&aid=0010399113,KBS,"<앵커 멘트>경기 침체의 그늘 속에 대기업마저 투자를 줄이면서 중소기업들은 요즘 ""IMF때보다 더 어렵다""고 아우성을 치고 있습니다.일감 부족과 매출 감소 속에 생존을 걱정하고 있는 중소 기업들의 실태를 지형철 기자가 취재했습니다.<리포트>건설기계와  자동차 부품을 만드는 중소기업입니다.생산라인 5개 가운데 네 개가 놀고 있습니다.생산 라인을 모두 가동할 정도로 일감이 있었던 게 언젠지, 기억이 나지 않을 정도입니다.<녹취> 중소기업 부장 : ""지금 안타까운 상황이에요. 생산량이 많아가지고 풀가동이 되어야 하는데 그러지를 못하고….""5년 동안 매출이 40%나 줄면서 인력도 20%나 줄였습니다.그러나 앞으로가 더 걱정입니다.<녹취> 중소기업 대표 : ""일감, 물량이 줄고 있고 원재료는 계속 오르고 있고 하니까 말 그대로 이중고에 시달리고 있는 상황이고요.""중소기업의 어려움은  그대로 거래업체로 전해집니다.공구업체 2천여 곳이 모인 국내 최대의 기계 공구 상가.공장이 활발히 돌아가고 설비투자가 왕성히 이뤄져야 덩달아 이곳도 활기를 띠지만 지금 상황은 정반대입니다.공구 주문이 크게 줄었고 있다 해도 소량주문 위주입니다.<인터뷰> 김동현(중앙기계(공구 도소매)사장) : ""옛날에는 대량구매를 하는 경우가 많았는데요. 요즘에는 그때그때 필요할 때마다 소량구매하는 패턴으로 많이 바뀌었습니다.""중고 기계 거래 점포 안은 발 디딜 틈이 없습니다.폐업하는 공장에서  기계는 쏟아지는데  사가는 곳이 없기 때문입니다.<인터뷰> 박영조(중앙기계상사(중고 기계 매매)사장) : ""손님이 하루에 한 명도 안 올 때도 많고 보름에 한 번 올 때도 있고. 옛날 IMF 때가 낫죠. 그때가. 지금은 더 안 좋은 상황이고.""올해 구조조정 대상에 오른 중소기업 수는 금융위기 이후 가장 많아 백 칠십 곳이 넘습니다.경기침체가 길어지면서 대응능력이 떨어지는 중소기업들이  막다른 골목으로 내몰리고 있습니다.KBS 뉴스 지형철입니다.지형철기자 (ican@kbs.co.kr)▶ [저작권자ⓒ KBS 무단복제-재배포 금지]"
218,2016-12-23,김영재 장모 세월호 당일 진료기록 보니…'의혹 투성이',https://news.naver.com/main/read.nhn?mode=LSD&mid=shm&sid1=100&oid=448&aid=0000193508,TV조선,"[앵커]박근혜 대통령의 비선의료인으로 알려진 김영재 원장의 세월호 참사 당일 장모 진료기록의 서명 위조 의혹이 일었는데요, 서명 말고도 진료 내용을 분석해봤더니 의문, 허점 투성이입니다.뭐가 이상한지 홍혜영 기자가 조목조목 따져봤습니다.[리포트]세월호 참사 당일 오전 김영재 원장이 진료했다는 장모의 진료 기록입니다. 오전 9시 10분에 마취제인 프로포폴을 투여합니다.허리와 무릎 치료를 하고 레이저와 문신, 얼굴과 목 피부재생 시술 원형 탈모 주사 보형물인 보톡스, 필러 주입을 마치고 김 원장은 9시 40분쯤 골프장으로 출발했다고 했습니다.전문가들은 이 모든 시술을 30분 안에 끝내긴 불가능하다고 설명합니다.김정일 / 성형외과 전문의""이런 걸 다 해서 최소한으로 정말 이 사람이 신의 손이다, 라는 가정 하에 하면 최소 1시간 이상걸리는 그런 정도의 시술입니다.""보톡스와 필러 시술과 점 제거도 했다고만 돼 있지 어느 부위에 얼만큼 놨는지, 어떤 제품을 썼는지 전혀 기록이 없습니다.김 원장은 또 차트에도 없는 '고관절 주사'를 놨다고 진술했습니다.김영재의원 간호사""허리하고 무릎…. (고관절은 아니고요?) 고관절도 맞으셨습니다.""고관절 주사는 성형외과 전문의들조차 자격증 없이는 놓기 힘듭니다.김정일 / 성형외과 전문의""정형외과 전문의나 마취과 전문의 선생님들이 주로 하시는데 위험하니까 하기 힘든 부담이 있는 시술이라고 생각이 됩니다.""김 원장은 전문의 자격이 없는 일반의입니다. 허리와 무릎 통증으로 급하게 병원을 찾았다는 장모가 프로포폴을 맞고 각종 성형 시술을 받았다는 점도 납득하기 어렵습니다.TV조선 홍혜영입니다./ 홍혜영 기자 bigyima@chosun.com* 뉴스제보 : 이메일(tvchosun@chosun.com), 카카오톡(tv조선제보), 전화(1661-0190)홍혜영 기자(bigyima@chosun.com)- Copyrights ⓒ TV조선. 무단전재 및 재배포 금지 -"
219,2016-12-23,"우병우 모르쇠·조여옥 말바꾸기, 한발짝도 못나간 청문회",https://news.naver.com/main/read.nhn?mode=LSD&mid=shm&sid1=100&oid=421&aid=0002468730,뉴스1,"뻣뻣한 우병우 모든 의혹 부인…의원들 속수무책국조특위 26일 구치소서 최순실 청문회 개최(서울=뉴스1) 박상휘 기자,서미선 기자,김정률 기자 = '최순실 국정농단' 국정조사특별위원회가 22일 5차 청문회를 열고 우병우 전 청와대 민정수석을 집중 추궁했지만 실체적 진실을 다가가는데 한계를 보였다.우 전 수석은 예상대로 이날 모든 의혹에 대해 '모르쇠'로 부인했으며 지난 2014년 4월16일 세월호 참사 당시 청와대 의무동에 있다고 했던 전 청와대 간호장교 조여옥 대위는 말을 바꿨다.더구나 이 청문회의 핵심인 최순실씨는 이날도 출석하지 않아 다른 증인들과 대질이 이뤄지지 않았다. 핵심 증인들의 모르쇠와 불출석으로 이날 청문회는 한 발짝도 나가지 못했다.청문회를 지켜보는 국민들은 답답함만 느꼈다.우병우 전 청와대 민정수석. /뉴스1 © News1 사진공동취재단◆ 너무나도 당당한 우병우…모든 의혹 부인너무나도 당당한 태도로 청문회에 나선 우 전 수석은 모든 의혹을 부인했다.청문회에서는 큰 틀에서 Δ최순실씨와 친분 Δ세월호 수사팀 외압 Δ'정윤회 문건' 파동 무마 Δ청와대 검찰 소환대응 문건 작성 의혹 등이 제기됐다.우 전 수석은 최씨에 대해서는 ""모른다""고 답했으며 세월호 수사팀 외압 의혹에 대해서는 ""상황 파악만 했다""고 해명했다.정윤회 문건 파동 당시 정씨 자택을 압수수색하지 못하도록 했다는 의혹에 대해서는 ""필요상, 업무상 통화만 했다""고 항변했다.모든 의혹을 부인한 우 전 수석은 박근혜 대통령과 김기춘 전 청와대 비서실장에 대해서는 ""존경한다""고 말했다. 우 전 수석의 개인 감정에 대해 옳고그름을 재단할 순 없지만 애초부터 시원한 답변을 기대했던 국민에게는 탄식을 터뜨리게 한 대답이었다.조여옥 전 대통령경호실 간호장교. /뉴스1 © News1 사진공동취재단◆'세월호7시간'의 키 조여옥 대위의 말바꾸기청와대 간호장교를 지냈던 조 대위는 박 대통령의 비선진료 의혹을 밝혀낼 핵심 증인으로 꼽혔다. 그러나 조 대위는 청문회에 출석하자마자 말을 바꿨다.조 대위는 미국에 체류할 당시 기자회견을 스스로 자청해 세월호 참사 당시 자신은 청와대 의무동에서 근무했다고 설명했다. 당시 조 대위는 의무동과 의무실의 차이점도 상세하게 설명했다.의무동은 대통령 진료를 전담하는 곳인 반면, 의무실은 청와대 직원들을 위한 곳이다. 박 대통령의 행적을 숨기기 위해 일부러 말을 바꾼 것 아니냐는 의심이 강하게 드는 대목이다.이에 대해 조 대위는 ""인수인계 기간이라 당시에는 기억을 하지 못했는데 다이어리(일지)를 보고 차근차근 생각해보니 의무동이 아니라 의무실에 있었던 것으로 기억이 났다""고 해명했다.이혜훈 새누리당 의원은 ""조 대위의 발언에 따르면 기억하지도 못하는 내용을 자청해서 인터뷰한 것""이라며 ""인터뷰를 한 것 자체가 불순한 의도로 밖에 볼 수 없다""고 말했다./뉴스1 © News1 사진공동취재단◆답답했던 국조특위…최순실 겨냥 구치소 청문회 나선다이번 청문회가 최순실 없는 '최순실 청문회'가 된 만큼 국조특위는 불명예를 씻는 차원에서라도 26일 구치소에서 현장 청문회를 개최하기로 했다.국조특위는 이날 최씨를 비롯, 안종범 전 청와대 정책조정수석과 정호성 전 청와대 비서관에게 청문회에 출석하라고 최후 통첩을 전했으나 이들이 불응하자 26일 각각 서울구치소(최씨)와 남부구치소(안 전 수석, 정 전 비서관)를 직접 찾기로 했다.가장 최근의 구치소 청문회는 지난 1997년 15대 국회 당시 서울구치소에서 한보그룹 정태수 회장에 대한 청문회가 열렸었다.sanghwi@▶ 놓치면 후회! 최신 만화 보기 / 2017년 나의 운세 보기[© 뉴스1코리아(news1.kr), 무단 전재 및 재배포 금지]"
220,2016-12-23,이완영-禹 장모 집사-최순실 변호인은 지인들?,https://news.naver.com/main/read.nhn?mode=LSD&mid=shm&sid1=100&oid=421&aid=0002468809,뉴스1,"우병우 전 청와대 민정수석이 22일 국회에서  열린 최순실 국정조사 특위 5차 청문회에서 박영선 의원이 처갓집 가족 회사 '정강'의 전무라고 밝힌 이정국씨로부터 얘기를 듣고 있다. 2016.12.22/뉴스1 © News1 손형주 기자이정국-이완영 친밀 사진 공개…""지역구 의원일 뿐""박영선 ""이완영·우병우·정동춘 얼키고 설킨 관계""(서울=뉴스1) 심언기 기자,김정률 기자,서미선 기자 = 김장자 삼남개발 회장의 집사와 위증청부 의혹을 받고 있는 이완영 새누리당 의원이 친밀한 사이였다는 사실이 22일 드러나 파문이 일고 있다.김 회장의 집사 역할을 하는 이정국 '정강' 전무는 최순실씨의 변호인인 이경재 변호사와 같은 향우회에서 활동한 것으로 밝혀졌다.특히 우 전 수석 장모의 집사는 이완영 새누리당 의원과 친밀하게 찍은 사진이 국정조사장에서 공개됐다.박영선 더불어민주당 의원은 우 전 수석 장모의 집사를 연결고리로 최순실씨와 이완영 의원 등이 위증청부 의혹에 연루된 것이라는 의혹을 제기했다.김 회장 일가의 회사 '정강'의 이정국 전무는 이날 오후 국회에서 열린 최순실 국정농단 국정조사특별위원회 5차 청문회 도중 느닷없이 증인석에 섰다.이 전무는 이날 청문회에 김 회장의 사위인 우병우 전 민정수석을 보좌하며 청문회장을 찾았다. 박영선 더불어민주당 의원이 우 전 수석을 그림자처럼 수행하는 이 전무에게 의문을 품었고, 즉석에서 질의응답이 성사됐다.그리고 박 의원은 이 전무가 이완영 새누리당 의원과 사무실, 행사장 등에서 친밀하게 활동했던 사진을 청문회장에서 전격 공개했다.박 의원이 사진 속 이완영 의원을 가리키며 ""저기 있는 국회의원이 누구인가""라고 묻자 이 전무는 ""우리 지역구 국회의원""이라고 답했다. 박 의원이 ""이완영 의원을 잘 아느냐""고 추궁하자, 이 전무는 ""잘 아는게 아니라 향우회에서…""라고 말했다.박 의원이 ""최순실의 변호인인 이경재 변호사도 고령 향우회""라고 지적하자, 이 전무는 ""네. 맞다""고 인정했다. 고령 향우회에 최씨 변호인인 이경재 변호사, 우 전 수석 장모의 집사인 이정국 전무가 함께 활동한 셈이다.이 전무는 ""이경재 변호사는 향우회 부회장이나 향우회 활동을 안 한지 10년 정도 됐다""고 군색한 해명을 덧붙였다.박영선 더불어민주당 의원.  2016.12.22/뉴스1 © News1 손형주 기자박 의원은 이번에는 화살을 정동춘 K스포츠재단 이사장에게 돌려 ""며칠 전 직원에게 '문체부에서 우리 재단 설립허가 취소를 막기 위해 이사장으로 대외적으로 여러 활동을 하고 있다. 현직 국정조사 간사 (이완영) 새누리당 의원도 지난 일요일 만나 재단 문제 구명을 부탁했습니다'라고 말한게 사실이냐""고 따져물었다.정 이사장은 ""말은 그렇게 했는데, 실제로 그런 말을 이완영 의원한테는…(하지 않았다)""고 말을 흐렸다. K스포츠재단 노승일 부장과 박헌영 과장도 정 이사장의 해당 발언을 ""들은 적 있다""고 증언했다.박 의원은 ""얼키고 설킨 관계, 이완영과 우병우 지인과 잘 아는 사이이고, 정동춘 이사장과 대륜고 선후배 사이""라며 ""재단이 없어지는 것, 설립허가 취소를 막기위해 정동춘이 이완영한테 준 것""이라고 주장했다.박 의원은 ""이완영 의원도 그렇고, (국조특위 위원인) 백승주 새누리당 의원은 거의 청부 질문을 하고 있다""고 청부질의 의혹을 재차 제기했다.박 의원은 ""더 이상 국정조사를 이런 식으로 운영하면 안 된다""며 ""긴급제안 발의한 제척사유를 빨리 의결해주고, 백승주 의원도…(제척해야 한다)""고 촉구했다.eonki@▶ 놓치면 후회! 최신 만화 보기 / 2017년 나의 운세 보기[© 뉴스1코리아(news1.kr), 무단 전재 및 재배포 금지]"
221,2016-12-23,"""우병우, 문체부 감사관 임명에 압력 넣어""",https://news.naver.com/main/read.nhn?mode=LSD&mid=shm&sid1=100&oid=055&aid=0000487881,SBS,"<앵커>최순실 씨는 김종 전 차관을 수족처럼 이용해서 이권을 챙겼죠, 별일이 다 일어났는데 문화체육관광부의 감사 기능은 제대로 작동하지 않았습니다. 뒤늦게 감사관을 교체하려 했는데 우병우 전 수석의 민정수석실에서 특정 후보를 임명하라고 압력을 넣었다는 주장이 나왔습니다.윤나라 기자의 단독 보도입니다.<기자>문화체육관광부는 올해 초 감사관을 검찰 출신 인사로 바꾸려는 계획을 세웠습니다.최순실, 차은택, 김종 전 차관 등이 전횡하며 이권을 챙겼지만, 감사 기능이 제대로 작동하지 않았기 때문입니다.[김종덕/전 문체부 장관 : 저를 건너뛰어서 결정되는 것들이 너무 많아서 (사의를 표했습니다.)]그런데 감사관 인선에까지 우병우 전 수석의 민정수석실이 개입했다는 증언이 나왔습니다.문체부 고위관계자는 감사관 공모에서 1위 후보보다 점수가 크게 낮은 2등 후보를 임명하라고 민정수석실이 압력을 넣었다고 말했습니다.김종덕 전 장관도 SBS와의 통화에서 민정수석실에서 교체될 감사관에 특정 인사를 추천했다는 말을 들었다고 밝혔습니다.결국, 뚜렷한 이유도 없이 민정수석실의 요구로 2위 후보가 감사관에 임명됐습니다.민정수석실은 또 올해 초 방사청의 법률담당자를 우 전 수석의 측근으로 교체하고 항의하는 방사청 차장까지 바꿨다는 의혹도 제기됐습니다.[김시철/방위사업청 대변인 : 차장께서 (인사교체를 다시) 종합해서 반영을 해달라고 했는데 받아들여지지 않아서 해당하는 분들이 사직서를 냈습니다.]박영수 특검팀은 이런 정황이 우 전 수석의 인사개입에 의한 직권남용인지 살펴볼 계획입니다.(영상취재 : 최준식, 영상편집 : 유미라)▶ 의미있는 '대통령 말씀 자료'…독대 비밀 풀까?▶ [단독] 대통령 말씀 자료에 '삼성 경영권' 언급윤나라 기자(invictus@sbs.co.kr)※ ⓒ SBS & SBS콘텐츠허브 : 무단복제 및 재배포 금지☞ [스페셜] 박근혜 대통령 - 최순실 게이트의 모든 것"
222,2016-12-23, 대통령 말씀 자료에 '삼성 경영권' 언급,https://news.naver.com/main/read.nhn?mode=LSD&mid=shm&sid1=100&oid=055&aid=0000487879,SBS,"<앵커>네, 특검 수사 관련 소식으로 넘어가겠습니다. 대통령 말씀 자료라는 것은, 대통령이 공식적인 자리에서 말할 내용을 비서실이 사전에 정리한 겁니다. 말씀 자료에 들어간 내용은 관련 부처가 그대로 따르는 게 보통입니다. 그런데 박근혜 대통령이 지난해 7월 이재용 삼성 부회장과 독대할 때 말씀 자료에 삼성의 경영권 승계와 관련한 언급이 포함된 걸로 특검에서 확인이 됐습니다. 대통령과 삼성의 뇌물 혐의와 관련해서 중요한 단서가 될 것 같습니다.임찬종 기자의 단독 보도입니다.<기자>지난해 7월 25일 이재용 삼성전자 부회장은 박근혜 대통령과 독대합니다.이틀 뒤 삼성전자 박상진 사장이 최순실 씨의 딸 정유라 씨가 있는 독일로 떠났고, 한 달 뒤 삼성은 최 씨의 회사와 220억 원대 계약을 체결합니다.따라서 검찰 관계자는 박 대통령과 이재용 부회장이 독대에서 나눈 이야기를 확인하는 게, 뇌물 혐의 입증의 핵심이라고 지적했습니다.삼성의 이해관계와 관련된 논의가 있었다면, 삼성이 최순실 씨에게 보낸 돈을 대가성 있는 금품, 즉 뇌물로 볼 수 있어서입니다.그런데 박영수 특별검사팀은 이 독대 자리에서 이재용 부회장의 경영권 승계와 관련된 대화가 오갔다는 단서를 확보했습니다.당시 대통령이 말할 내용을 정리한 말씀 자료에서 '삼성이 우리나라의 대표적 기업인데, 경영권 문제가 잘 해결되길 바란다'는 취지의 문구를 확인한 겁니다.실제로 독대 직전 국민연금이 손해를 무릅쓰고 삼성물산과 제일모직의 합병에 찬성해 결과적으로 이재용 부회장의 경영권 승계에 도움을 줬습니다.특검은 이런 자료들을 바탕으로 박근혜 대통령과 삼성 사이의 대가 관계를 입증할 수 있다고 판단하고 관련자 진술을 확보하는데, 수사력을 집중하고 있습니다.(영상취재 : 최준식, 영상편집 : 김호진)▶ 의미있는 '대통령 말씀 자료'…독대 비밀 풀까?▶ [단독] ""우병우, 문체부 감사관 임명에 압력 넣어""임찬종 기자(cjyim@sbs.co.kr)※ ⓒ SBS & SBS콘텐츠허브 : 무단복제 및 재배포 금지☞ [스페셜] 박근혜 대통령 - 최순실 게이트의 모든 것"
223,2016-12-23,"겨울비, 한파·폭설로 바뀐다…밤부터 '강추위'",https://news.naver.com/main/read.nhn?mode=LSD&mid=shm&sid1=103&oid=214&aid=0000714452,MBC,"[뉴스데스크]◀ 앵커 ▶이 겨울에 한여름에나 볼 법한 장대비가 쏟아졌습니다.제주 산간에는 어제오늘 200mm가 넘게 내렸는데요.전국에 내리던 폭우는 밤부터 눈으로 바뀌고 강추위도 찾아옵니다.장유진 기자입니다.◀ 리포트 ▶요 며칠 푹하더니 겨울답지 않은 폭우까지 내렸습니다.제주 산간엔 210mm, 부산 등 남해안 곳곳엔 100mm 안팎의 비가 쏟아졌고 서울에도 12월 한 달 평균 강수량의 두 배 이상이 단 이틀 만에 내렸습니다.꽁꽁 얼어 있어야 할 송어 축제장은 비에 다 녹아 개장을 연기했고, 스키장도 군데군데 눈이 녹았습니다.[서성빈/스키장 이용객]""눈이 좀 녹아서 푹푹 파이면서 넘어질 때는 아프지 않은데 타기에는 좋지 않은 것 같아요.""이 비는 밤새 눈으로 바뀝니다.강원 산간엔 최대 20cm가 넘는 폭설이 예고된 가운데 내일까지 중부는 3에서 10cm, 충남과 호남에도 내일부터 최대 5cm의 눈이 쌓이겠습니다.눈과 함께 칼바람도 몰아치면서 내일 서울은 오늘 아침보다 6도나 낮은 -3도.한낮에도 중부지방은 영하권에 머물겠습니다.모레 크리스마스 이브엔 추위가 절정에 달해 서울이 -6도까지 곤두박질치겠습니다.[김소형/기상청 분석관]""찬 공기가 한반도로 남하하면서 경기도와 강원도는 내일 오전까지, 충청도와 남부지방은 내일 밤까지 눈이 내리겠습니다.""하루 만에 날씨가 급변하는 건 반시계 방향으로 소용돌이치며 한반도를 관통하는 강력한 저기압이 낮까진 따뜻한 남풍 비구름을 끌어올렸다가 동해로 빠지는 밤부턴 차가운 북풍을 끌어내리기 때문입니다.이번 추위는 성탄절인 일요일부터 평년기온을 회복하면서 차츰 풀리겠습니다.MBC뉴스 장유진입니다.장유진기자 (jjangjjang@mbc.co.kr)[저작권자(c) MBC (www.imnews.com) 무단복제-재배포 금지]Copyright(c) Since 1996,MBC&iMBCAll rights reserved."
224,2016-12-23,'달걀 대란' 산지 가격 보니…중간 상인 폭리 의혹,https://news.naver.com/main/read.nhn?mode=LSD&mid=shm&sid1=102&oid=055&aid=0000487877,SBS,"<앵커>AI로 달걀 값이 하루가 다르게 폭등하고 있는데, 정작 산지의 가격을 보면 그렇게 많이 오르지 않았습니다. 이번에도 중간 상인들이 폭리를 챙기는 것 아니냐는 의혹이 나옵니다.표언구 기자입니다.<기자>농수산식품유통공사가 오늘(22일) 조사한 달걀 소매가는 234원.한 달 전보다 53원이나 올랐습니다.[천효관/대전시 관평동 : 4천 원 초·중반대로 사다가 지금은 7~8천 원이나 하니까 두 배 정도 오른 겁니다.][대형마트 직원 : 가격 설정은 출고 산지 가격이 있으니까 그걸 토대로 정합니다.]실제 산지 출하가격은 어떤지 달걀 농장을 찾았습니다.[산란계 농장 직원 : 170원에서 180원까지 받는다고 합니다. 옛날 거래처만 갖다 주니까 그렇게 비싸게 못 받아요.]대한양계협회가 고지한 산지 출하 가격은 192원으로, 지난달 보다 18원 올랐을 뿐입니다.산지 가격 오름폭에 비해 소매가는 세배 가까이 오른 겁니다.차익은 고스란히 대형마트를 포함한 중간상 몫으로 돌아갔습니다.올 초 산지 가격이 40%나 폭락했을 때에는 반대로 소매 가격이 10% 하락에 그쳤는데, 당시에도 중간상들의 이익 챙기기가 이유였습니다.[양계업 관계자 : 살이 조금씩 붙어서 마지막에 대형유통업체에서 확 잡아채버리면 (산지 가격의) 51~52% 되는 유통비용이 발생합니다.]정부는 불합리한 유통 과정이 수급과 가격 조절을 어렵게 한다며 달걀을 수매해 유통시키는 유통센터 건립을 추진하고 있습니다.(영상취재 : 강윤구)표언구 기자(eungoo@sbs.co.kr)※ ⓒ SBS & SBS콘텐츠허브 : 무단복제 및 재배포 금지☞ [스페셜] 박근혜 대통령 - 최순실 게이트의 모든 것"
225,2016-12-23,'삼성합병 직후 승마사업 본격 지원' 자료 입수,https://news.naver.com/main/read.nhn?mode=LSD&mid=shm&sid1=100&oid=437&aid=0000142062,JTBC,"[앵커]이처럼 특검의 첫 타깃은 명확합니다. 보신 것처럼 삼성인데요, 특검은 박근혜 대통령이 삼성측에 특혜를 줬고, 그러면 삼성이 최순실씨에게 돈을 줬다는 '삼각고리'를 특정해놓은 상태입니다. 물론 그게 확인된다면 박 대통령과 최씨는 모두 뇌물 수수의 공범이 되는건데요. 저희 JTBC는 이를 뒷받침할만한 구체적인 자료를 단독 입수했습니다. 삼성물산과 제일모직이 합병한 직후부터 삼성의 최순실 지원이 본격적으로 이뤄진 내부 자료인데요. 여기에는 정유라씨의 말은 10억이 넘어도 구입하라는 내용도 나옵니다.먼저 이지은 기자의 단독 보도입니다.[기자]지금 보는 문건들은 삼성의 황성수 전무와 최순실 씨의 최측근인 박원오 전 승마협회 전무, 그리고 최순실씨가 지난해 주고 받은 메일 속의 문건들입니다.모두 30여장인데요. 삼성이 최씨의 개인 컨설팅업체인 코레스포츠와 220억원대의 승마사업을 지원하는 계약 과정입니다.10여 차례 서로 메일을 주고 받으며 지원 내용을 상의하다가 지난해 8월26일 양측, 삼성과 코레스포츠가 독일에서 계약을 맺었습니다.삼성측이 무조건 도와주겠다는 취지의 협의 내용도 문제지만 협의 시점도 의문입니다.처음 최 씨 측의 제안서가 작성된 때는 지난해 7월20일인데요. 삼성물산과 제일모직 합병 바로 사흘 뒤입니다.최 씨가 제안서를 보낸 닷새 뒤 한국에서는 이재용 부회장과 박근혜 대통령이 독대를 합니다.그로부터 다시 5일 뒤 삼성과 최순실 씨 측은 구체적인 지원 액수까지 논의합니다.마필과 장비 구입, 선수 숙소 임대료 등 180억원 가량을 책정합니다. 그리고 '1차 지원 선수는 마장마술 정유연' 이렇게 지원 대상에 아예 정유라 이름을 못박았습니다.이재용 부회장과 대통령의 독대 이후 삼성의 움직임은 더 빨라집니다.8월 12일 주고받은 문건을 보면 박 전 전무가 최 씨에게 '삼성이 조사 계획을 긴급히 수립한 것으로 알고 있다'고 보고한 내용이 들어 있습니다.이 때문에 삼성의 최순실 씨 승마 지원이 삼성물산과 제일모직의 합병 대가가 아니냐는 지적이 나옵니다.[이규철 대변인/특검팀 : 최순실의 삼성에 대한 제3자 뇌물공여와 국민연금의 삼성물산 제일모직 합병 찬성 간 대가 관계 및 국민연금의 배임에 대한 증거를 확보하기 위해…]삼성의 최순실 씨 지원이 삼성물산의 합병 대가라는 것이 밝혀진다면 박근혜 대통령도 뇌물죄나 제3자 뇌물자 혐의를 벗기 힘들 것으로 보입니다.이지은▶ JTBC 뉴스 공식 SNS[트위터][페이스북][유튜브]Copyright by JTBC(http://jtbc.joins.com)and JTBC Content Hub Co., Ltd. All Rights Reserved. 무단 전재 및 재배포 금지"
226,2016-12-23,성장기 청소년 척추 휘는 '척추측만증' 주의보,https://news.naver.com/main/read.nhn?mode=LSD&mid=shm&sid1=103&oid=214&aid=0000714466,MBC,"[뉴스데스크]◀ 앵커 ▶뼈는 부쩍부쩍 자라는데 장시간 앉아 있어야 되는 청소년들에게 흔한 질병이 척추측만증인데요.특히 근육량이 적은 여학생들에게 많이 발생합니다.제때 치료받는 게 중요한데, 아이들의 척추건강, 어떻게 관리해야 할지 조국현 기자가 취재했습니다.◀ 리포트 ▶20대 초반인 이 여성은 고등학생 시절 척추가 휘어있다는 진단을 받았습니다.자각 증상이 없어 치료도 하지 않았는데 20대 들어 심한 고통이 시작되면서 교정 운동을 하고 있습니다.[선지민/대학생]""다리를 꼬고 앉아 있거나, 한쪽으로 완전히 구부려서 공부를 했기 때문에...""앞에서 봤을 때 척추가 S자 모양으로 휘는 척추측만증은 10대 청소년에서 많이 발생합니다.지난해 척추측만증 환자 11만 3천여 명 중 44%가 10대였고, 특히 남성보다 여성 청소년이 2배 가까이 많았습니다.한쪽으로 치우쳐 앉거나, 턱을 괴고, 다리를 꼬는 버릇이 영향을 주는데, 운동이나 근육량이 적은 여성 청소년들이 상대적으로 취약한 것으로 분석됩니다.[이재철/순천향대서울병원 정형외과 교수]""등을 앞으로 숙였을 때 어머니가 등을 보면 등 한쪽이 튀어나올 경우 척추측만증을 의심할 수 있습니다.""치료 시기를 놓치면 만성 허리통증으로 발전합니다.[황봉남/국민대 헬스케어학과 교수]""한 시간 정도 앉아 있으면 5분 정도는 활동을 하는 게 좋고, 아이들은 움직임을 자주 갖는 게 중요합니다.""키가 크면서 척추 휘어짐이 함께 오는 경우가 많기 때문에 초등학교 4학년부터는 척추검사를 2년에 한 번 정도 받는 게 좋습니다.MBC뉴스 조국현입니다.조국현기자 (jojo@mbc.co.kr)[저작권자(c) MBC (www.imnews.com) 무단복제-재배포 금지]Copyright(c) Since 1996,MBC&iMBCAll rights reserved."
227,2016-12-23,'정면만 보는' 초보 운전자…100일 이내 가장 위험,https://news.naver.com/main/read.nhn?mode=LSD&mid=shm&sid1=103&oid=056&aid=0010399062,KBS,"<앵커 멘트>초보운전자의 시야 폭은 경력 운전자의 5분의 1수준에 그치는 것으로 분석됐습니다.운전하면서 좌우를 제대로 보지 못하는건데, 특히 운전 시작 100일 이내가 가장 위험한 것으로 조사됐습니다.김지선 기자가 보도합니다.<리포트>초보 운전자의 시야를 측정해봤습니다.주로 정면만 보기 때문에 시야폭은 매우 좁았습니다.그러나 경험이 많은 운전자는 정면 뿐 아니라 좌우를 살피며 운전합니다.시야 폭도 초보운전자보다 5배 넓었습니다.좌우를 탐색하는 시간도 초보운전자는 경력운전자의 4분의 1 수준에 그쳤습니다.이러다보니 초보운전 사고는  측면 충돌사고가 가장 많았습니다.운전 시작 첫해에  사고를 내는 경우가 많았고, 특히 운전을 시작한지 100일 이내가 가장 위험한 것으로 나타났습니다.또 초보운전자들은 차선 변경이나 비보호좌회전 등 상황에 따라 판단 해야 하는 것을 어려워하는 것으로 조사됐습니다.<녹취> 이수일(박사/현대해상 교통기후환경연구소) : ""운전 첫해에 올바른 운전 습관을 갖게 하고 안전에 대한 책임 의식을 갖게 하는 교육이나 제도 강화가 필요하다고 생각합니다.""초보 운전 시기의 운전 습관은 오래 가는 것으로 분석됐습니다.운전 첫 해에 사고를 낸 운전자들은 사고를 내지 않은 운전자들보다 5년간 사고율이 15% 포인트 높았습니다.KBS 뉴스 김지선입니다.김지선기자 (3rdline@kbs.co.kr)"
228,2016-12-23,현직 대사가 여직원 성희롱…고작 '감봉 3개월',https://news.naver.com/main/read.nhn?mode=LSD&mid=shm&sid1=104&oid=055&aid=0000487874,SBS,"<앵커>주칠레 대사관에 근무하던 외교관이 현지 미성년자를 성추행한 사건에 이어서, 이번에는 중동 지역의 대사가 같이 근무하는 한국인 여직원을 성희롱해 징계를 받은 사실이 뒤늦게 드러났습니다.김수영 기자입니다.<기자>중동 지역 공관에 근무하는 한 대사가 성희롱으로 이달 초 감봉 3개월의 징계를 받았습니다.같이 일하는 한국인 여직원에게 부적절한 행동을 했기 때문입니다.[이태규/국민의당 의원 : 중동의 우리 대사가 성희롱 문제로 징계를 받은 적 있죠?][윤병세/ 외교부 장관 : 네, 내부적으로 그런 조치를 취한 적 있습니다.]주칠레 대사관 참사관이 현지 미성년자를 성추행해 중징계를 받게 된 상황에, 국가를 대표해 활동하는 고위직 대사마저 성희롱으로 징계 받은 사실이 드러난 겁니다.외교관의 성 관련 비위는 끊임없이 발생하고 있습니다.2011년에는 중국 상하이에서 외교관들이 30대 중국 여성과 부적절한 관계를 맺으며 내부 정보를 유출한 사실이 드러났고, 2013년에는 아프리카에서 남자 외교관이 여직원을 성추행하는 사건이 벌어졌습니다.또, 지난해에는 외국 출장에 함께 간 여직원을 성추행한 외교관이 적발되기도 했습니다.이런 성적 일탈이 징계로까지 연결된 사례가 최근 5년간 한 해 평균 2건이나 됩니다.성 관련 비위가 터질 때마다 외교부는 엄중한 문책과 재발 방지를 다짐해 왔지만, 공염불에 그치고 있습니다.(영상편집 : 하성원)김수영 기자(swim@sbs.co.kr)※ ⓒ SBS & SBS콘텐츠허브 : 무단복제 및 재배포 금지☞ [스페셜] 박근혜 대통령 - 최순실 게이트의 모든 것"
229,2016-12-23,기내난동 해마다 늘고 있지만…처벌 '솜방망이',https://news.naver.com/main/read.nhn?mode=LSD&mid=shm&sid1=102&oid=055&aid=0000487873,SBS,"<앵커>흐릿하게 처리했지만 어떤 사진인지 아시겠죠, 이런 기내 난동이 매년 큰 폭으로 늘고 있습니다. 지난 2012년 191건이었고, 해마다 늘어서 지난해에는 460건을 기록했습니다.항공기 안전을 위협하는 기내 난동이 계속 늘고 있는 이유가 뭔지, 정혜진 기자가 취재했습니다.<기자>[야 그만하라고 XXX야!]상스러운 말과 함께 승무원 얼굴에 침을 뱉고,[야 △△△아, 너네 매출이 어떻게 생겨나냐?]심지어 여성 승무원의 배를 발로 걷어찹니다.[You think this is a joke? (이게 장난인 줄 알아?)]34살 임 모 씨는 지난 9월에도 기내 난동을 부려 검찰 조사를 받고 있는 상태인데, 석 달 만에 또 난동을 피웠습니다.기내 난동은 항공기의 안전운항을 위협해 자칫 대형사고로 이어질 수 있습니다.이를 막기 위해 심한 경우 전기충격 총을 사용하기도 합니다.[테이저건(전기충격 총) 사용한다고 하세요!]이처럼 기내 난동을 부리면 5년 이하의 징역이나 5천만 원 이하 벌금에 처해질 수 있습니다.하지만 지난해 12월 기내 난동을 부린 전직 권투선수가 구속된 것이 유일합니다.기내 난동이 해마다 늘고 있지만 대부분 불구속 상태에서 벌금을 물고 풀려납니다.미국에서는 승무원을 폭행하거나 협박한 경우 최대 종신형에 처할 수 있고, 호주도 최고 형량이 징역 20년입니다.외국에 비해 우리 형량이 상대적으로 가볍습니다.[최연철/한서대학교 항공산업대학원장 : 기내 난동은 기내의 테러와 같은 수준이라는 인식을 국민들에게 주는 것이 중요하다고 생각합니다.]현재의 처벌 규정을 사법당국이 엄격하게 적용하기만 해도 기내 난동이 상당수 줄어들 것으로 보입니다.(영상편집 : 장현기)▶ '기내 난동' 피해 입은 승무원이 밝힌 당시 상황정혜진 기자(hjin@sbs.co.kr)※ ⓒ SBS & SBS콘텐츠허브 : 무단복제 및 재배포 금지☞ [스페셜] 박근혜 대통령 - 최순실 게이트의 모든 것"
230,2016-12-23,병아리 공급도 '뚝' 달걀 이어 닭고기 대란 우려,https://news.naver.com/main/read.nhn?mode=LSD&mid=shm&sid1=102&oid=214&aid=0000714453,MBC,"[뉴스데스크]◀ 앵커 ▶지금까지 AI가 발생한 양계 농가는 모두 달걀 낳는 닭을 키우는 곳이었습니다.식용 닭 농장은 AI 무풍지대였지만, 예방 차원에서 살처분을 했습니다.전체 살처분 규모의 3% 수준으로 피해도 적습니다.하지만 식용 닭으로 키울 병아리들을 들여오는 길이 가로막혀 사태가 길어지면 달걀 대란에 이어, 닭고기 대란, 치킨 대란이 오는 거 아니냐는 걱정이 커지고 있습니다.박민주 기자가 보도합니다.◀ 리포트 ▶AI 사태 이후 소비자들이 닭고기를 직접 손질하기를 꺼리면서 전국적으로 생닭 판매량은 20%가량 줄었습니다.[송승륜]""AI 사태 나고서 닭고기 먹기가 좀 꺼림칙하기는 한데 아이들이 워낙 좋아하기도 하고….""닭고기 가격도 20% 이상 떨어졌는데, 한 달 뒤엔 상황이 달라질 수 있습니다.식용 닭으로 키워낼 병아리가 없기 때문입니다.넓은 사육장에 닭을 풀어놓고 기르는 식용 닭, 즉 육계 농장은 산란계 농장처럼 달걀을 수거하러 사육장 안을 자주 드나들 필요가 없어 바이러스에 강한 것으로 알려져 있고 아직까지 AI 확진 판정을 받은 곳도 없습니다.하지만, 반경 10Km 이내에 AI가 발생한 농장이 있으면 새로 병아리를 사오는 '병아리 입식'이 전면 금지되기 때문에 육계농가 중 절반가량이 닭으로 키울 병아리를 들여오지 못하고 있습니다.[변대철/육계 사육 농민]""병아리를 구매를 못 하니까, 생산도 안 되고 (병아리)부화장도 전부 다 문 닫고 육계는 이제 앞으로 병아리 구하기도 힘든 거죠.""병아리가 자라서 식용 닭으로 도축되기까지는 한 달가량이 걸립니다.따라서 AI 확산세가 빨리 잡히지 않을 경우, 당장 다음 달부터 닭고기 공급이 절반 이하로 줄어 닭고기는 물론 치킨 가격까지 급등할 수 있다는 우려가 커지고 있습니다.MBC뉴스 박민주입니다.박민주기자 (minju@imbc.com)[저작권자(c) MBC (www.imnews.com) 무단복제-재배포 금지]Copyright(c) Since 1996,MBC&iMBCAll rights reserved."
231,2016-12-23,5년내내 손실…투자자 울리는 '좀비펀드',https://news.naver.com/main/read.nhn?mode=LSD&mid=shm&sid1=101&oid=011&aid=0002942519,서울경제,"■본지 4,600개 펀드 전수조사5년 이상된 펀드 384개중 52개 마이너스1% 운용보수만 꼬박 떼가며 퇴출도 안돼간판급도 대거 포함...공모펀드 불신 불러직장인 A씨는 은행의 문자 메시지를 받을 때마다 한숨을 내쉰다. “고객님의 펀드 수익률은 -15%입니다. (중략) 최선을 다하겠습니다.” 그는 5년 전 전세자금 대출을 받으려다 금리를 깎아준다는 은행 창구직원의 설명에 덜컥 펀드에 가입했다. 이른바 ‘꺾기’에 당한 셈이다. A씨는 “최선을 다하겠다고 하지만 은행이 돈을 굴리는 것도 아니지 않으냐”며 쓴웃음을 짓는다. 그가 가입한 펀드는 5년 내내 마이너스 수익률을 기록했음에도 정작 자산운용사로부터는 단 한 마디의 해명도 들은 게 없다.A씨처럼 ‘기다리면 오른다’는 장기투자의 믿음을 배신하는 ‘좀비펀드’가 적지 않다. 수익률로 보면 시장에서 퇴출돼야 마땅하지만 1% 안팎의 운용보수만 세금처럼 꼬박꼬박 떼가며 투자자들에게 고통을 안기고 있다.    22일 서울경제신문이 한국펀드평가에 의뢰해 공모펀드 4,600여개를 전수 조사한 결과 설정 5년 이상, 설정액 50억원 이상인 펀드 384개 가운데 1·3·5년 수익률이 모두 마이너스를 기록해 사실상 5년 동안 줄곧 원금을 깎아 먹은 펀드는 52개(13.5%)에 이른다. 펀드 설정액 50억원 미만이면 자투리펀드로 청산절차를 밟아야 하지만 이들 펀드는 퇴출도 안 되면서 보수만 해마다 꼬박꼬박 가져가는 좀비펀드인 셈이다. 이 기간 코스피지수는 10.25% 상승했다.이번 조사는 시장 지수를 그대로 따라가거나 만기에 수익률이 확정되는 머니마켓펀드(MMF)·인덱스펀드·상장지수펀드(ETF)·부동산펀드 등을 제외한 것이다. 범위를 좀 더 좁혀 설정액 100억원 이상으로 해도 10개 중 1개가 좀비펀드로 분류됐다. 설정 5년 이상, 설정액 100억원인 펀드 306개 중 33개가 1·3·5년 수익률이 마이너스를 기록해 공모펀드에 대한 불신을 낳고 있다.이처럼 대책 없는 공모펀드에는 한국투자삼성그룹주펀드부터 미래에셋인디펜던스·디스커버리펀드 등 한 시대를 풍미했던 간판펀드도 대거 포함돼 눈길을 끌었다. 은행·증권사에서 ‘잘 나가는 펀드’라며 1순위로 추천했던 만큼 1조원 이상 끌어모은 공룡펀드였으나 수많은 투자자가 손실을 본 채 환매하면서 펀드 규모도 급속히 쪼그라들었다.  /박시진기자 see1205@sedaily.com[서울경제 바로가기][인기포토로 보는 오늘]서울경제와 친해지는 가장 확실한 방법[페이스북]저작권자 ⓒ 서울경제, 무단 전재 및 재배포 금지"
232,2016-12-23,"조여옥 간호장교 ""대통령·직원 몇명에 태반주사 등 놨다""",https://news.naver.com/main/read.nhn?mode=LSD&mid=shm&sid1=100&oid=001&aid=0008909225,연합뉴스,"오후 청문회 출석한 조여옥 대위    (서울=연합뉴스) 황광모 기자 = 세월호 참사 당시 청와대 간호장교로 근무했던 조여옥 대위가 22일 오후 국회에서 열린 박근혜 정부의 최순실 등 민간인에 의한 국정농단 의혹사건 진상규명을 위한 국정조사 5차 청문회에 출석해 자리에 앉아 있다.(서울=연합뉴스) 홍정규 이정현 기자 = 청와대에 간호장교로 근무했던 조여옥 대위는 22일 박근혜 대통령과 10명 이내의 청와대 직원들이 자신으로부터 태반·백옥·감초주사 처치를 받았다고 밝혔다.조 대위는 이날 국회 '최순실 게이트' 국정조사특별위원회 청문회에서 더불어민주당 도종환 의원이 ""태반·백옥·감초주사를 (대통령에게) 직접 놓은 건 조 대위냐""고 묻자 ""처방이 있는 한 제가 처치했다""며 이같이 답변했다.도 의원이 청와대 경호실에서 받은 자료에 따르면 태반주사 구입분 200개 중 재고로 남은 것은 80개이고, 백옥주사는 60개 중 10개, 감초주사는 100개 중 39개가 재고다.조 대위는 ""제 기억으로는 대통령뿐 아니라 직원에게도 처치했다""며 ""때에 따라 이동하다 파손되는 경우도 있었고, 많은 양은 아니다""고 진술했다.도 의원이 ""직원은 10명 미만이고, 대부분 대통령이 맞지 않았느냐""고 하자 조 대위는 ""저도 10명 이내라고 생각한다""고 인정했다.'세월호 참사' 당일인 2014년 4월 16일 당시 청와대 의무동(대통령 전담)에 간호장교로 근무하던 신보라 대위가 대통령 관저에 '의료용 가글'을 전달했다는 신 대위의 진술에 대해 조 대위는 ""당시 전 의무실(직원 담당)에 근무해 들은 바 없다""고 말했다.조 대위가 최근 한 언론 인터뷰에서 자신이 세월호 참사 당시 의무동에 근무했다고 말했으나, 이날 의무동이 아닌 의무실에 근무했다고 진술하자 야당 의원들은 '위증 의혹'을 제기했다.이에 대해 조 대위는 ""당시엔 정확히 기억을 못 했다. 청문회를 준비하면서 의무동에서 의무실로 근무를 교대하기 전 업무 인수인계 기간이 (2014년) 4월 22일부터 5월 2일까지라는 것을 기억하게 됐고, 그 전에는 의무실에 근무했다""고 해명했다.주사를 놓을 때 박 대통령의 혈관을 찾기 어려운데, 조 대위가 주사를 놓으면 안심했다는 진술에 대해 조 대위는 ""그런 말씀을 (박 대통령이) 직접 하지는 않았다""고 했다.zheng@yna.co.kr"
