,날짜,기사 제목,기사 링크,기사 출처,기사 내용
0,2010-12-04,[사진]서울광장 불 밝힌 성탄 트리,https://news.naver.com/main/read.nhn?mode=LSD&mid=shm&sid1=102&oid=008&aid=0002440263,머니투데이,"[머니투데이 이동훈 기자]4일 오후 서울광장에 설치된 대형 크리스마스 트리가 점등돼 연말 분위기를 한층 북돋우고 있다.(증시파파라치)뉴스로 접할 수 없는 고급 증권정보 서비스▶ (머니마켓) 성공투자의 지름길 '오늘의 추천주'▶ (머니마켓) 오늘의 증권정보 '상승포착! 특징주!'▶ (머니마켓) 24개월간 48만원 휴대폰요금 할인! ‘SK증권 통크게Save이벤트’이동훈기자 photoguy@<저작권자 ⓒ '돈이 보이는 리얼타임 뉴스' 머니투데이, 무단전재 및 재배포 금지>"
1,2010-12-04,참가자 VS 일본챔피언,https://news.naver.com/main/read.nhn?mode=LSD&mid=shm&sid1=101&oid=003&aid=0003571488,뉴시스,"【서울=뉴시스】조종원 인턴기자 = 4일 오후 서울 종로구 청계광장에서 열리고 있는 J투어 페어 인 서울(J-ROUTE Fair in Seoul)'에서 '완코소바 먹기 대회를 개최하고 있는 가운데 참가자와 전일본완코메밀국수 먹기 대회 3연패를 한 스가와라하츠요씨와 대결을 펼치고 있다.스가와라하츠요씨는 대회날 407 그릇을 먹었다.이날은 완코소바 먹기대회 및 100Kg의 대형참치 해체 쇼, 코스프레 콘테스트등 일본의 식문화와 놀이문화, 전통 문화까지 체험할 수 있는 다양한 이벤트가 진행됐다.choswat@newsis.com★ 손 안에서 보는 세상, 모바일 뉴시스<저작권자ⓒ '한국언론 뉴스허브' 뉴시스통신사. 무단전재-재배포 금지.>"
2,2010-12-04,유네스코에 등재된 매사냥을 '허'하라,https://news.naver.com/main/read.nhn?mode=LSD&mid=shm&sid1=102&oid=308&aid=0000003497,시사IN,"ⓒ김연수 제공 박용순 응사의 팔뚝을 벗어난 수진이(길들여진 참매)가 사냥감을 향해 돌진하고 있다.매사냥(falconry)이 가곡ㆍ대목장과 더불어 유네스코(UNESCO:유엔교육과학문화기구)의 인류무형유산에 등재되었다. 11월16일(한국 시간) 밤, 아프리카 케냐의 수도 나이로비에서 열린 제5차 무형유산정부간위원회 회의에서다. 이로써 한국은 판소리ㆍ종묘제례 등 유네스코 인류무형유산을 모두 11건 배출했다.ⓒReuter=Newsis 중앙아시아 국가들에는 아직도 매사냥 대회 등이 남아 있다.매사냥은 아랍에미리트가 제안해 한국ㆍ몽골ㆍ 프랑스ㆍ스페인 등 동서양 11개국이 공동으로 신청했으며 다자간에 공유하는 전통문화로 인정받은 첫 사례이다. 특히 한국이 중국과 일본을 제치고 몽골과 더불어 동북아시아에서 매사냥의 뿌리를 갖고 있다는 국제 인증이다. 아울러 동양과 서양 문화의 완충지 중동에서 꽃을 피우는 동서 화합의 상징이기도 하다.맹금류인 매나 수리를 이용해 토끼ㆍ꿩 등 다른 동물을 사냥하는 매사냥은 총포가 등장하기 전까지 인류의 보편적인 사냥술이었다. 기원전 3500여 년 전 고대 메스포타미아 문명에서 처음 시작했다는 매사냥은 북방 수렵계인 우리 선조의 전통문화 속에도 큰 부분을 차지했다.ⓒReuter=Newsis 중앙아시아 카자흐스탄의 한 들판에서 매사냥꾼이 날린 매가 매섭게 토끼의 뒤를 쫓고 있다.새는 오래전부터 '조선족'의 상징용(龍)이 남방의 한(漢)족을 상징한다면, 중원을 놓고 자웅을 겨루던 북방 쥬쉰(朝鮮)족의 상징은 새(鳥)였다. 고구려가 삼족오(三足烏)를 상징으로 삼고, 고구려 벽화에 매사냥이 등장하는 것도 이와 무관치 않다. 기러기를 상징으로 마을 어귀에 세웠던 솟대 신앙도 우리 민족이 새를 토템으로 숭배했음을 보여준다. 고구려ㆍ백제ㆍ신라의 사내들이 새의 꼬리 깃털을 머리에 장식하는 조우관(鳥羽冠)을 썼던 것도 우리 민족이 새의 민족임을 방증한다. 새는 우리 민족에게 단순한 동물의 차원을 넘어 인간과 천상을 잇는 매개체였다.ⓒ김연수 제공 일본에 반출되었다가 돌아온 응렵도(15~16세기 작품). 응사의 손등에 송골매가 앉아 있다.새를 좋아했던 우리 조상들에게 매사냥은 삶의 일부였다. 현존하는 기록을 보면 고구려는 중국 지안의 삼실총, 황해도 안악 1호분의 벽화에 매사냥 그림이 존재한다. 고구려뿐만 아니라 북방민족인 발해ㆍ거란ㆍ여진 모두 해동청(海東靑)을 이용한 매사냥을 최고로 쳤다. 백제 왕족 주군(酒君)은 일본에 매사냥을 전파했다는 기록이 <일본 서기>에 기재되어 있다. <삼국사기>에는 신라 진평왕이 매사냥에 푹 빠져 신하들이 걱정했다는 기록도 있다.고려시대와 조선시대 기록에도 매사냥이 남아 있다. <조선왕조실록>에 따르면 세종대왕은 매사냥 마니아였다. 역대 임금 중 아버지 태종에 이어 두 번째로 매사냥을 많이 했다. 세종 8년, 명나라는 조선에 말 2만5000마리를 조공으로 요구했다. 이 정도의 말을 바치라고 하는 것은 당시 조선의 군사력을 해체하라는 말과 다름이 없었다. 그러나 영리한 세종은 명나라 선종제의 취미가 매사냥이라는 것을 알고는 아골(매) 세 마리, 황응(참매) 열두 마리를 보내 말과 대체시켰다.두 차례의 왜란과 호란을 거치면서 조선 왕실의 매사냥은 쇠퇴했다. 반면 일반 서민들이 매사냥을 시작했다. 서민들이 매사냥을 시작하면서 골속(매) 위주의 매사냥에서 응속(참매) 중심의 매사냥으로 바뀌었다. 수리과의 참매는 매보다 덩치가 크다. 날개폭이 넓고 몸체 길이는 짧지만, 꼬리깃이 길어 자유자재로 회전이 가능해 숲속에서도 사냥을 잘한다. 참매는 토끼ㆍ꿩 등 비교적 큰 동물을 사냥한다. 매사냥을 이용해 고깃감을 얻고자 한다면 매보다 참매를 활용하는 것이 유용하다. 반면 빠른 속도감과 멋진 비행술을 즐기는 놀잇감으로 매사냥을 한다면, 골속인 매가 유리하다. 북쪽 지방의 매사냥이 생계 수단이었다면, 남쪽 지방의 매사냥은 유희 대상이었다는 분석도 있다.1950년 한국전쟁 이후 국토가 황폐해지고 산업화 과정을 거치면서 이 땅에서 매사냥은 서서히 자취를 감추었다. 매사냥을 즐길 삶의 여유가 사라진 탓도 있지만, 매사냥에 이용되는 매와 참매가 환경 피해로 멸종의 길을 걷고 있기 때문이다. 매와 참매는 모두 천연기념물과 법정보호 동물로 지정되어 있어 이들을 생포하거나 죽이면 3000만원 이하의 벌금이나 5년 이하의 징역형을 받는다. 매사냥용 포획도 금지되고, 오로지 학자의 연구용으로만 가능하다.ⓒ연합뉴스매사냥 기능 보유자, 국내에 단 두 명현재 한국에서 공인된 매사냥 기능 보유자는 두 명이다. 박용순 응사(53ㆍ대전무형문화재)와 박정오 응사(69ㆍ전북무형문화재)이다. 두 사람 모두 어릴 때부터 매사냥에 빠져 외길을 걸어왔다. 생업을 포기하고 매사냥의 명맥을 이어가는 이 두 사람의 가장 큰 고통은 역시 합법적으로 매를 포획하는 문제이다. 지방문화재보다 상위인 천연기념물 문화재법의 제한 속에 대학에서 연구용으로 생포한 매를 빌려오거나, 북미의 해리스매를 기증받아 매사냥의 전통을 이어오고 있다.유네스코 인류무형유산 등재 필수요건으로 과거의 전통도 중요하지만, 이를 계승 발전시키고 있는지도 주요 평가 기준이다. 만약 이 두 사람이 없었다면 매사냥의 인류무형유산 등재에 한국은 제외되었을 게 자명하다. 이들이 보유한 지방문화재를 국가문화재로 격상시키고, 이들에게 매를 포획하는 것을 국가 감시 아래 제한적으로 허용해야 한다.우리나라에는 현재 매사냥 동호인이 500명쯤 된다. 그러나 인터넷상에서 활동할 뿐 실제 이를 전수받으려고 활동하는 사람은 50명 남짓이다. 이웃 일본의 10분의 1도 되지 않는 수이다. 유네스코에 등재는 되었지만, 이 땅에서 대가 끊길 위기에 놓여 있다. 매사냥에 활용할 매가 없기 때문이다.멸종 위기 야생동물은 철저히 보호되어야 한다. 매와 참매가 없으면 매사냥도 이루어질 수 없다. 그러나 이들의 안정적인 개체 수 유지를 위한 자연환경은 하루아침에 만들어지지 않는다. 이들의 수를 늘릴 증식 프로그램에 국가적 관심과 지원이 필요하다. 인공 사육된 매가 늘어난다면 매사냥 전수자들은 편안한 마음으로 전통문화를 계승 발전시킬 것이다.김연수 (생태 연구가)싱싱한 뉴스 생생한 분석 시사IN Live - [시사IN 구독]ⓒ시사IN, 무단전재 및 재배포 금지"
3,2010-12-04,[자동차대백과]눈길에도 잘 달리는 사륜구동의 비결,https://news.naver.com/main/read.nhn?mode=LSD&mid=shm&sid1=103&oid=032&aid=0002097408,경향신문,"뒤에서 밀면 올라간다?뒷바퀴 굴림 방식의 대형 승용차가 사람들의 도움을 받아 눈길을 가고 있다. 뒷바퀴 굴림 방식의 차가 눈길에선 앞바퀴 굴림 방식보다 불리하다. <경향신문 정지윤기자>어김없이 겨울이 왔습니다. 그리고 눈이 내립니다. 미끄럼 타는 아이들은 즐겁겠지만 운전자들에겐 사계절 가운데 제일 당혹스런 계절입니다. 산과 언덕이 많은 우리나라의 지형 때문에 겨울에는 곳곳에 얼음과 눈이 쌓여 있습니다. 이런 때 가장 빛나는 자동차가 있습니다. 바로 사륜구동 자동차입니다.지난겨울 폭설이 내린 날, 서울 강남 한복판에서 벤츠, BMW, 제네시스를 비롯한 고급 승용차들이 꼼짝을 못하고 언덕에 섰습니다. 이 차들의 공통점은 앞에 엔진이 있고 뒷바퀴가 구동하는 이른바 ‘후륜구동’ 차량입니다. 또한 국산 승용차들 역시  좌우로 흔들리며 불안하게 언덕을 올라갔습니다. 이 차들은 앞에 엔진이 있지만 뒷바퀴가 아닌 앞바퀴로 동력이 전달되는 ‘전륜구동’입니다.사륜구동과 디퍼렌셜풀타임 사륜구동의 구조도, 중간에 디퍼렌셜 기어가 들어있다. 앞, 뒷바퀴의 회전반경 차이를 보정해주기 위한 장치다. 차동기어라고도 불린다. 이 장치가 없을 경우 바퀴가 미끄러져 회전반경의 차이를 보정하지 않으면 구동축이나 변속기가 파손된다. 따라서 풀타임 사륜구동 차량에는 필수적인 부품이다. <출처:위키피디아>눈 내린 언덕길에도 유유히 언덕을 오르던 차들이 바로 사륜구동 자동차입니다. 쉽게 말해 네 바퀴가 모두 엔진의 힘을 받아 구르는 사륜구동입니다. 모든 바퀴가 구른다고 해서 영어로 AWD(All Wheel Drive)라고도 합니다. 엄밀히 말하면 조금 다른 의미지만 4X4 혹은 4WD라고 쓰기도 합니다. 흔히 SUV라 불리는 많은 차가 사륜구동을 채택했고 일부 승용차도 사륜구동을 채택했습니다. 이 차들이 눈길에서 거침없이 언덕을 오른 비결은 뭘까요?눈 쌓인 언덕길을 오르는 차의 비결미끄러운 언덕, 눈길을 오르는 비결은 사실 간단합니다. 바퀴에 가해지는 무게가 가벼우면 헛돌고 무거우면 바닥을 누르면서 앞으로 나갑니다. 또한 마찰이 강하고 접점이 많을수록 미끄러운 길에서도 차가 잘 굴러가게 되는 것입니다. 그래서 접점인 바퀴에 적절한 무게를 배분해서 구동시키는 것이 눈길을 오르는 비결입니다. 따라서 비결은 무거운 부품의 위치와 연관이 있습니다.Spyker 사륜구동차1903년 독일의 Spyker에서 만든 사륜구동차다. 당시는 주로 레이스에 참가하기 위해 차를 만들었는데 60마력의 성능으로 네 바퀴 굴림을 채택한 특이한 형태의 차였다. 사륜구동차의 원조로 알려져 있다. <출처:위키피디아>엔진은 대략 120kg에서 300kg가까이 됩니다. 또 변속기도 수십kg에 이릅니다. 전륜구동 차는 엔진과 변속기 같은 무거운 부품들이 앞바퀴 근처에 있습니다. 반면 후륜구동 차는 엔진은 앞에, 변속기는 차체 중간에 있습니다. 그래서 후륜구동차 보다 전륜구동차가 엔진과 변속기가 누르는 힘 덕택에 좀 더 편리하게 미끄러운 길을 지나갑니다. 일반도로 주행에는 앞과 뒤의 무게배분이 골고루 나눠져야 스포츠 드라이빙에 좋지만 눈길에서는 예외가 됩니다.사륜구동 방식 역시 부품의 위치는 후륜구동 차와 비슷합니다. 엔진은 앞에, 변속기는 중간에 있는데 네 바퀴를 돌려주기 위한 추가 부품들이 들어갑니다. 그래서 차의 무게가 골고루 분산되고 네 바퀴에 구동력이 전달되니 눈길, 미끄러운 길에는 사륜구동이 뛰어난 효과를 발휘합니다.사륜구동에도 종류가 있다사륜구동의 원조 JeepWillys라고 불리는 짚은 1941년 미군에 납품된 사륜구동차다. 지금의 크라이슬러 '짚 루비콘'이 바로 이 차에서 시작됐다. 우리나라 군에서도 사용해서 많이 알려진 자동차다. <크라이슬러 코리아>일반적으로 '사륜구동'이라고 부르지만 구동방식과 기계적 특성에 따라 구분 할 수 있습니다. 일단 각각의 바퀴가 언제 엔진과 연결되는지에 따라서 '풀타임'과 '파트타임'으로 구분합니다. 또 전자제어식과 기계식 사륜구동으로도 나눌 수 있습니다. 더 나아가서는 전후의 구동력 배분 뿐 아니라 네 바퀴 각각에 구동력을 배분하는 방식도 있습니다. 각각의 방식과 브랜드에 따라 벤츠는 '4-Matic', BMW는 'xDrive', 아우디는 'quattro', 폭스바겐은 '4motion', 혼다는 'SH-AWD'등 다양한 방식으로 부르고 있습니다. 물론 각각의 방식은 구조와 기능이 차이가 나지만 근본적으로는 네 바퀴가 모두 엔진으로부터 구동력을 받는 구조를 말합니다.'파트타임 사륜구동' 방식은 국산 SUV를 비롯한 대부분의 사륜구동 차에 쓰이고 있습니다. 갤로퍼, 코란도 같은 차를 보면 '2H-4H-4L'이라고 쓰인 레버가 있는 것을 볼 수 있습니다. 바로 이것이 파트타임 사륜구동을 조절하는 레버입니다. 엔진에서 전해지는 구동력은 트랜스퍼 케이스-프로펠러 샤프트-차동기어(디퍼렌셜기어)-등속조인트를 거쳐 바퀴까지 전달됩니다. 앞뒤 바퀴에 엔진의 힘을 각각 전달하기 때문에 엔진으로부터 앞, 뒤 방향으로 향하는 무거운 쇠 축이 돌고 있다고 생각하면 됩니다. 이륜구동이면 한쪽 방향만 축이 있으면 되지만 사륜구동이니 앞, 뒤로 축이 돌아갑니다. 이것은 연비 악화로 이어집니다. 그래서 파트타임 사륜구동 방식은 '록킹허브'라는 부품을 통해 평소 구동력이 필요 없는 바퀴에 축을 엔진과 단절시킵니다.파트타임 사륜구동 방식은 사륜구동으로 고속주행이나 마른도로를 달리면 문제가 생깁니다. 앞바퀴와 뒷바퀴의 회전반경 차이가 고스란히 구동축이나 변속기에 무리를 주기 때문입니다. 따라서 바퀴가 미끄러지며 회전반경 차이를 극복하거나 중간에 센터차동기어가 있어야 합니다. 그래서 파트타임 사륜구동 차량의 설명서에는 '고속주행금지', '마른도로에서 사용금지'같은 주의사항이 꼭 강조돼 있습니다.스바루 Leone대량생산 승용차로는 최초로 사륜구동을 적용한 차다. 1966년 영국의 Jensen에서 만든 'Jensen FF' 역시 사륜구동이지만 6리터 엔진에 320대만 생산해서 사륜구동 승용차의 원조는 스바루로 알려져 있다. 1.4리터, 1.6리터 엔진에 2도어, 4도어, 5도어는 물론 2도어 픽업까지 만들어졌다. 구동계통도 다양해서 전륜구동방식을 기본으로 사륜구동 옵션을 넣었다. <출처:위키피디아>반면 풀타임 사륜구동 방식은 언제나 네 바퀴가 엔진으로부터 힘을 받는 구조입니다. 파트타임 사륜구동보다 기술적으로는 발전한 구조입니다. 또한 앞, 뒤의 구동력을 100:0에서 0:100까지 상황에 따라 배분하는 기술도 있습니다. 심지어 혼다의 SH-AWD는 앞, 뒤의 배분뿐만 아니라 네 바퀴 각각에 상황에 적절한 힘을 배분합니다.풀타임 사륜구동도 두 가지로 나눠볼 수 있습니다. 평소에는 이륜으로 달리다가 슬립을 감지하면 자동으로 사륜구동이 되는 방식입니다. 주로 '비스커스 커플링(viscous coupling)'이란 부품을 사용하는 방식이 여기에 속합니다. 또 다른 방식은 언제나 4바퀴가 모두 구동하는 방식입니다. 고속 주행시는 앞, 뒤 8:2의 비율로 구동력을 전달하다가 언덕에서 가속할 때는 3:7로 구동력을 변경해주고 만약 뒷바퀴가 슬립을 하면 앞바퀴에만 구동력을 전달하는 방식입니다. 주로 최신기술을 접목한 AWD차가 이런 방식을 택하고 있습니다.사륜구동으로 유명한 자동차들스바루 AWD시스템스바루는 무게배분이 장점이다. 박서엔진으로 불리는 특이한 구조의 엔진은 직렬 배치가 가능해서 차를 세로로 가로질러 엔진, 변속기 등 구동부품이 적절한 무게배분을 이룰 수 있다. 또한 풀타임 사륜구동을 채택해서 미끄러운 눈길이나 험로에서의 주행도 뛰어나다. 국내에 들어온 레거시, 아웃백, 포레스터 모두 풀타임 사륜구동을 갖추고 있다. <스바루 코리아>사륜구동 방식의 역사는 1890년대까지 거슬러 올라갑니다. 이때는 대부분 실험적인 차들이 주류를 이뤘습니다. 심지어 포르쉐박사는 네 바퀴에 각각 전기 모터를 장착해 소위 '하이브리드 사륜구동차'를 구현하기도 했습니다. 그러나 실질적인 사륜구동이 선보인 것은 1903년 네덜란드의 Spyker가 만든 60마력의 차가 시초입니다.실질적으로 사륜구동차가 각광을 받은 시기는 1941년입니다. 2차세계대전 당시 미국의 Willys-Overland에서 만든 'Willy'가 대표적입니다. 이름은 생소하지만 모습은 무척 낮 익은 차입니다. '군용짚차'로 알려진 차로 크라이슬러 JEEP의 할아버지 격입니다. 우리나라에서도 90년대까지 군용으로 사용했을 정도로 많이 알려진 이 차가 사륜구동의 실질적 시작입니다.일반 승용차에는 이보다 30년가량 늦은 1972년에 사륜구동이 적용됩니다. 일본차 브랜드 스바루의 'Subaru Leone'이 그것입니다. 이보다 앞서 1966년 Jensen이 'Jensen FF'라는 사륜구동차를 만들었지만 불과 320대만 시장에 나왔습니다. 스바루는 당시 앞바퀴 굴림 방식으로 Leone을 만들었고 옵션으로 사륜구동을 넣었습니다.아우디 콰트로아우디는 1980년부터 사륜구동시스템 콰트로를 선보였다. 변속기 속에 사륜구동용 기어를 추가해 탄생한 기계식 사륜구동 시스템이다. 최근에는 전자장치의 장점을 가미했다. 콰트로는 1986년 스키점프대를 올라가는 광고로 유명세를 탔다. 19년 뒤인 2005년 다시 스키점프대를 A6로 올라 콰트로의 인상적인 모습이 회자됐다. <아우디 코리아>최근의 자동차들 가운데는 크라이슬러 '짚 루비콘'이 군용 사륜구동차의 명맥을 잇고 있습니다. 지금도 대표적인 사륜구동차로 '짚 체로키', '짚 컴패스' 등 여러 모델로 확장되어 있습니다. 오프로드 마니아들 사이에선 가장 인기 있는 차종 중에 하나가 바로 Jeep입니다.1972년에 승용차에 사륜구동을 채택했던 스바루는 최근에도 사륜구동에 대한 집념을 갖고 있습니다. 국내에도 출시된 스바루의 차량 모두가 풀타임 사륜구동을 채택했습니다. 또한 앞서 얘기했던 미끄러지지 않는 중요 요소인 '무게중심'이 좋은 것으로 알려졌습니다. 좌우대칭형 박서엔진과 낮은 무게중심으로 소위 '미끄러지지 않는 차'로 명성이 높습니다.독일차 가운데 사륜구동으로 이름이 높은 것은 아우디입니다. '콰트로(quattro)'라고 불리는 사륜구동 방식은 아우디를 상징하는 단어가 됐습니다. 콰트로 광고중에 스키 점프대를 올라가는 장면은 사륜구동차의 효과성을 극단적으로 보여준 사례입니다.혼다의 SH-AWD혼다는 네 바퀴가 모두 자유롭게 구동력이 조절되는 SH-AWD시스템을 갖고 있다. 노면의 상황이나 차의 주행상태, 엔진, 바퀴의 회전속도 등 다양한 센서에서 모아지는 정보를 바탕으로 각 바퀴로 전달되는 힘을 조절한다. 앞, 뒤의 구동력 배분뿐만 아니라 좌우의 바퀴에 따로 구동력을 배분하는 것이 특징이다. <혼다코리아>아우디는 1980년 제네바 모터쇼에서 처음 콰트로를 선보이고 각종 자동차 경주와 랠리를 통해 연구를 거듭해 왔습니다. 가끔 아우디에 도마뱀 모양의 스티커가 붙은 것을 볼 수 있는데 이것 역시 콰트로를 상징하는 아이콘으로 통합니다.사륜구동차를 얘기하면 혼다를 빼놓을 수 없습니다. 국내에도 수입된 고급 승용차 '레전드'에 적용된 '사륜구동 자유제어 시스템(SH-AWD)'때문입니다. 전자식으로 조절되는 방식으로 네 바퀴의 미끄러짐 상태와 엔진의 RPM, 기어비, 바퀴회전속도 등 다양한 주행정보를 종합해서 네 바퀴에 각각 구동력을 배분합니다.심지어 왼쪽 뒷바퀴는 100%의 힘을 내서 구를 때 오른쪽 뒷바퀴는 구동하지 않을 수도 있습니다. 지금까지 말한 앞, 뒤 구동력 배분에서 한 단계 앞선 네 바퀴 자율 배분 시스템입니다. 또한 BMW의 X6에 적용된 사륜구동 시스템인 xDrive에서도 네 바퀴 자율 배분 시스템을 도입해 향후 사륜구동의 미래를 보여주고 있습니다.<영상미디어국 이다일기자 cam@khan.co.kr>- ⓒ 경향신문 & 경향닷컴(www.khan.co.kr), 무단전재 및 재배포 금지〈경향닷컴은 한국온라인신문협회(www.kona.or.kr)의 디지털뉴스이용규칙에 따른 저작권을 행사합니다.〉"
4,2010-12-04,"겨울 스포츠의 꽃 스키, 안전 챙기기 7가지",https://news.naver.com/main/read.nhn?mode=LSD&mid=shm&sid1=103&oid=296&aid=0000008121,코메디닷컴,"12월부터 스키 시즌이 시작됐다. 하지만 충분한 준비 없이 스키장으로 향하면  자칫 크게 다쳐 겨울 내내 병원 신세를 질 수도 있다.한국스키장경영협회 자료에 따르면 2009년 겨울 시즌 슬로프 이용객은 총 663만여  명이다. 2008년 겨울에는 눈이 많이 내리지 않아 이용객이 마이너스로 돌아서기도  했다. 하지만 2000년대 초반에는 매년 10%이상씩 이용객이 늘었고 총 이용객은 해마다  꾸준히 늘고 있다. 현재 국내 스키장은 모두 19곳. 서울리조트와 알프스리조트는  휴업 상태여서 스키를 탈 수 있는 국내 스키장은 현재 17군데다.스키는 근력, 유연성, 지구력, 신체 균형을 맞추는데 도움이 되는 대표적인 운동이다.  대한스키지도자연맹 은승표 의무이사(코리아 정형외과 원장) 는 “골프나 테니스  등은 한 쪽만 집중적으로 사용하는 ‘짝짝이 운동’으로 몸의 밸런스를 맞추는데는  도움이 되지 않는다”며 “스키는 또 관람스포츠가 아닌 몸으로 직접 즐기는 스포츠로  혼자서도 자연 속에서 즐길 수 있는 장점이 있다”고 말했다.하지만 자기 실력을 맹신하고 무리한 코스를 선택하거나 충분한 보호 장비를 갖추지  않고 타다 넘어지면 큰 부상 위험이 있는 스포츠이기도 하다. 은이사는 “가장 흔한  부상 부위가 무릎인데 심하게 넘어지면 무릎인대가 끊어지기도 한다”고 말했다.스키를 안전하게 즐기는 7가지 방법▽ 잘 넘어져야 한다잘 타는 것도 좋지만 넘어질 때 요령 있게 잘 넘어져야 한다. 삼성서울병원 스포츠의학센터  박원하 교수는 “어깨 탈구를 예방하려면 양 팔을 몸에 밀착시키는 동작을 연습하고  넘어질 때 스키 손잡이를 빨리 놓을 수 있도록 손잡이를 둥글게 말아 쥐는 것이 좋다”고  말했다.또 양팔을 앞으로 뻗으며 다리를 모아 옆으로 쓰러져야 한다. 넘어질 때는 앉는  자세를 취해 몸무게를 엉덩이 쪽으로 실리게 하면서 서서히 주저앉는다. 스키 위에  주저앉지 말고 약간 옆으로 몸을 돌려 눈 위로 앉는다.머리나 어깨가 먼저 땅에 떨어지면 뇌진탕, 어깨탈구, 골절 위험이 있다. 스노보드는  엉덩이나 무릎으로 넘어지기 때문에 타박상이 잦다. 만성화 되면 관절염이 오는 일도  있고 손목 골절사고도 많다.▽ 항상 충분히 준비운동을 한다스키를 타기 전 적어도 10분 이상 스트레칭을 해 근육을 유연하게 푼다. 사전  스트레칭은 스키를 타다 넘어질 때 갑작스런 근육 수축에 따른 근육 경련을 방지한다.실제로 스키 부상자 중 77%는 사전 준비운동을 하지 않았다. 스키를 타고 난 뒤에도  정리운동으로 스트레칭을 하면 다음날 스키를 타는데 도움이 된다.▽ 보호 장비를 잘 갖춘다기본 보호 장비로는 헬멧, 고글, 장갑이 있다. 특히 스키 부츠는 자기 것을 준비해  발에 맞는 것을 신는다. 스키복, 장갑의 방한 능력이 충분한지도 신경 쓴다. 은승표  이사는 “아직 우리나라 스키 판매대여점들은 이 기본 보호장비를 소홀히 하는 경향이  있다”며 “실제 부상한 선수들이 스키 판매대여점을 상대로 소송해 이긴 일도 있다”고  말했다.▽ 기본기 익히고 규칙을 지킨다스포츠 도중 다치는 가장 큰 이유는 기본기를 제대로 닦지 않고 슬로프에 나서기  때문이다. 스키나 스노보드를 처음 배우면서 젊음만 믿고 무리해서 탄다. 스키나  스노보드는 속도가 있기 때문에 자칫하면 자기는 물론 남도 다치게 한다. 기본기  뿐 아니라 안전 교육을 제대로 받고 꼭 지켜야 한다.▽ 자기 실력을 너무 믿지 않는다어느 운동이건 조금만 익숙해지면 욕심을 부리는 사람이 많다. 스노보드나 스키를  탈 때도 실력보다 난도가 높은 슬로프를 욕심내다가 속도조절 실패로 자신 뿐 아니라  남에게도 피해를 주는 경우가 많다. 은승표 이사는 “최근 상급자들의 부상이 더  늘고 있다”며 “이는 자기 실력을 맹신하는 분들의 안전 불감증 때문”이라고 말했다.▽ 피곤하다고 느끼면 곧 중단한다피곤하면 즉시 중단해야 사고를 막을 수 있다. 활강 중이라도 피곤하면 슬로프  옆으로 비켜나 안전지대로 내려온다. 3~4시간 정도 계속 스키를 타면 피곤해지므로  적절한 시간 안배가 필요하다. 피로가 쌓이면 쉽게 짜증나고 판단력도 흐려진다.은승표 이사는 “스키는 예상외로 체력 소모가 많은 스포츠여서 오래 타면 몸이  뜻대로 움직이지 않아 부상할 위험이 높다”며 “일정 시간 탔으면 휴식해 체력을  보충한 뒤 다시 슬로프에 올라가는 것이 맞다”고 말했다.▽ 아이들에게 오히려 스키 보드가 위험아이들에게 긴 카빙 스키 대신 길이가 짧은 스키 보드를 태우는 일이 많다. 하지만  스키 보드는 대부분 부츠와 스키가 분리가 되지 않는 비(非)이탈식 바인딩이 많다.  이런 상태에서 넘어지면 부상의 위험이 더 높다.은승표 이사는 “전통 스키는 넘어지면서 발이 뒤틀리면 스키와 부츠를 분리시키는  이탈식 바인딩이 다리의 골절을 막는데 아직까지 스키 보드의 바인딩에는 그런 기능이  없다”며 “뼈가 아직 무르기 쉬운 어린이들에게 스키 보드를 신기는 것은 매우 잘못된  행동""이라고 말했다.[관련기사]☞[동영상뉴스]스키  전후 스트레칭☞스키장  사고자들, 헬멧 썼다면???☞신수지  손연재 리듬체조 선수 환상몸매 비법☞여자는  위로 쳐다보는 각도가 가장 매력적☞오래된  부부, 행복도 불행도 배우자에 달렸다손인규 기자  (ikson@kormedi.com)저작권ⓒ  '건강을 위한 정직한 지식' 코메디닷컴 / 무단전재-재배포 금지"
5,2010-12-04,멧돼지 도심 난동‥2시간 만에 사살,https://news.naver.com/main/read.nhn?mode=LSD&mid=shm&sid1=102&oid=214&aid=0000162283,MBC,"[뉴스투데이]◀ＡＮＣ▶어젯밤 김제 도심에서 멧돼지 소동이 벌어졌습니다.멧돼지가 우체국 현금인출기 부스로 들어가면서 안에 있던 한 명이 다쳤습니다.정민지 기자입니다.◀ＶＣＲ▶어젯밤 8시 40분쯤우체국 현금인출기 부스에멧돼지 한 마리가 들어옵니다.안에 있던 한명은창틀 위로 황급히 올라갔지만,시민 한명은 아무것도 모른 채안으로 들어왔다가멧돼지를 피하지 못했습니다.잠시 뒤,밖으로 나가려는지 멧돼지가유리문으로 연신 돌진합니다.몸을 피하지 못한 시민은결국 다리와 엉덩이를 물리는부상을 입었습니다.◀ＩＮＴ▶ 김종환/부상자""들어왔는데 엉덩이를무는 거예요. 이거장난 아니다 해서후딱 도망가고 신발이고다 놓고 왔어요.""119소방대가 출동해마취총을 쏜뒤 전문 엽사에 의해멧돼지는 2시간 만에 결국사살됐습니다.130킬로그램, 3년생으로 추정되는멧돼지는 여기저기 차에부딪힌 상처가 나 있었습니다.◀ＩＮＴ▶ 박영환/야생조수류보호센터 김제지회장""밀려날 수가 있어요, 순위에서.그러다 보니까 여기에 올 수도 있고아니면 사냥터에서 쫓겨서오는 수도 있고.""시내 한복판, 난데없는멧돼지 출현으로 시민들은한동안 불안에 떨어야 했습니다.MBC뉴스 정민지입니다.(정민지 기자)[저작권자(c) MBC (www.imnews.com) 무단복제-재배포 금지]"
6,2010-12-04,"'아나운서 하려면 다줘야' 발언, ""강용석 의원은 즉각 사퇴하라""…아나운서연합회 성명( 전문)",https://news.naver.com/main/read.nhn?mode=LSD&mid=shm&sid1=100&oid=117&aid=0002108286,마이데일리,"[마이데일리 = 이승록 기자] 한국아나운서연합회가 ""아나운서 하려면 다 줘야""란 식의 발언을 한 강용석(41.무소속) 의원의 사퇴를 촉구했다.3일 오후 1시30분 서울 여의도 쓰리쎄븐스테이호텔 회견장에서 열린 기자회견에서 한국아나운서연합회 성세정(43) 회장은 강용석 의원을 향해 ""국민 앞에 사죄하고 국회의원직 즉각 사퇴하라""고 말했다.KBS 아나운서인 성세정 회장은 이날 기자회견장에 김성은(KBS 아나운서) 부회장, 박성준 대전 KBS 아나운서, 송평수 고문변호사와 함께 성명서를 발표하고 강용석 의원의 사퇴와 제명을 강력히 요구했다.<다음은 성명서 전문>피고인 강용석 의원, 이제 제발 ‘국민’ 좀 그만 괴롭혀라!-국민이란 단어를 입에 올릴 자격이나 있나?―궤변도 이 정도라면 망언이다!국회의원 강용석은 2010년 9월 8일 <중앙일보에 대한 무고죄>, <명예훼손죄>, <블로그에 허위 사실을 적시한 정보통신망법 위반죄>, <여성 아나운서에 대한 모욕죄> 이렇게 4가지 혐의로 불구속 기소된 피고인이다. 피고인 강용석이 지난 11월 23일 국회에 등원해서 또다시 국민들을 우롱했다.""경위가 어떻게 됐든 간에 제 문제로 마음의 상처를 입은 많은 분께 대단히 죄송하다는 말씀을 드리고, 국민 여러분께도 많은 심려를 끼친 것 같아 진심으로 사과의 말씀을 드린다.""라고 했는데 그렇다면 경위 따위야 상관없다는 말인가? 자신의 문제라는 표현은 자신의 잘못이라는 말과 동의어인가 아닌가? 국민 여러분께서도 많은 심려를 했었는지 매우 분노를 했었는지 갑자기 헷갈리기 시작했다.단언하건대 위의 표현들은 절대로 사과가 아니다. 사과라는 단어의 뜻도 모르는가?""시간이 지나면서 좀 차분해졌고 국민에게 사과의 말씀을 드릴 수 있는 심리적 상황이 됐기 때문""이라는 말도 궤변이다.피고인이라면 범죄의 혐의를 받아 기소가 된 사람이다. 피해자가 아닌 가해자라고 추정되는 사람이다. 물론 판결이 확정되기 전까지는 무죄추정원칙에 따라 죄인은 아니다. 단지 피고인일 따름이기는 하다.그런 피고인이 시간이 지나면서 스스로의 심경이 차분해졌다면 자신에게 씌워진 혐의가 너무나 억울하여 흥분했던 상태에서 차분해졌단 말인 것 같기도 하다.그런데 이렇게 억울한 사람이 사과를 한다는 것은 무슨 뜻인가? 뭔가 이상하지 않은가?아니면 흥분해서 타인에게 상해를 입혔던 가해자가 시간이 지나 마음이 진정된 후 피해자들에게 사과를 한다는 뜻인가? 그렇다면 자신의 잘못을 인정한다는 건데 그러면 위의 발언과 맞지 않는다. 어떤 건지 정확히 말하라!""저를 뽑아준 국민의 뜻에 따라 청년 일자리, 중소기업과 대기업의 상생문제 등에 대해 국민의 생각을 정확히 반영해 말하겠다."" 이 부분에서는 실소를 금할 수가 없다.국민의 뜻에 따르겠다고 했는데 국민의 뜻이 어떤지를 어떻게 확인했는지 묻고 싶다. 여론 조사를 했는지 등원 요청을 하는 대규모 관제시위라도 있었는지 어떤 절차를 통해 '국민‘의 여론이 수렴되었는지를 우리를 포함한 ’국민‘들은 도무지 모른다. 오히려 우리가 아는 것은 11월 23일 당일 여성계 등에서 ’즉각 사퇴하는 것만이 국민에게 사죄하는 일이며 국회는 조속히 강용석 의원을 제명 처리하라‘는 성명서를 발표한 사실이다.피고인 강용석 의원은 ‘국민’의 뜻을 받들기는커녕 ‘국민’을 두 번 세 번 죽이고 있다법률을 매우 잘 아는 변호사 출신의 피고인 강용석 의원은 형사 소송의 모든 증인과 증거 그리고 고소인들의 위임에 대해 ‘부동의’했다. 물론 판결이 확정되기 전까지는 ‘무죄 추정의 원칙’에 따라 모든 피고인은 무죄로 추정된다. 세계 인권선언 제11조 1항에도 규정되어 있으며, 한국의 헌법 제27조 4항에도 명시되어 있다.또한 피고인은 자연인으로서 당연히 부동의를 할 권리도 있다. 그런데 ‘부동의’를 한 진짜 속셈이 궁금하다.‘부동의’라! 간단하게 정리한다면 이번 사건에 관련된 사람들 중 자신과 자신의 변호인을 제외한 모든 사람들, 즉, 고소인 증인 등 무려 150여명 모두를 믿을 수 없으니 관련된 사람들이 전부 법정에 나와서 ‘내가 그런 증언을 했다’ ‘내가 이 사건에 대한 고소를 연합회장에게 위임했다’라고 법정 증언을 다시 하라는 이야기다.피고인의 성희롱 발언에 그 자리에 있던 학생들은 상처를 받았다. 그 날 이후 학생들은 ‘증인’이 되어 경찰 조사를 받았으며 또 이어지는 공판 과정에서 증언을 하고 있다. 11월 26일과 12월 1일 서울 서부지방법원 공판에서 학생들은 문제의 발언을 분명히 들었다고 증언했다. 피고인의 거짓말까지 속속 들어나고 있는 상황이다.이런 모든 것 차치하고도 딱 하나만 생각해 보자.이런 일련의 과정들이 학생들에게 두 번 세 번 상처를 주는 과정이 아니란 말인가? 그 ‘발언’을 기억하는 것만으로도 추악하기 그지없는 일일 터인데, 모욕감을 느끼고 상처받은 사람들을 1차 2차 3차 끊임없이 괴롭히고 고통스럽게 하는 일임이 분명하다.이게 국민의 뜻을 받들고 국민에 의해 뽑힌 선출직 의원으로서 과연 할 짓인가? 국민의 대표를 자처하는 자로서 할 일인가? 자신을 지지하는 국민의 뜻은 받들어야 되고 그렇지 않은 국민은 두 번 세 번 모욕을 줘도 괜찮다는 말인가?거창하게 국민의 대표를 운운하지 않더라도 동시대를 살아가는 사람으로서도 궁금한 점이 있다. 우리는 그 학생들에게 적어도 인생의 선배쯤은 되지 않겠는가? 진심으로 묻는다. 이게 할 짓인가? 이제는 발버둥을 치는 모습이 측은하게까지 느껴진다. 오히려 이런 과정을 통해 피고인 강용석 의원은 정말로 자격미달임이 속속들이 밝혀지는 듯하다.‘부동의’ 신청으로 얻고자 하는 것이 무엇인지를 솔직하게 밝혀라. 자신의 결백인가 아니면 남은 임기 1년 4개월여 동안 재판을 지루하게 끌고 가며 의원직이나 유지해 보겠다는 알량한 시간 벌기 속셈인가?피고인 강용석 의원은 법률가 출신이니 ‘무고’죄가 어떤 것인지를 아주 잘 알고 있을 것이다. 사실이 아닌 일을 거짓으로 꾸며 죄가 없는 사람을 형사 처벌해 달라고 했다는 죄가 바로 무고죄다. 중앙일보를 상대로 한 소송에서 피고인에게 적용된 죄가 무고죄이며 무고죄에 대한 처벌은 매우 엄하다.‘부동의’ 이런 식의 치졸한 짓 그만하고 이제 당당하게 법정에서 잘잘못을 가리자.이번 사건의 실체적 진실은 무엇이고, 기소된 4가지 항목의 죄를 피고인이 저질렀는지 아닌지를 떳떳하게 법정에서 논리대결을 통해 가려보자!결단의 시간은 시시각각 다가오고 있다!피고인 강용석은 스스로의 말처럼 심리적 안정을 찾았으면 해괴한 망언을 할 생각을 더 이상 하지 말고, 진심으로 그동안의 행보를 반성해 보라. 성희롱 발언에, 거짓말에, 도피와 잠적, 부동의 신청 등등 4개월 남짓한 동안 보여준 모습들은 실망 수준을 넘어 혐오스럽고 가증스럽기까지 하다.오죽했으면 사건 초기인 8월 1일 법률연맹에서도 “국민에게 사죄해야 할 강 의원이 거짓말로 일관하며 소송까지 제기한 것은 법률가 출신 국회의원으로서 양심을 버리고 사법을 능멸한 행동”이라며 “강 의원은 국회의원직뿐 아니라 변호사 자격도 박탈당해야 한다.” 라고 성명서까지 냈을까!또 있다. 법조인 출신인 동료 국회의원마저도 “변호사라는 전문 직종이 사회에서 존중받는 것은 지식을 공익을 위해 쓰기 때문이지 자기 자신을 방어하기 위한 것은 아니다”고 비판한 적이 있다. 새겨듣기 바란다. 다른 법률가들은 ‘소송’이나 ‘부동의’를 그런 식으로 쓰지는 않는가보다.피고인 강용석에게 준엄하게 경고한다. 결단의 시간은 다가오고 있다.우리는 국회 윤리특위에 피고인 강용석의 제명을 재차 요구할 것이다.피고인 강용석, 포기할 줄 아는 것도 용기다! 즉각 사퇴하라!정치인들이 그렇게도 좋아하고 마치 전가의 보도처럼 휘둘러 대는 단어가 ‘국민’이다. 피고인 강용석 의원이 그렇게도 좋아하고 그렇게도 떠받드는 국민의 대다수는 지금의 이런 사태마저도 개탄스럽게 생각하고 있다.더 이상 국민을 괴롭히지 말고 더 이상 국민을 모독하지 말고 지금 당장 사퇴하라.살려고 하면 죽을 것이요 죽으려고 하면 살 것이다.포기하라. 포기할 줄 아는 것도 용기다.그런 용기조차도 없는가? 그 최소한의 용기마저도 보여주지 못하는 것인가?마지막 애정 어린 충고다. 국민 앞에 사죄하고 국회의원직 즉각 사퇴하라.2010년 12월 3일한국아나운서연합회[한국아나운서연합회 성세정 회장(왼쪽)과 김성은 부회장. 사진 = 곽경훈 기자 kphoto@mydaily.co.kr](이승록 기자 roku@mydaily.co.kr)[관련기사]▶[MD포토] 아나운서연합회, 강용석 의원은 사퇴하라▶[MD포토] 아나운서연합회, 강용석 의원의 국회 제명을 요구한다▶[MD포토] 성세정 아나운서연합회장, 강용석 의원은 즉각 사퇴하라!▶ 이슈를 한번에 볼수 있는 'MD스타화보' 바로가기기사 제보 및 보도자료press@mydaily.co.kr- NO.1 뉴미디어 실시간 뉴스 마이데일리(www.mydaily.co.kr) 저작권자 ⓒ 마이데일리. 무단전재&재배포 금지 -"
7,2010-12-04,80년전 절멸된 실전용 조선 활 日서 발견(종합),https://news.naver.com/main/read.nhn?mode=LSD&mid=shm&sid1=103&oid=001&aid=0004801510,연합뉴스,"80년전 절멸된 조선시대 실전용 활 일본서 발견    (도쿄=연합뉴스) 이충원 특파원 = 일본 야스쿠니신사 내 유물 전시관인 유슈칸(遊就館)이 8일까지 개최하는 '가미카제(神風)'라는 이름의 특별 전시회에서 국내에서는 자취를 감춘 조선시대 실전용 활이 공개됐다. 전문가들은 이 활이 검은색 옻칠이 돼 있고, 실 등으로 표면을 둘러싼 흔적이 뚜렷해 지금까지 발견된 조선시대 활 중에서 실전용 활이 가능성이 가장 크다고 입을 모았다. 2010.12.3 <<국제뉴스부 기사 참조>>    chungwon@yna.co.kr""문헌상으로만 남아있던 환상의 활""야스쿠니 신사에 보관 확인..조선시대 갑옷.투구도 있어(도쿄=연합뉴스) 이충원 특파원 = 국내에서는 자취를 감춘 조선시대 실전용 활이 제2차 세계대전 당시 A급 전범이 합사된 일본 야스쿠니(靖國)신사에 있는 것으로 확인됐다.연합뉴스는 3일 야스쿠니신사 내 유물 전시관인 유슈칸(遊就館) 1층에 조선시대 실전용 활이 전시된 사실을 확인하고, 사진을 촬영했다.현재 국내에 남아있는 조선시대 활은 습사(연습)용이거나 수노(手弩)라는 특수한 형태뿐이다. 조선시대 전쟁 당시 실제로 쓰인 활이 공개된 것은 이번이 처음이다.80년전 절멸된 조선시대 실전용 활 일본서 발견    (도쿄=연합뉴스) 이충원 특파원 = 일본 야스쿠니신사 내 유물 전시관인 유슈칸(遊就館)이 8일까지 개최하는 '가미카제(神風)'라는 이름의 특별 전시회에서 국내에서는 자취를 감춘 조선시대 실전용 활이 공개됐다. 전문가들은 이 활이 검은색 옻칠이 돼 있고, 실 등으로 표면을 둘러싼 흔적이 뚜렷해 지금까지 발견된 조선시대 활 중에서 실전용 활이 가능성이 가장 크다고 입을 모았다. 2010.12.3 <<국제뉴스부 기사 참조>>    chungwon@yna.co.kr유슈칸은 8일까지 개최하는 '가미카제(神風)'라는 이름의 유물 특별 전시회에 이 활을 내놓았다. '朝鮮弓(조선궁)'이라는 설명과 함께 전시 중인 이 활은 검은색으로 칠해져 있고, 실 등으로 여러번 감은 흔적이 뚜렷하다.1929년에 나온 책 '조선의 궁술'에는 실전용 활과 습사용 활은 둘 다 산뽕나무, 뿔, 쇠심줄로 만들지만, 실전용 활에는 실과 옻이 추가 재료로 들어간다고 적혀 있다. 이 책에는 실과 옻을 구체적으로 어떻게 사용했다는 설명이 없지만, 전문가들은 그동안 활 표면을 실로 여러번 감싼 뒤 옻칠을 했을 것으로 추정해왔다.실전용 활은 국내에서는 자취를 감춘 지 오래다. '조선의 궁술'에는 ""활쏘기 연습용 각궁만 전할 뿐이고, 기타의 것은 영원히 사라져""라거나 ""(실전용 활은) 실물이 모두 사라져 그림으로도 그 형태를 보여주지 못하니""라고 적혀 있다.군사편찬연구소 김병륜 객원연구원은 ""일제강점기까지 북한 지역에 보존돼 있던 태조 어궁은 실전용 활인 게 분명하지만 6.25 전쟁을 거친 지금도 남아있는지 불확실한 상태""라며 ""'최초 발견'이라는 표현은 상당한 책임감이 뒤따르는 만큼 쓰기에 조심스럽지만, 지금까지 확인된 조선시대 활 유물 중에서 실전용, 군대용 활일 가능성이 가장 큰 유물인 것은 확실하다""고 말했다.영집궁시박물관의 활 연구자인 유세현씨도 ""연습용 활이 조선 활의 전부일 리가 없다고 굳게 믿고 있었는데 야스쿠니에 생각한 모습 그대로의 활이 남아있다니 놀랍다""고 탄식했다. 유씨는 영.정조 시대 이후의 활로 추정했다.야스쿠니에는 활 이외에도 조선시대 갑옷과 투구도 전시돼있었다. 투구의 이마 가리개에는 '元帥(원수)'라는 글자가 새겨져 있고, 투구 위쪽에는 용과 봉황 문양(용봉문) 금 장식이 붙어 있어 군 고위층이 사용했던 것으로 보인다. 갑옷의 옆 트임 상태 등을 고려할 때 18∼19세기에 만들어진 것으로 추정된다.일본 야스쿠니신사에 전시중인 조선의 활.갑옷.투구    (도쿄=연합뉴스) 이충원 특파원 = 일본 야스쿠니신사 내 유물 전시관인 유슈칸(遊就館)이 8일까지 개최하는 '가미카제(神風)'라는 이름의 특별 전시회에 국내에서는 자취를 감춘 조선시대 실전용 활과 갑옷, 투구가 전시돼 있는 사실이 확인됐다. 가운데 부분의 붉은색 옷이 갑옷, 그 앞에 있는 것이 투구이고, 그 오른쪽에 검은색 원형 활이 전시돼있다. 2010.12.3 <<국제뉴스부 기사 참조>>    chungwon@yna.co.kr김 연구원은 ""갑옷과 투구는 국내외에 수십점 남아있지만 조선시대 군용 활은 단 한 개도 없다. 실전용 활이 발견됐다는 의미는 이루 말할 수 없이 크다""고 말했다.한편 야스쿠니신사는 '1274년 원나라 군사와 고려군의 합동 공격을 막아낸 가미카제'라는 의미로 유물을 전시하면서 당시 일왕이 썼다는 '敵國降伏(적국항복)'이라는 글씨 바로 옆에 여원(麗元)군의 일본 공격과 관계가 없는 조선시대 군복과 갑옷을 전시해놓았다.이에 대해 혜문 스님은 ""야스쿠니신사가 조선시대 갑옷과 투구를 하필이면 적국항복이라는 글씨 옆에 진열한 의도가 의심스럽다""며 이에 대해 항의하는 서한을 야스쿠니신사 측에 보냈다.chungwon@yna.co.kr[관련기사]▶ <일본에 있는 조선시대 軍 유물 공개 계기 될까>▶ 日 야스쿠니신사, 조선시대 갑옷.투구 소장 확인<뉴스의 새 시대, 연합뉴스 Live><모바일 애플리케이션><포토 매거진><저작권자(c)연합뉴스. 무단전재-재배포금지.>"
8,2010-12-04,[포토]민가로 번지는 삼척산불,https://news.naver.com/main/read.nhn?mode=LSD&mid=shm&sid1=102&oid=087&aid=0000291572,강원일보,3일 11시 43분께 삼척시 미로면 상사전리 인근 야산에서 발생한 불이 강풍을 타고 민가를 향해 번지고 있다.   삼척=최유진 기자삼척시 미로면 상사전리 인근 야산에서 발생한 산불 진화작업.삼척시 미로면 상사전리 인근 야산에서 강풍을 타고 민가를 향해 번지고 있는 산불.삼척시 미로면 상사전리 인근 야산에서 발생한 산불 진화작업.삼척시 미로면 상사전리 인근 야산에서 발생한 산불 진화작업.삼척시 미로면 상사전리 인근 야산에서 발생한 산불 진화작업.삼척시 미로면 상사전리 인근 야산에서 강풍을 타고 민가를 향해 번지고 있는 산불.삼척시 미로면 상사전리 인근 야산에서 발생한 산불 진화작업.
9,2010-12-04,그래서 산은 겨울산이다,https://news.naver.com/main/read.nhn?mode=LSD&mid=shm&sid1=103&oid=036&aid=0000023540,한겨레21,"[한겨레21][레드 기획] 높고 추운 곳에만 있는 영혼을 위로하는 풍경…단단하게 준비한 ‘모험’ 길에 서서 ‘완벽한 기쁨’을 얻으리라콧속으로 들어오는 얼어붙은 대기가 가슴속까지 헹궈버릴 듯 청량한 날. 쌓인 눈으로 길이 지워진 능선에 첫 발자국을 찍어 새 길을 내며 걸었다. 귓전을 스치는 바람 소리와 발자국 소리만이 적막한 산길에 메아리를 만들었다. 미끄러지지 않기 위해 한 걸음 한 걸음 발디딤에 집중할수록 목탁 소리처럼 청아하게 울려퍼지는 뽀드득 뽀드득 눈 밟는 소리, 나는 고행의 수도자처럼 앞으로 나아갔다. 호젓한 겨울산에는 이런 몰입의 즐거움이 더 크다. 무아의 경지로 걷다 문득 고개를 들면 눈앞에는 고사목과 앙상한 겨울나무 빈 가지에 눈부시게 피어 있는 상고대, 저 멀리 차고 투명한 대기 속으로 파도처럼 넘실대는 산줄기의 물결. 일상의 저잣거리에서 지친 영혼을 위로하고도 남는, 높고 추운 곳에서만 만날 수 있는 풍경들. 그래서 산은 겨울산이다.목탁 소리 같은 ‘뽀드득’ 소리장터목산장 따뜻한 침상에서 단잠의 유혹을 뿌리치고 서둘러 어둠 속으로 걸어나간 새벽이었다. 장터목에서 묵은 사람들은 삼대가 적선을 해야 겨우 만날 수 있다는 천왕봉 일출을 보기 위해 새벽길을 나서는 경우가 많다. 하지만 나는 전날 백무동에서 출발해 이미 천왕봉을 다녀왔고, 지리산 정상 일출은 여러 번 보았으니 음덕이라면 분에 넘치도록 받은 터였다. 그보다 요즘 지리산은 겨울에도 사람이 많아 호젓하게 걸으려면 잠을 줄이는 수밖에 없었다. 그 멀고 높은 산에서까지 줄지어 걸어가야 한다는 것은 너무 서글프지 않은가. 새벽하늘에서 쏟아져내리는 별빛은 고드름처럼 차가웠다. 별빛에 머리를 두들겨맞으며 걷고 또 걸었다. 연하봉에서 삼신봉을 지나 촛대봉에 다다를 무렵 등 뒤로 천왕봉을 넘어온 해가 산을 붉게 물들였다. 별들이 하나둘 하늘빛에 녹아들 즈음 세석에 도착해 여유 있게 커피를 마셨다.세석산장에서는 집에 두고 온 딸들에게 엽서를 써 부치기도 했다. 처음 장터목산장에 있던 ‘하늘 아래 첫 우체통’이라 부르던 빨간 우편함이 이제는 대피소마다 생겨난 것도 반가웠다. 미색 관제엽서에 엄마가 지나온 길을, 산장 처마에 매달린 고드름 녹아내린 물을 손가락 끝에 발라 수묵화처럼 잉크가 번지게 해서 그림으로 그렸다. 겨울 지리산에서 누린 행복을 그렇게라도 산 아래 따뜻한 방구석에 웅크리고 있을 딸들에게 오롯이 전해주고 싶었던 것이다.그렇게 꿈결 같은 산행을 마치고 백무동으로 내려왔을 때다. 다리에 힘이 풀린 채 터벅터벅 걸어 들어간 하산길 식당에서, 딸애 또래 아이 둘을 데리고 산에 오를 채비를 하는 가족을 만났다. 어른은 등산화라도 갖춰 신었지만 아이들은 운동화 차림이었다. 내 발이 다 꽁꽁 얼어버릴 것처럼 마음이 시렸다.산악잡지 기자로 일하던 시절, 신발 때문에 고생한 경험이 떠올랐다. 60ℓ 배낭의 헤드가 뒤통수 위로 솟아오를 정도로 등짐을 꾸려 출근하던 날, 며칠 자리를 비우게 될 사무실 책상을 정돈하고 일어서려는데 뭔가 허전했다. 방풍재킷 위에 묵직한 배낭을 덧옷 걸치듯 메고서 허리와 가슴께 버클을 단단히 조이면, 등 뒤에서 누군가 듬직하게 안아주는 듯 편안하다. 나는 겨울산으로 가는 큰 배낭을 멜 때 그 느낌이 좋았다. 그런데 무거운 등짐과 달리 발이 너무 가벼웠다. ‘비브람’ 창을 댄 중등산화를 신고 있어야 마땅한데, 아뿔싸! 구두를 신은 채 출근한 것이었다. 경기도 광주에 있던 집에서 서울까지, 긴 시간 내내 버스와 지하철 안에서 그 큰 배낭을 메고 뭇사람들의 부러운 시선을 한 몸에 받았다고 생각했는데, 알고 보니 우스꽝스럽게 부조화한 차림 때문이었다. 대중교통을 타기 전에 갈아 신으려고 운전석 옆에 챙겨둔 중등산화를 깜박 잊고 온 것이다. 하는 수 없이 사무실에 있는 후배가 신고 있던 경등산화를 빌려 신고 산으로 가야 했다.그때 눈 덮인 산길을 오르내리면서 얼마나 고생했는지 모른다. 발등까지 덮는 고어텍스 게이터가 있었지만 천으로 된 등산화를 뚫고 들어오는 냉기와 눈 녹은 물을 다 막아내지는 못했다. 폭설을 뚫고서 어둠에 갇힌 대피소에 도착해 신발을 벗고 마룻바닥에 젖은 양말로 발도장을 찍으면서 내 건망증을 얼마나 자책했던지. 눈비에도 끄떡없는 중등산화 속에서 나온 남들의 보송보송한 양말들이 얼마나 부럽던지. 인생도 그러하지만 등산은 이런 실수의 경험들로부터 많은 것을 배운다. 하지만 산에서는 작은 실수도 자칫 큰 위험을 부를 수 있다.답례는 뒤나 옆으로 해도 된다나는 아이젠을 준비하는 그 가족에게 산에 눈이 많다고 일러주었다. 그런데 그들에겐 바짓가랑이와 신발 사이를 보호해줄 게이터도 없는 모양이었다. 비닐로라도 신발을 감싸겠다며 검정 비닐봉지를 여러 장 배낭에 챙겨넣고 있었다. 나는 눈 녹은 물이 묻은 게이터를 벗어 탈탈 털어서 망설임 없이 아이에게 주었다. 어차피 산을 내려가면 새 게이터를 살 작정이었다. 내가 산에서 곤경에 처했을 때 대가 없이 도와주던 선배들에게 조금이나마 빚을 갚는 기분이었다. “답례는 꼭 앞으로 하지 않고 뒤나 옆으로 해도 된다”고 했던 무위당 장일순 선생님 말씀처럼 말이다.겨울산에서 그 가족이 겪게 될 고난과 위험은 분명 아이에게도 큰 공부가 될 것이다. 하지만 공부시키자고 어린아이들을 고통스럽게 만드는 것은 어리석다. 신발이 눈에 젖는 것 말고도 무모하다시피 용감한 그들 앞에 닥쳐올 고통이 빤히 내다보였다. 두툼한 우모복을 입은 아이 옷차림도 마음에 걸렸다. 겨울산에서 우모복을 입은 채 땀을 뻘뻘 흘리며 걷는 초보자를 종종 만난다. 대개 ‘추우면 껴입는다’는 생각만 할 뿐인데, 산에서는 곤란하다. 오버트라우저나 우모복은 배낭 위쪽 꺼내기 쉬운 곳에 넣어두고 걸을 때는 최대한 가벼운 복장으로 움직여야 한다. 등산을 하는 동안 우리 몸은 자가발전기처럼 열을 만들어내기 때문이다. 걷다가 쉬는 동안에는 땀이 식으면서 체온을 빼앗기지 않게 보온의류를 꺼내 입고 열량을 보충할 간식을 챙겨먹어야 한다. 또 반드시 날이 어두워지기 전에 목표한 산장이나 하산 지점에 도착해야 하는데, 그들은 이미 해가 중천을 지나갔는데 산에 들어가려 하고 있었다(상자 기사 참조).그럼에도 모험에 나선 가족은 보기 좋았다. 사춘기 아이들이 선뜻 부모를 따라 힘든 길을 나선 것만으로도 대견했다. 내가 홀리듯 걸어왔던 산길이 그들에게 얼마나 큰 기쁨이 될까. 산장에서 호호 불며 라면을 먹을 아이의 발그레한 얼굴은 또 얼마나 사랑스러울까. 하지만 한겨울에도 실내에서 반팔 차림으로 지내면서 비닐하우스에서 석유로 길러내는 철 모르는 채소와 과일을 배불리 먹으며 자랐을 요즘 아이들에게 겨울산은 엄혹할 것이다.스스로 날씨를 만들어내는 겨울산“등산에서는 분명 위험과 곤경에 처하게 된다. 그러나 이런 어려움에도 불구하고, 어쩌면 이것 때문에 그 어떤 곳에서도 찾을 수 없는 마음의 평온과 정신적 교감을 얻을 것이다.” 등산가들의 바이블이라 부르는 <마운티니어링> 제1장, 등산의 첫걸음은 이렇게 시작한다. 사실 해발 2천m도 안 되는 우리나라 산에서 만나는 ‘위험과 곤경’이 뭐 그리 치명적일 게 있단 말인가 생각하는 사람들도 있다. ‘모험’을 추구하는 등산의 무대로 우리 산들은 아쉬운 부분이 있는 것도 사실이다.하지만 ‘겨울산’에서는 이야기가 다르다. 높은 산은 ‘스스로’ 날씨를 만들어내기 때문이다. 1969년 설악산에서 ‘하늘의 한구석이 뚫어져 내리는 듯한 폭설’로 산악인 10명의 목숨을 앗아간 죽음의 계곡 눈사태나 1971년 11월 초겨울과 1983년 4월 꽃샘추위 속 북한산 인수봉에서 로프에 매달린 채로 각각 7명씩 얼어 죽은 사고는 우리나라 산에도 얼마나 치명적인 위험이 도사리고 있는지를 깨우쳐준다. 인수봉은 고작 해발 810.5m다. 그런데 이런 사고는 모험을 즐기는 전문 산악인들 세계에서만 일어나는 일일까. 등산이 대중화되면서 오히려 사소한 부주의로 목숨을 잃는 초보적인 조난 사례가 늘고 있다. 나는 평소 자기 집처럼 드나들던 도봉산에서 갑작스레 쏟아진 눈보라에 방향감각을 잃고 링반데룽(환상방황)으로 사경을 헤맨 친구도 보았고, 겨울 한라산에서 만난 윗세오름 휴게소 관리인이 눈보라 치는 밤에 화장실에 갔다가 코앞에 있는 숙소를 찾지 못해 결국 그 자리에 주저앉아 밤을 새웠다는 이야기도 들었다. 그는 히말라야 8천m 고봉을 오르내린 전문 산악인이었는데도 그랬다.휴대전화 속까지 들어온 첨단위성항법장치가 ‘지도의 공백지대’를 하나둘 지우고 있는 세상이다. 하지만 겨울산의 변화무쌍한 날씨는 예사로운 장소도 순식간에 미지의 처녀지로 만들어버린다. 모든 것을 실시간으로 검색하고 정확하게 미래를 예측할 수 있을 것 같은 ‘스마트’082한 세상, 그러나 우리가 산을 찾아가는 이유는 그런 일상과 다른 무엇을 기대하기 때문 아닐까. 많은 등산가들은 그것을 ‘불확실성’이라고 말한다. 겨울산으로 가는 배낭이 크고 묵직해지는 것도 바로 ‘불확실성’에 대비하기 위해서다.그런데 우리 국립공원 대피소들은 지금 과잉된 편의를 제공하는 것 아닌지 돌아보게 된다. 그때 지리산 대피소에서는 온풍기를 틀고 모포를 빌려주고 햇반과 라면과 간식거리까지 팔고 있었다. 이 때문에 침낭도 없이 무턱대고 산을 올라오는 이가 많았다. 그래서일까, 예전과 비교하면 산장에 쌓이는 쓰레기도 너무 많았다. 아무리 대피소에서 화석에너지를 덜 쓰는 친환경에너지로 난방을 한다고 해도, 에너지를 많이 써서 실내온도를 높이는 것은 산을 산답게 지키는 일과 거리가 멀다. 걱정스러운 점은, 이런 과잉 서비스가 사람들로 하여금 산을 얕보게 하고 준비 없이 산에 오르게끔 부추겨 오히려 위험을 가중할 수 있다는 것이다.과잉 서비스가 산을 얕보게 하진 않을까사람들이 묵묵히 산을 향해 올라가는 것은 저마다 이유가 있다. 하지만 높고 골이 깊은 겨울산으로 가는 일은 누구에게나 극적인 모험의 출발일 것이다. 영국 등산가 조지 맬러리는 “모험의 대가는 완벽한 기쁨”이라고 했다. 하지만 그렇게 되기 위해서는 준비가 철저해야 한다. 아무리 강조해도 과하지 않다.글·사진 김선미 <살림의 밥상> 저자·전 <마운틴> 기자겨울산에서 기억해야 할 것발이 시리면 모자를 써라산에서 고도 100m를 올라갈 때마다 대략 기온이 1℃씩 떨어진다. 하지만 이것은 평균적인 수치일 뿐, 만일 산에서 땀이나 물에 젖은 옷을 입은 채로 강한 바람을 맞으면 평소보다 240배나 빠른 속도로 체온을 빼앗기게 된다는 사실을 잊지 말아야 한다. 이때 노련한 등산가들은 “발이 시리면 모자부터 써라”고 충고한다. 머리로 빼앗기는 체열이 전체의 절반이나 된다. 또 지치기 전에 먹어 열량을 보충하라. 겨울 배낭 속에는 산중 노숙을 하고도 살아남을 만큼 철저한 준비가 돼 있어야 한다. 따뜻한 산장에 있는 모포만 믿고 무턱대고 올라갔다가 길을 잃고 날이 어두워진다면 어떻게 할 것인가. 비상시에는 큰 배낭 속에 하반신이라도 집어넣고 웅크린 채 밤을 새울 각오와 대비가 필요하다. 그런데 초보자들은 정작 생명을 지켜줄 안전장비는 허술하고 무거운 먹을거리만 바리바리 싸들고 올라가다 제풀에 지쳐 정작 먹기도 전에 탈진한다. 그러므로 간식과 물은 꺼내기 쉬운 곳에 두고, 반드시 지치기 전에 보충한다.겨울의 진경3감질나는 햇살… 나는 참 많이 가졌구나애끓는 사랑, 상고대 핀 덕유산길겨울나무를 뒤흔든 세찬 골바람이 서릿발 그대로 얼어붙게 해 나뭇가지에 눈꽃을 피운 것이 상고대다. 삿갓재대피소에서 하룻밤을 묵고 남덕유산으로 가는 길, 해가 높이 떠오르기 전 아침 나절 잠깐 만날 수 있던 풍경. 하늘은 파랗고 얼음과 눈으로 꽃이 피어난 겨울나무는 눈부시다. 눈꽃터널이 이어지는 서쪽 비탈길과 해가 드는 동쪽 길을 넘나들며 걷는 이 길은 봄과 겨울 사이를 왔다갔다 하는 것 같다.겨우겨우 겨울나기, 오대산 염불암의 너와집오대산은 동서남북과 중앙의 오방위 높은 자리에 모두 부처를 모시고 있다. 전나무 숲길로 유명한 오대산 들머리의 월정사는 그 다섯 암자에 끼지 못한다. 홀로 푸르러 더욱 고독한 겨울 전나무 숲 그늘 아래 고요히 걸어 들어가고도 헛헛하면, 우퉁수를 끼고 있는 서대 염불암에 올라볼 일이다. 너와집 암자 뒤꼍 가득 쌓아올린 장작더미로 겨우겨우 겨울을 나는 소박한 절집이다. 툇마루에 앉아 감질나는 겨울 햇살을 쬐고 있으면 ‘나는 참 많이 가졌구나’ 하는 생각이 절로 드는 곳이다.검은 화구벽 덮은 흰 눈, 한라산한라산 백록담을 둘러싼 화구벽은 검다. 검은 현무암이 흰 눈에 덮여 있고 배경인 하늘은 시리도록 파랗다. 사방이 온통 흰빛뿐인 한라산의 설원을 눈이 어질어질할 정도로 걷다가 산을 내려갈 때면, 발아래 솟아 있는 한라산의 어린 자식 오름들이 올망졸망 펼쳐진다. 요즘 대유행인 올레길 어디에서나 고개만 들면 흰 눈으로 모자를 쓰고 있는 한라산이 보인다. 제주에 여러 번 가봤어도 아직 그 산에 오르지 못했다면 이제는 도전! 한라산과 제주도는 한 몸이다.세상을 보는 정직한 눈 <한겨레>  [한겨레21 구독|한겨레신문 구독]ⓒ 한겨레신문사, 무단전재 및 재배포 금지<한겨레는 한국온라인신문협회(www.kona.or.kr)의 디지털뉴스이용규칙에 따른 저작권을 행사합니다.>"
10,2010-12-04,北도발·모금회 비리…연말 복지시설엔 찬바람,https://news.naver.com/main/read.nhn?mode=LSD&mid=shm&sid1=102&oid=001&aid=0004802628,연합뉴스,"""후원자들 마음 닫았다"" 애꿎은 소규모 시설 지원 뚝(서울=연합뉴스) 사건팀 = 서울 용산구 후암동의 아동양육시설 혜심원.4일 오후 찾은 혜심원 앞마당에는 대여섯 살 돼 보이는 꼬마 서너 명이 그네를 타며 놀고 있었지만, 연말 한때나마 답지했던 따뜻한 관심과 나눔의 손길이 크게 준데다 찬 바람마저 쌩쌩 불어 분위기는 썰렁하기만 했다.토요일인데도 아이들을 돌보러 나온 방애영 사무국장은 ""해마다 후원이 줄어드는 추세다. 올해는 연평도 사건이 있어서 그런지 후원자나 기업체들이 이쪽까지 신경을 쓰기가 어려운 것 같다. 10년 전과 비교하면 후원은 줄고 물가는 올라서 운영하는 데 어려움이 많다""고 전했다.권필환 원장은 ""공동모금회의 비리 같은 일들이 반복되니까 사람들이 복지시설에 좀처럼 마음을 열지 않는다. 정부 지원만으로는 부족해 아이들이 피부로 느낄 정도는 아니지만 운영비를 아껴 쓰고 있다""며 씁쓸한 표정을 지었다.신생아부터 고등학교 3학년생까지 원아 50여명이 생활하는 이곳에는 그동안 지속적으로 봉사활동을 하거나 물품 또는 현금을 보태온 후원자를 제외하면 연말을 맞아 찾아오는 사람이 거의 없는 상태다.올 연말 우리 사회의 관심이 온통 북한의 연평도 도발에 쏠린데다 얼마 전 사회복지공동모금회의 잇단 비리가 폭로되면서 그나마 꾸준했던 일부 후원가들마저 등을 돌린 탓에 작은 규모의 복지시설까지 후원이 줄어 운영에 어려움을 겪는 것이다.은평구의 아동보육시설 은평천사원도 '온정의 손길'이 지난해와 단순 비교해도 40%가량 줄었다고 한다.매년 이맘때면 도움을 주겠다는 연락이 자주 오곤 했는데 연말을 맞아 시설을 직접 방문해 돕겠다는 연락은 한 팀밖에 없었다는 것.은평천사원 관계자는 ""작년과 비교해 분위기가 너무 썰렁해 당혹스럽다""며 ""아직 12월 초니까 좀 더 기다려보고는 있다""고 했다.저소득층 자녀들에게 보육과 교육서비스를 제공하는 서울 중구 예산동의 남산원은 하루 평균 7~8명이 방문하는 추세는 예년과 비교해 큰 차이는 없지만 실질적인 후원금은 크게 줄었다.남산원 관계자는 ""겨울 난방비가 많이 드는 데 도움이 필요한 상황""이라고 전했다.무료급식소를 운영하는 밥퍼나눔운동본부의 상황도 비슷하다.이 단체는 오는 25일 거리 성탄 예배에 맞춰 노숙인과 독거노인을 위한 방한복 2천벌을 마련하고자 기존의 봉사자와 기업ㆍ단체들에 후원을 요청해 기다리고 있지만 확답을 준 곳은 많지 않다.밥퍼나눔운동본부는 ""연말에 많이 들어오는 후원이나 기부도 작년보다 상황이 좋지 않다""며 크리스마스가 다가오면 후원이 늘어날 것으로 기대하고 있다.종로구 '돈의동 사랑의 쉼터'에서 일하는 김지영 사회복지사는 ""후원해주신다는 곳은 몇 군데 있는 상태인데 아직 개별적인 봉사나 지원 문의와 관련해서 연락 온 건 없다. 예년에는 연말이면 이것저것 주겠다고 3~4건 정도 문의가 왔는데 올해는 조용한 편이다""라고 말했다.이런 현상은 사회복지기관도 마찬가지다.사회복지공동모금회에 따르면 '희망 2011 나눔 캠페인'을 시작한 이달 1일부터 이틀간 모금액은 11억100만원으로 작년 같은 기간 모인 157억원의 약 7%에 불과하다.개인 기부의 척도 역할을 하는 ARS 모금도 이틀간 442만4천원(2천212통)이 모여 지난해 같은 기간 4천9통(801만8천원)의 절반 수준으로 감소했다.<뉴스의 새 시대, 연합뉴스 Live><모바일 애플리케이션><포토 매거진><저작권자(c)연합뉴스. 무단전재-재배포금지.>"
11,2010-12-04,"한미 FTA ""수출묶고, 수입풀고""",https://news.naver.com/main/read.nhn?mode=LSD&mid=shm&sid1=101&oid=214&aid=0000162350,MBC,"[뉴스데스크]◀ＡＮＣ▶이번 재협상의 핵심은 바로 자동차 분야입니다.그런데 우리 자동차의 수출은 묶고 미국의 수입차는 풀었습니다.이번엔 김수진 기자가 현대 아반떼와 포드의 토러스를 예로 들어 알기 쉽게 설명해드리겠습니다.◀ＶＣＲ▶현대자동차가미국에 수출하는 아반떼입니다.지난 2007년 협정에서는배기량 3천CC가 안되는 차는아반떼가 해당되죠,관세를 즉각 없애기로 했는데,이번 재협상에서FTA가 발효되고 5년째 될 때관세를 철폐하기로 수정했습니다.관세가 없어지면수출차의 가격이 그만큼 낮아져일본차와의 경쟁에서도 유리해집니다.하지만 이번 재협상으로 5년 이후에나그런 경쟁력을 갖출 수 있게 됐습니다.◀ＳＹＮ▶ 이항구 박사/산업연구원""부품업체나 완성차 업체가격 경쟁력을 떨어뜨리는부정적 요인이 생깁니다.""세이프 가드 조항, 긴급 수입제한조치는이번에 신설됐습니다.5년 뒤 관세가 철폐되고 나서 아반떼의미국 수출이 갑자기 급증한다면,미국 정부는자국 자동차 산업을 보호하기 위해세이프 가드를 발동하고, 아반떼에특별 관세를 물릴 수 있게 됩니다.◀ＳＹＮ▶ 허 완 상무/자동차공업협회""다소 불만은 있지만타결된 것은 환영합니다.""거꾸로 미국차의 국내 수출 조건은훨씬 좋아졌습니다.우리나라로 들어오는 미국차는연간 2만 5천대까지국내 안전 기준을 적용받지 않고판매가 가능해집니다.당초 6천 5백대에서규제 기준이 크게 완화된 겁니다.우리나라에서 미국 자동차 중판매량 2만 5천 대가넘는 차가 있을까요?국내에서 인기가 있다는 포드의 토러스,올해 겨우 2천대 정도가 팔렸죠.사실상 어떤 미국차든당분간 국내 안전 기준을적용받지 않아도 된다는 뜻입니다.결국 자동차만 놓고 보면미국은 원하는 것을 거의 다 얻은 셈입니다.MBC뉴스 김수진입니다.(김수진 기자 sj@imbc.com)[저작권자(c) MBC (www.imnews.com) 무단복제-재배포 금지]"
12,2010-12-04,"WP ""한.미FTA 합의는 오바마의 승리""",https://news.naver.com/main/read.nhn?mode=LSD&mid=shm&sid1=104&oid=079&aid=0002206110,노컷뉴스,"""한국, 車관세철폐-안전.환경기준 관련 美요구 수용""[워싱턴=CBS 박종률 특파원]미국의 유력신문인 워싱턴포스트는 4일(이하 현지시간) 한.미 자유무역협정(FTA) 협상 타결에 즈음한 관련 기사와 사설을 통해 ""이번 합의는 오바마 대통령에게 승리를 안겨준 것""이라고 보도했다.WP는 ""한.미 FTA와 관련한 오바마 행정부의 목표는 향후 5년내 수출규모를 두 배로 늘리고 일자리를 창출하는 것이었다""면서 ""이번 한.미FTA 합의는 지난달 중간선거 이후 아시아 순방 기간에 협상 타결에 실패한 뒤 각계의 비난을 받았던 오바마 대통령을 위한 '승리'가 됐다""고 평가했다.WP는 또 ""한.미 FTA는 북미자유무역협정(NAFTA) 이후 미국이 체결한 가장 큰  FTA로서, 이번 합의로 미국 정부는 연간 110억달러의 수출증대 효과를 기대할 수 있게 됐으며, 자유무역을 적극적으로 추진할 수 있는 계기를 마련하게 됐다""고 덧붙였다.앞서 오바마 대통령은 전날 한.미 FTA합의와 관련한 성명을 통해 ""이번 합의는 미국 상품과 서비스에 대한 해외시장을 개방하기 위한 노력의 필수적인 부분이며, 기업과 근로자, 농민들의 일자리 창출을 통해 향후 5년내 수출을 두 배로 늘리게 될 것""이라고 의미를 부여했다.오바마 대통령은 4일 오전 아프간 방문을 마치고 백악관으로 돌아왔으며, 이날 오전 중에 기자회견을 갖고 한.미FTA 협상 타결에 대한 입장을 다시 한번 밝힐 예정이다.한편 WP는 미국산 쇠고기 수입 확대에 대한 한국 내부의 (부정적) 상황을 인정하는 차원에서 이번 협상에서는 쇠고기 문제가 제외됐지만 30개월령 이상 미국산 쇠고기의 수입금지 조치는 한국의 정서적 측면에 기인하는 것이라고 비판하기도 했다.신문은 이어 사설을 통해 ""이번 합의는 늦었지만 환영할 만한 것""이라며 ""미국과 세계 경제를 위한 '좋은 뉴스'일 뿐만 아니라 북한의 잠재적 도발 위험에 직면한 한국과의 전략적 동맹을 강화하는 계기가 될 것""이라고 평가했다.사설은 특히 이번 추가협상을 통해 한국은 두 가지 핵심 사안의 개정을 받아들였다면서, 한국산 자동차에 대해 미국이 물리는 2.5% 관세철폐 기한이 5년 연장되고, 미국차에 대한 안전기준과 연비.배기가스 등 환경기준 적용도 상당히 완화됐다고 소개했다.사설은 한.미FTA의 의회 비준 전망과 관련해 여전히 반대기류가 남아 있긴 하지만 ""이번 합의를 통해 얻어낸 결과라면 오바마 대통령이 내년에 한.미FTA 이행법안을 의회에 제출해 승인을 얻어내는 데 충분한 수준""이라고 덧붙였다.미국 정부의 고위 관계자는 ""이번 합의는 미국이 자유무역 정책으로 나아가는 데 있어 첫 번째 중요한 성과물""이라고 설명했다.nowhere@cbs.co.kr(대한민국 중심언론 CBS  뉴스FM98.1 / 음악FM93.9 / TV CH 412)<저작권자 ⓒ CBS 노컷뉴스(www.nocutnews.co.kr) 무단전재 및 재배포 금지 >"
13,2010-12-04,"김국방 첫 행선지 연평도‥""연내에 사격훈련""",https://news.naver.com/main/read.nhn?mode=LSD&mid=shm&sid1=102&oid=214&aid=0000162346,MBC,"[뉴스데스크]◀ＡＮＣ▶김관진 국방장관은 취임 후 곧바로 연평도를 방문했습니다.북한이 포격 도발의 빌미로 삼았던 사격훈련은 반드시 가급적 빠른 시일내에 재개하겠다고 밝혔습니다.장인수 기자가 보도합니다.◀ＶＣＲ▶취임하자마자 연평도를 찾은김관진 국방장관은해병대 연평부대를 방문해전투를 치른 장병들을 격려했습니다.포격 당한 마을을 둘러본김관진 국방장관은 북한의추가 도발이 있을 경우 이번에는강력하게 응징하겠다고 밝혔습니다.◀ＩＮＴ▶ 김관진 국방장관""과거에 미온적으로 대응했기 때문에연평도가 이번에 당한 겁니다.다시는 적이 도발할 엄두를 못내도록강력한 조치를 할 겁니다.""특히 연평도에서 사격훈련은 연내에가급적 빨리 재개하겠다고 말했습니다.◀ＳＹＮ▶""날씨가 좋으면 가급적 빨리 합니다.""김장관은 사격훈련은우리의 정당한 방위권을강화하기 위한 것이며이를 트집잡아 도발하려는북의 의지를 꺾기 위해서라도사격 훈련을 강행하겠다고 강조했습니다.◀ＩＮＴ▶ 김관진 국방장관""북한이 자기 구역에 포를 쐈다고억지를 부려 도발하는 것은있을 수 없습니다.""김장관은 마을 대피소를 둘러보고낙후된 실상을 확인한 뒤주민에 대한 안전대책도빨리 개선될 수 있도록추진하겠다고 말했습니다.연평도 부대의 사격훈련은이제 시점을 결정하는 일만 남았습니다.그때까지 연평도의 긴장감은계속될 전망입니다.연평도에서 MBC뉴스 장인수입니다. (장인수 기자 mangpoboy@naver.com)[저작권자(c) MBC (www.imnews.com) 무단복제-재배포 금지]"
14,2010-12-04,위험천만 '눈 미백' 수술‥심각한 부작용,https://news.naver.com/main/read.nhn?mode=LSD&mid=shm&sid1=102&oid=214&aid=0000162342,MBC,"[뉴스데스크]◀ＡＮＣ▶눈의 흰자위를 하얗게 만들어 준다는 '눈 미백'수술이 있다는데 얘기 들어보셨습니까.◀ＡＮＣ▶글쎄요.치아 미백술 뭐 그런 시술은 들어봤는데요.눈 미백은 처음 들어봐요.◀ＡＮＣ▶유충환 기자가 취재했는데 지금까지 1천600여명이 시술을 받았답니다.그런데 상당수가 심각한 부작용을 호소하고 있습니다.◀ＶＣＲ▶검은색 눈동자는 회색으로 변했고흰 자위는 검고, 붉고, 노랗고,충혈된 것처럼뻘겋게 변하기도 했습니다.흰자위가 회색으로 변하면서돌처럼 딱딱하게 굳기도눈 안쪽으로 징그럽게살이 자라나기도 했습니다.모두 눈을 맑고 하얗게 만들어 준다는눈 미백 수술을 받았다가생긴 부작용입니다.후유증은 무서웠습니다.◀ＳＹＮ▶ 눈미백 수술 피해자""죽을때 까지 병원 신세를져야 된다는.. 이거는사람 피를 말리는 수술이구나.""고통도 찾아왔습니다.◀ＳＹＮ▶ 눈미백 수술 피해자""되게 아파요.회사, 사회 생활 못할 정도에요.일을 못해. 운전을 못하고.""심한 경우 눈이 한쪽으로 몰리는사시가 되기도.◀ＳＹＮ▶ 눈미백 수술 피해자""저사람 눈 완전 사팔이다,이렇게 되는 거예요.""사물이 2개로 보이는복시가 찾아오기도 했습니다.◀ＳＹＮ▶ 눈미백 수술 피해자""(이 볼펜이 두개로 보이세요?)다 두 개라니까. 두명이에요, 사람도.이쪽 눈 따로 보이고이쪽 눈 따로 보인다고.아주 환장하는 거예요.""심각한 부작용으로 노동 능력을 상실해장해 판정을 받은 사람들도 있습니다.부작용에 시달리는 사람들 모두서울의 한 병원에서 수술을 받았습니다.들어가봤습니다.◀ＳＹＮ▶ 눈미백 수술 병원 관계자""비용은 저희가 이렇게 검은 동자를기준으로 총 4군데가 되세요.한 군데당 백만 원 씩. 그럼 4백만 원.""부작용은 절대 걱정말라고 자신합니다.◀ＳＹＮ▶ 눈미백 수술 의사""이 수술과 연관돼 있는모든 발생할 수 있는 부작용은다 고쳐질 수 있습니다.""부작용이 생기면 재수술을받으면 된다는 이야기입니다.하지만 서너 번씩 재수술을 받고도오히려 악화된 경우도 많습니다.◀ＳＹＮ▶ 최민강/눈미백수술 피해자""무려 똑같은 수술을 네 번 해가지고.네 번째, 눈을 이러한상황까지 와가지고.""눈 미백술의 원리는흰 자위의 결막을 벗겨낸 뒤,마이토 마이신이라는 항암제를 투여해눈의 혈관을 축소하거나 없애버림으로써눈 자위를 하얗게 만드는 것입니다.그러나 혈관을 강제 축소하면정상적인 영양 공급이 안돼부작용이 생길 가능성이 크다는 게의학계의 정설입니다.이 때문에 대한 안과학회는여러 차례 공문을 통해눈 미백술의 중단과 그 위험성을경고하기도 했습니다.◀ＳＹＮ▶ 곽형우 교수/대한안과학회 이사장""수술후 여러 부작용이 야기돼서현시점에서 이 수술을 시행하는 것은적절치 않다고 학회에서는판단하고 있습니다.""그러나 문제의 병원은시술을 중단하지 않았습니다.이에 대한 인터뷰 요청에도응하지 않았습니다.◀ＳＹＮ▶ 눈미백 수술 병원 관계자""인터뷰 안하겠다고! 들어오시지 말라고!(저희는 반론의 기회를 드리는 거예요.)기회를 안갖겠다고요, 우리가.""현재 부작용 피해자들은 병원을 상대로집단 소송을 진행중입니다.보건복지부는 사태가심상치 않다고 보고,눈 미백술을 받은 환자 1천 6백여 명 중6백여 명을 상대로 부작용에 대해조사를 벌이고 있습니다.MBC뉴스 유충환입니다.(유충환 기자 violet1997@mbc.co.kr)[저작권자(c) MBC (www.imnews.com) 무단복제-재배포 금지]"
15,2010-12-04,"'맷값 재벌 2세' 최철원, 방망이들고 이웃도 협박",https://news.naver.com/main/read.nhn?mode=LSD&mid=shm&sid1=102&oid=055&aid=0000194418,SBS,"<8뉴스><앵커>맷값을 주고 사람을 때린 사건으로 문제가 된 재벌 2세의 이해 못 할 과거행적이 SBS 취재결과 드러났습니다. 층간 소음 문제로 다투던 이웃을 야구 방망이를 들고 협박했던 전력이 확인됐습니다.조성현 기자입니다.<기자>주부 김 모씨는 지난 2006년 6월 아파트 윗집 주인과 층간 소음 문제로 다투다가 봉변을 당했습니다.한밤중 소음을 참다 못한 김 씨가 경비실에 불만을 제기했더니, 갑자기 윗집 주인이 알루미늄 야구 배트를 들고 장정 3명과 함께 집으로 들이닥친 겁니다.최근 매값을 주고 사람을 때려 물의를 빚은 SK가 2세이자 M&M 전 대표인 최철원 씨였습니다.[피해자 : 최철원씨는 야구 방망이를 들고요, 다른 사람들도 몽둥이를 들었어요. 최철원씨가 알루미늄 방망이 든 건 정확히 기억해요.]최철원 씨 일행은 현관에서 김 씨의 외국인 남편의 멱살을 잡는 등 행패를 부렸습니다.[피해자 : (남편이) 누군지 모르니까 문을 딱 여는데 최철원 씨가 들어와서 목을 콱 잡더라는 거예요.]경찰이 신고를 받고 출동하자 사건은 일단락됐습니다.김 씨 가족은 이런 일을 당한 뒤 신변에 위협을 느끼고 다른 집으로 급히 이사해야했습니다.[아파트 경비원 : 야구 배트를 들고 가서 두들겨서(위협해서) 그 사람이 무서워서 한 달 뒤에 이사 갔을 거예요. 주민들이 그리고 나선 건드리지 않았어요. (무서워서요?) 네.]집단으로 둔기를 들고 폭행이나 협박을 했다면 합의 여부와 상관없이 최소 징역 1년 이상의 처벌을 받아야 하는 범죄행위입니다.하지만 당시 파출소는 상호 다툼으로 처리하고 본서에는 보고조차 하지 않았습니다.[파출소 관계자 : 몽둥이 들고 쫓아왔으면 당연히 협박이 되니까 그 정도면 입건을 할 수 있는 사안인데…]취재팀은 최철원 씨의 해명을 듣기 위해 수 차례 접촉을 시도했지만 연락이 닿지 않았습니다.[ M&M 직원 : 해명 들어서 뭐합니까. 터질 것 터졌는데…알아서 하십쇼.][피해자 : 4년 전에도 이런 일을 했다면 쭉 누적돼서 이번 같은 일(맷값 폭행)을 만들지 않았겠어요?](영상취재 : 김학모, 유동혁, 설치환, 영상편집 : 위원양, VJ : 김준호)조성현eyebrow@sbs.co.kr관/련/정/보◆ 경찰 '맷값폭행' 수사소홀 경관 징계 방침◆ [영상] '맷값 폭행' 재벌2세, 외국에 있다더니..◆ '맷값 폭행' 재벌가 최철원 씨 피의자 신분 소환◆ '맷값 폭행' 재벌가 최철원씨 피의자 소환◆ 매 한 대에 100만원?…재벌 2세가 노동자 '폭행'[SBS기자들의 생생한 취재현장 뒷이야기 '취재파일']저작권자 SBS&SBS콘텐츠허브 무단복제-재배포 금지"
16,2010-12-04,"이 병원, 저 병원 떠도는 중환자들…왜 이런일이?",https://news.naver.com/main/read.nhn?mode=LSD&mid=shm&sid1=101&oid=055&aid=0000194419,SBS,"<8뉴스><앵커>병원에서 안정을 취하며 치료를 받아야 할 중환자들이 이 병원, 저 병원으로 떠돌이 생활을 하고 있습니다. 병원들이 이른바 '적자 환자'라며 두세달만 지나면 무리한 퇴원을 요구하기 때문인데.그 속사정을 최호원 기자가 취재했습니다.<앵커>3년 전 집안에서 넘어져 뇌병변 장애를 입은 최옥자 씨.회복도 되지않은 최 씨를 데리고 남편은 지난 3년동안 병원 12곳을 돌아다니며 입원과 퇴원을 반복했습니다.입원해서 두세달만 지나면 병원에서 퇴원을 요구했기 때문입니다.[정재성/최옥자 환자 남편(병원 12곳 전전) : 기본적으로 거의가 다 한 열 군데 이상은 다녔을 거에요, 평균적으로 거의 2개월 정도씩..상당히 애로점이 많아요. 병원 옮겨 다니는게..]최 씨처럼 재활 단계에 접어든 환자에겐 퇴원 요구가 더욱 거세집니다.[병원 관계자 : 대부분 의료기관에서는 (입원 환자는) 한 달 내지는 최대 3개월 마지노선을 주고 다른 병원으로 옮기는 경우가 많죠.]왜 이런 일이 벌어지는 걸까?병원에 입원료를 지급하는 건강보험 심사평가원은 환자의 입원기간이 보름을 넘기면 입원 수가를 깎기 시작해 한달이 지나면 최대 15%까지 깎습니다.이 때문에 병상은 똑같이 차지하면서 수입은 적은 장기입원환자를 병원에서 꺼릴 수 밖에 없다는 겁니다.[이송/대한병원협회 정책위원장 : 입원비라는 것이 원가의 70% 수준에 불과한데 한 달이상 입원을 하면 입원비를 깎으니 병원은 어려울 수 밖에 없습니다.]심사평가원은 통원 치료가 가능한 환자들까지 장기 입원을 하면서 보험재정에 압박이 커져 어쩔 수 없다고 말합니다.[조정숙/건강보험심사평가원 부장 : 결국은 장기 입원에 대한 제도운영의 좀 적절성, 그런 거라고 볼 수 있는 거죠. 장기 입원에 대한.]문제는 환자의 상태와 관계없이 입원 기간만 따져 입원비를 깎다보니 정작 입원치료가 필요한 환자들까지 병원밖으로 내몰리고 있는 겁니다.제도 개선과 함께 재활 전담 치료소 신설 같은 대책이 시급하다고 전문가들은 지적합니다.(영상취재 : 김성일, 김학모, 영상편집 : 오광하)최호원bestiger@sbs.co.kr관/련/정/보◆ 환자 주머니 터는 병원 TV…모은 돈 어디로 가나?◆ ""이게 5천원짜리 밥 맞아?"" 환자 기운 빼는 병원 밥◆ [건강] '달라진 건강보험 혜택' 알아야 부담 줄인다[SBS기자들의 생생한 취재현장 뒷이야기 '취재파일']저작권자 SBS&SBS콘텐츠허브 무단복제-재배포 금지"
17,2010-12-04,"""진짜 마지막 생명줄인데"" 서민 죽이는 보험 추심",https://news.naver.com/main/read.nhn?mode=LSD&mid=shm&sid1=101&oid=055&aid=0000194423,SBS,"<8뉴스><앵커>일부 금융회사들이 채권 회수를 위해 채무자의 생명보험까지 강제 해지하는 사례가 잇따르고 있습니다. 법적으로 문제가 없다는 것인데 병 치료까지 못 받게 하는 건 너무 가혹하다는 지적입니다.최대식 기자가 취재했습니다.<기자>택시기사로 일하다 지난 6월 췌장암 수술을 받은 정 모씨.치료비가 막막하던 차에 월 3만원씩, 10년간 들었던 암 보험에 희망을 걸었습니다.하지만 보험은 이미 정 씨의 것이 아니었습니다.정 씨에게 6백만 원정도 받을 돈이 있던 한 저축은행이 법원의 추심 명령을 근거로 지난 1월 정 씨의 보험을 해지한 뒤  환급금 64만원을 받아갔기 때문입니다.[정 모씨 : 최후에 이걸 가지고 치료도 받고 살아 숨쉬기 위 해 살아남기 위해서 넣어둔 한 가닥 희망인데…]기초생활수급자로 1년 넘게 백혈병과 싸우고 있는 이 모씨.한 카드사가 밀린 카드빚을 받아내기 위해 이 씨의 보험 3건을 강제 해지한뒤 270만 원을 찾아갔습니다.[이 모씨 : 입원했다 하면 1~2백(만원)씩 최소한 나오는데 이거 진짜 제 마지막 생명줄이나 마찬가지에요.]가혹해 보이지만, 금융기관들은 법적으로 문제 없다는 입장입니다.지난해 6월 대법원이 채권자가 돈을 받아내기 위해 채무자의 보험을 해지할 수 있다는 취지로 판결했기 때문입니다.[저축은행 직원 : 저희로서는 할 수 있는 방법이 따로 없습니다. 개인적으로 봐드린다거나 하기는 조금 어렵지 않나 싶습니다.]실제 이를 근거로 금융기관들은 하루 수 백건씩 채무자들의 보험을 깨고 환급금을 챙겨가고 있습니다.그러나 저소득층의 마지막 생존 보루인 보험까지 추심대상으로 삼는 건 지나치다는 지적이 많습니다.[조연행/보험소비자연맹 사무국장 : 순수하게 보장을 위한 보장성 보험, 건강 보험이나 제보장성 같은 경우까지 이러한 것의 대상 상품으로 삼는 것은 문제가 있다고 생각됩니다.]생활이 어려운 채무자에 대해선 약자 배려 차원에서 추심을 자제하는 금융기관의 양식과 무차별적인 보험 추심을 막는 제도적 보완이 시급합니다.(영상취재 : 박승원, 유동혁, 영상편집 : 오노영)최대식dschoi@sbs.co.kr관/련/정/보◆ 일가족 '보험 사기단' 덜미…갓난 아기까지 동원◆ 서민들의 이자줄이기 10대 수칙◆ 금감원 보증보험 연대보증제도 폐지…지연이자 ↓◆ ""친인척이 햇살론 받아 카드채무 상환"" 독촉[SBS기자들의 생생한 취재현장 뒷이야기 '취재파일']저작권자 SBS&SBS콘텐츠허브 무단복제-재배포 금지"
18,2010-12-04,연평도 주민 70여 명 '입도'…귀환에 모처럼 활기,https://news.naver.com/main/read.nhn?mode=LSD&mid=shm&sid1=102&oid=055&aid=0000194420,SBS,"<8뉴스><앵커>적막감만 흐르던 연평도가 모처럼 활기를 찾았습니다. 오늘(4일)은 70명이 넘는 주민이섬으로 돌아왔고 새로 배치받은 해병대 신병들도 도착했습니다.현지에서 김도균 기자입니다.<기자>어제 궂은 날씨로 끊겼던 뱃길이 다시 열리면서 연평도 선착장은 사람들로 붐볐습니다.비워둔 집 걱정에  오늘 하루 70명이 넘는 연평도 주민들이 인천에서 섬으로 돌아왔습니다.[박현수/연평도 주민 : 그때 그냥 나갔으니까 집이 어떻게 됐는지 궁금하니까….]일촉즉발의 긴장감이 가시지 않고 있는  연평도를 지키겠다는 해병대 신병들의 모습도 보였습니다.[해병대 연평부대 신병 : (무섭지 않아요?) 무섭지 않습니다. 지원 입대했습니다.]선착장에서는 북한군의 포격 이후 처음으로 관광객의 모습도 눈에 띄어 연평도가 조금씩 안정을 되찾아가고 있음을 실감케 했습니다.집으로 돌아온 주민들은 보일러를 살피고 조업에 대비해 어구를 손질하며 비교적 분주한 하루를 보냈습니다.이런 가운데, 이곳 연평도에서는 피해 복구를 위한 현장 조사 등의 작업도 이어졌습니다.송영길 인천시장은 연평도 피해 현장을 다시 찾아 주민들에게 유류 등의 지원을 약속했습니다.나근형 인천시교육감도 학교의 피해 현황을 살피며 내년 2월까지 학교 시설 복구를 마치겠다고 밝혔습니다.(영상취재 : 김균종, 강동철, 영상편집 : 남일)김도균getset@sbs.co.kr관/련/정/보◆ '포격 상흔' 그대로인데…겨울 날 생각에 한숨만◆ 연평도, 다시 일어서려니 '먹구름'…복구에 차질◆ 연평도 근해, 조업 통제 '해제'…복구 작업 활기◆ ""찜질방 생활 지쳤다"" 연평도 주민 이주대책 난항◆ 훈련 끝났지만, 더 삼엄해진 경계…긴장감 계속[SBS기자들의 생생한 취재현장 뒷이야기 '취재파일']저작권자 SBS&SBS콘텐츠허브 무단복제-재배포 금지"
19,2010-12-04,"로또 1등 `11, 13, 15, 26, 28, 34'",https://news.naver.com/main/read.nhn?mode=LSD&mid=shm&sid1=101&oid=001&aid=0004802610,연합뉴스,"보너스 번호 `31'<뉴스의 새 시대, 연합뉴스 Live><모바일 애플리케이션><포토 매거진><저작권자(c)연합뉴스. 무단전재-재배포금지.>"
20,2010-12-04,[단독] 투모로그룹 '불법대출' 저축은행 간부 기소,https://news.naver.com/main/read.nhn?mode=LSD&mid=shm&sid1=102&oid=052&aid=0000327962,YTN,"서울중앙지방검찰청 금융조세조사3부는 레저전문 기업인 투모로그룹에 대출을 해주는 대가로 사례금 2억 원을 받고 은행 돈 35억 원을 횡령한 혐의 등으로 모 저축은행 전 이사 김 모 씨를 구속기소했습니다.김 씨는 지난 2004년부터 2006년까지 투모로그룹 국일호 회장의 매형 명의로 100억 원을 대출해 준 뒤 사례비 명목으로 2억 원을 받아 챙긴 혐의를 받고 있습니다.또, 지난 2004년 11월 은행돈 35억 원을 횡령해 주식 투자에 사용한 혐의도 받고 있습니다.검찰은 또, 이 저축은행 전 전무 김 모 씨도 대출 사례비 명목으로 1억 2,000만 원을 받은 혐의로 구속해 수사하고 있습니다.검찰은 투모로그룹이 2001년부터 2006년까지 국일호 회장과 가족들 명의로 이 저축은행에서 700억 원을 불법 대출받은 혐의를 포착하고 전직 은행장 등도 관여했는지 수사하고 있습니다.투모로그룹 국일호 회장은 지난달 회삿돈 310억여 원을 빼돌리고 회사에 145억 원 상당의 손해를 끼친 혐의로 구속기소됐습니다.신호 [sino@ytn.co.kr][주요뉴스]▶ 군 수뇌부 대폭 물갈이 예고▶ ""한미 FTA로 일본 자동차·전자 수출 직격탄""▶ 교도 통신, ""포격 사상자 남한보다 몇 배""▶ 김관진 국방 취임...""추가 도발엔 즉시 강력 대응""▶ 연평도 도발 이후 해병대 지원 증가☞ [다운로드] 생방송과 뉴스속보를 한 눈에...YTN뉴스ON☞ YTN 긴급속보를 SMS로!☞ 스마트폰으로 즐기는 24시간 뉴스의 세계...YTN 어플리케이션[저작권자(c) YTN & Digital YTN. 무단 전재-재배포 금지]"
21,2010-12-04,일광욕 즐기는 여성 저항력 강하고 오래 산다,https://news.naver.com/main/read.nhn?mode=LSD&mid=shm&sid1=103&oid=296&aid=0000008126,코메디닷컴,"과도한 수준의 일광욕이 피부암을 불러올 수 있다는 논란이 분분한 가운데 햇볕을  적절히 쬐는 여성일수록 질병에 대한 저항력이 강하고 오래 산다는 연구결과가 나왔다.스웨덴 룬드대학교 종양학자 하칸 올슨 박사는 스웨덴 여성 4만명을 대상으로  햇볕 쬐기와 건강의 상관 관계에 대해 조사했다. 그 결과 일광욕을 즐기는 여성일수록  질병에 덜 걸리고 평균 수명이 높은 것으로 나타났다.햇볕을 많이 쬐면 혈액이 굳는 색전증을 막아줘 자궁암과 당뇨병 등의 위험이  낮아지기 때문이다. 예를 들어 겨울에는 여름보다 햇볕 노출이 적기 때문에 다리에  나타나는 색전증이 여름보다 2배나 많다.연구진은 “일광욕은 단점보다 장점이 많은 활동”이라며 “햇볕을 쬐면 비타민D가  많이 생기는데 이는 뼈를 단단하게 하는데도 도움이 된다”고 말했다.하지만 영국암협회의 에드 영은 “햇볕을 과도하게 쬐면 피부암을 부른다는 학술  보고가 많기 때문에 주의할 필요가 있다”는 입장을 보였다.이에 대해 올슨 박사는 “피부암의 원인을 햇볕으로만 돌릴 순 없다”며 “적당히  일광욕을 즐기는 것이 현명한 방법”이라고 말했다.이 연구결과는 ‘스웨덴 의학협회 회의(Swedish Society of Medicine's annual  conference)’에서 발표되었으며 영국일간지 데일리메일 등이 3일 보도했다.[관련기사]☞양상추 일광욕시켜 항암효과 높인다☞[그래픽뉴스]제모제 사용후 일광욕 하지마세요☞여자는  한 달에 한번, 아빠를 피하게 돼 있다?☞외모 매력적인 엄마아빠, 딸 많이 낳는다?☞꽃남은  취업에 유리, 여자는 오히려 손해손인규 기자  (ikson@kormedi.com)저작권ⓒ  '건강을 위한 정직한 지식' 코메디닷컴 / 무단전재-재배포 금지"
22,2010-12-04,위키리크스 “美 UFO 비밀문건 곧 공개”,https://news.naver.com/main/read.nhn?mode=LSD&mid=shm&sid1=104&oid=081&aid=0002140228,서울신문,"[서울신문 나우뉴스]미국 국무부 외교문서를 공개해 연일 파장을 일으키는 기밀폭로 사이트 위키리크스가 이번에는 미확인비행물체(UFO)와 관련된 비밀 자료를 공개하겠다고 밝혔다.위키리크스의 설립자인 줄리안 어샌지는 지난 3일(현지시간) 영국 일간 가디언과 한 온라인 인터뷰에서 “미국정부가 극비문건으로 분류해놓은 UFO관련 자료를 다수 입수했다.”고 밝혔다.“문건 중에 UFO나 외계생물체와 관련된 내용이 있느냐.”는 가디언의 질문에 어샌지는 “이 문건에는 지금까지 전혀 알려지지 않은 충격적인 내용을 담고 있다.”고 주장해 궁금증을 자극했다.문건에 담긴 정보나 구체적인 공개 시기를 밝히진 않았으나, 어샌지는 가까운 시일 내에 위키리크스 웹사이트에 올려 모두 열람할 수 있도록 하겠다고 밝혔다.<!-- 광고 right -->호주 출신인 어샌지는 지난달 28일부터 25만 건에 달하는 미 국무부 외교 전문을 단계적으로 폭로하고 있다. 미국 정부와 인터폴 등의 수배를 받고 있으며, 현재 영국 남부지방의 한 소도시에 은신 중인 것으로 알려졌다.서울신문 나우뉴스 강경윤기자newsluv@seoul.co.kr[ 관련기사 ]☞ “UFO는 히틀러의 비밀 병기였다?”☞ 미스터리 ‘삼각 UFO’ 영국 상공에 세번째 출몰☞ 美연안서 솟아 오른 괴비행체에 초비상☞ 버지니아 밤하늘서 ‘소음 없는 UFO’ 포착☞ 30년전 발견 UFO 생생 증언록 충격별난 세상 별난 뉴스(nownews.seoul.co.kr)[☞ 신문구독신청] [☞ 전문가 추천종목 ARS] [☞ 2011 적중 토정비결]- Copyrights ⓒ서울신문사. 무단 전재 및 재배포 금지 -"
23,2010-12-04,영어 몰입형 '초딩 졸업식'을 아시나요,https://news.naver.com/main/read.nhn?mode=LSD&mid=shm&sid1=102&oid=047&aid=0001975147,오마이뉴스,"[오마이뉴스 윤근혁 기자]경북 봉화군에 있는 한 공립 초등학교가 영어로 진행하는 졸업식, 이른바 '영어몰입형 졸업식'을 준비하고 있어 학교 안팎에서 눈총을 받고 있다. 일부 학부모는 교장에게 항의하는 한편, 봉화교육지원청 공식 사이트에도 항의 편지를 올려놓는 등 논란이 확산될 조짐이다.5학년은 영어로 송사, 6학년은 영어로 답사▲경북 B초 사이트에 올라온 할로윈데이 행사 모습.ⓒ 홈페이지 갈무리3일 이 학교 교장과 교사, 학부모 등에 따르면 농촌 학교인 B교는 지난 11월 중순쯤 교사 전체가 참여하는 교무회의를 열었고, 학교운영위원회 등을 거쳐 내년 2월 졸업식을 영어로 진행하기로 사실상 결정했다.이에 따라 최근 영어로 사회를 보고, 영어 송사를 할 수 있는 5학년 학생 일부를 뽑아 놓고 연습 준비에 나선 상태여서 파행 교육과정에 대한 우려도 낳고 있다. 6학년 졸업생 5명도 답사를 영어로 진행할 예정이다.올해 몇몇 중고교 졸업식에서 교장이 영어로 인사말을 해 말썽이 된 적은 있었지만, 초등학교가 행사 전 과정을 영어로 진행하기로 결정한 사실이 드러난 것은 이번이 처음이다.이 학교에 4학년 자녀를 보내는 있다고 자신을 소개한 여아무개 학부모는 이날 봉화교육청 홈페이지 '교육장과의 대화'란에 올려놓은 편지에서 ""저희 학교의 졸업식을 모두 '영어'로 진행한다는 소식을 접하고 놀란 맘에 글을 올린다""면서 ""영어로 전달된 졸업식에 아무리 통역이 있더라도 제대로 마음이 오가고 진정한 감동이 생길 리가 없다""고 하소연했다.이어 이 학부모는 ""우리나라의 여러 정책을 좌지우지하는 나라의 말로 하는 졸업식은 생각만 해도 마치 식민지 국가의 국민이 된 듯한 착각이 들 정도로 망측한 맘이 앞서는 일""이라면서 ""졸업식이 교육의 연속선 안에 있는 어떤 장이라면 그것은 정서와 인성교육의 장이어야 하는 것이지 지식교육의 장이어서는 안 된다""고 주장했다.이 학교에 근무하는 한 교사도 ""대한민국 국민으로서 기초 소양을 기르기 위한 교육과정 연장선에서 진행하는 졸업식을 영어로 진행하겠다는 것은 이해할 수 없다""고 말했다. 이 교사에 따르면 '다양하고 색다른 졸업식을 준비하라'는 내용의 공문이 올해 교육청으로부터 하달됐다고 한다.교장 ""국경 없는 글로벌 시대 새로운 경험 필요""이 같은 반대 의견에 대해 이 학교 박아무개 교장은 ""무한경쟁시대와 국경 없는 글로벌 시대에 살아갈 아이들은 앞으로 국제행사나 회의에서 공용어인 영어를 써야 한다""면서 ""이번 졸업식을 통해 작지만 새로운 경험을 제공하기 위해 영어 졸업식을 준비하게 되었다""고 설명했다.이어 박 교장은 '영어졸업식은 좀 지나치다는 의견이 있다'는 물음에 ""어차피 영어가 정규 교과이고 (정부도) 영어교육을 강조하고 있다, 전철에서도 영어 안내멘트를 하고 있다""면서 ""이번 졸업식은 영어로 진행한 뒤 우리말로 통역하거나 자막을 사용할 것이기 때문에 학부모들도 행사 내용을 이해할 수 있을 것""이라고 말했다.박 교장은 최근 일부 학부모 항의를 받은 뒤 지난 2일 '영어졸업식 찬반 여부'를 묻는 설문조사를 벌였는데, 이 또한 학부모와 학생 이름을 적도록 하는 등 기명으로 실시했다.전교생 39명에 5학급 규모인 이 학교는 대학원에서 영어교육 석사학위를 받은 박 교장이 올해 3월 부임한 뒤, 학교에서 '할로윈데이' 행사를 공식 진행하는 등 영어교육에 힘을 쏟고 있는 것으로 알려졌다.봉화교육청은 영어 졸업식에 대해 '상황파악을 벌이겠다'고 밝혔다. 이 교육청 배아무개 교육지원과장은 ""학교 행사이기 때문에 학교의 자율적 판단에 맡길 수밖에 없다""면서도 ""일부 구성원의 반대 움직임이 있다면 상황파악을 하겠다""고 말했다.[최근 주요기사]☞ 오세훈 시장님 쩨쩨하게 굴지 마세요☞ 창의력 '하'...공무원 면접점수표 까봤더니☞ ""우리 애가 장애인이래, 정말 낳을 거야?""☞ 세계 뒤흔든 외교비밀문건, 우리에겐 그림의 떡인 이유☞ [엄지뉴스] 우리 아기 어린이집 가기 싫을 때...'대략난감'☞ 현대차 비정규직 월급, 행시 사무관보다 높다?☞ [E노트] '좌파' 노무현이 자주국방과 작전통제권 중시한 이유[☞ 오마이 블로그][☞ 오마이뉴스E 바로가기]- Copyrights ⓒ 오마이뉴스, 무단 전재 및 재배포 금지 -"
24,2010-12-04,"美, FTA 합의 일방발표 `외교적 결례'(?)",https://news.naver.com/main/read.nhn?mode=LSD&mid=shm&sid1=100&oid=001&aid=0004802356,연합뉴스,"협상 타결짓고 귀국한 김종훈 본부장    (영종도=연합뉴스) 김주성 기자 = 미국에서 한미 자유무역협정(FTA) 협상을 타결지은 김종훈 통상교섭본부장이 4일 오후 인천공항을 통해 귀국하고 있다. 2010.12.4    utzza@yna.co.kr(워싱턴=연합뉴스) 김병수 기자 = 미국 정부가 3일 오후(현지시간) 한미 자유무역협정(FTA) 추가협상 결과를 일방적으로 발표, `외교적 결례'가 아니냐는 지적이 나오고 있다.앞서 이날 오전 김종훈 통상교섭본부장과 론 커크 미 무역대표부(USTR) 대표는 FTA 추가협상을 마무리지으면서 ""양측 대표단은 금번 회의 결과를 자국 정부에 각각 보고하고 최종 확인을 거쳐 공식 발표할 예정""이라고 밝힌 바 있다.하지만 김 본부장 등을 비롯한 한국측 협상대표단이 귀국 비행기에 몸을 싣고 서울로 달려가는 동안 미국 정부는 USTR 홈페이지를 통해 자동차 부문에 대한 주요 협상결과를 발표했다.미국 정부는 USTR 홈페이지를 통해 FTA 추가협상 결과를 공식 발표하기에 앞서 백악관에서 언론 브리핑까지 가진 것으로 알려졌다.형식적인 면만 놓고 보면 미국의 이날 FTA 협상결과 발표는 단순한 실수나 착오가 아니라 상당히 `준비된' 것이라는 인상을 주고 있다.미국 정부의 이 같은 행동은 무엇보다도 이번 FTA 협상결과를 국민에게 세일즈함으로써 한미 FTA에 대해 `깐깐한 입장'을 누그러뜨리지 않고 있는 미 의회를 설득하기 위한 것으로 분석된다.미국 정부의 이런 계산은 미국 측이 FTA 합의 내용 중 미국측에서 유리한 자동차 관련 합의내용만 집중 부각시킨 점에서도 뒷받침된다.버락 오바마 대통령은 당초 한미 FTA 비판론자였지만 대통령이 된 후 수출증대를 통한 일자리 창출을 위해 한미 FTA 지지 입장으로 바뀐 만큼 FTA 조기발효를 위해 이번 협상 성과를 널리 알릴 필요가 있었을 것이라는 해석이다.오바마 대통령은 자신이 데드라인으로 설정했던 지난달 11일 한국 방문 때 이를 타결짓지 못함으로써 상당한 정치적 타격을 받았는데, 이를 만회하기 위해서 적극적인 홍보가 필요했다는 것.아무리 일방적인 협상이라고 하더라도 얻은 것과 잃은 것이 있기 때문에 한미 양국이 동시에 발표할 경우 협상에서 미국측이 부족했던 부분도 드러날 수 있으므로 한국이 발표하기에 앞서 `선수'를 친 것이라는 관측도 나오고 있다.워싱턴의 통상소식통은 ""미국 정부 발표만 보면 미국이 많은 것을 얻었고 한국이 상당 정도 양보한 것으로 보이지만 당초 미국측이 요구했던 것과 비교하면 한국으로선 선방한 결과로 볼 수도 있다""고 말했다.즉 협상결과가 당초 미국 업계나 의회의 요구수준에 미치지 못한 점이 있어서 이를 상쇄하기 위해 미국 정부가 대대적인 여론몰이에 나선 것으로 볼 수 있다는 해석인 것이다.미국측의 일방적인 발표가 있었음에도 불구하고 한국은 맞불을 놓는 식으로 협상결과를 즉각 발표하지 않고 5일 오전 11시(한국시간)에 언론에 브리핑을 하기로 했다.서류가방 속엔 어떤 협상 결과물이?    (영종도=연합뉴스) 김주성 기자 = 미국에서 한미 자유무역협정(FTA) 협상을 타결지은 김종훈 통상교섭본부장이 4일 오후 인천공항을 통해 귀국하고 있다. 2010.12.4    utzza@yna.co.kr때문에 한국 정부도 미국의 이런 고민을 알고 일방발표를 사전에 양해했거나 묵인한 것이 아니냐는 추측이 대두하고 있다.한국 정부의 최대 목표는 개별적인 협상결과에 대한 일희일비가 아니라 한미 FTA의 조속한 발효이기 때문에 미 의회에서의 한미 FTA 비준을 위한 유리한 환경조성을 위해 미국측을 `배려'한 게 아니겠냐는 관측이다.하지만 이런 선의의 해석에도 불구하고 미국 정부의 발표 내용이 지나치다는 지적도 나오고 있다.미국의 협상성과가 부각되면서 협상에 카운터파트로 나섰던 한국 협상대표단은 `졸속협상'을 했다는 비난에 정면으로 노출되는 등 입지가 좁아질 수 있기 때문이다.벌써부터 한국내 일부 야당과 FTA 비판세력들은 `퍼주기 협상'이라며 기세를 올리고 있다.통상소식통은 ""미국 정부의 FTA 협상 결과 발표라는 방향성에 대해선 한국정부도 이해할 수는 있는 부분이 있지만 협상결과 디테일 공개에 있어선 지나친 면이 있다""고 꼬집었다.bingsoo@yna.co.kr[관련기사]▶ <한미 FTA 합의문 성격과 비준 절차는>(종합)▶ 한미FTA 추가협상에 美서도 불만 목소리(종합)▶ <연합시론> 한미 FTA 득실 냉정히 따져야▶ <전문가들 ""車 양보..양돈업은 성과"">(종합)▶ ""한-미FTA 타결, 美시장 불확실성 없앴다""<뉴스의 새 시대, 연합뉴스 Live><모바일 애플리케이션><포토 매거진><저작권자(c)연합뉴스. 무단전재-재배포금지.>"
25,2010-12-04,"김종훈 ""한미FTA, 우리도 챙긴 것 있다""",https://news.naver.com/main/read.nhn?mode=LSD&mid=shm&sid1=100&oid=001&aid=0004802449,연합뉴스,"협상 타결짓고 귀국한 김종훈 본부장    (영종도=연합뉴스) 김주성 기자 = 미국에서 한미 자유무역협정(FTA) 협상을 타결지은 김종훈 통상교섭본부장이 4일 오후 인천공항을 통해 귀국하고 있다. 2010.12.4    utzza@yna.co.kr(인천=연합뉴스) 박상돈 기자 = 김종훈 통상교섭본부장은 4일 한미 자유무역협정(FTA) 추가협상과 관련, 우리도 챙긴 것이 있다며 정식 발표 후 평가해달라고 말했다.김 본부장은 이날 오후 인천공항에서 귀국길에 기자들과 만나 이번 추가협상이 이익의 균형을 맞췄다고 보느냐는 질문에 ""(청와대에) 보고하고 확인, 승인받는데 시간이 필요하다""며 ""내일 정식 발표가 있을 테니 나중에 평가해 달라""고 밝혔다.그는 자동차 분야에서 너무 많이 양보한 것이 아니냐는 지적과 관련해서는 ""우리도 챙긴 것이 있다""고 말했고, 일부 농산품 분야의 관세철폐 시기 유예 등을 포함한 것이냐는 질문이 이어지자 ""그렇다""고만 짧게 말했다.그는 이어 ""자동차는 그럴 수밖에 없다""며 ""우리가 너무 많이 팔고 자기(미국)들은 너무 적게 판다는 시각이 있는데 이것은 미 행정부의 시각이 아니라 미 의회의 의견이 표현된 것""이라고 설명했다.김 본부장은 미국측이 자동차 협상결과를 먼저 공개한 것에 대해서는 ""몰랐다""며 ""어떤 내용이 공개됐느냐""고 오히려 기자들에게 묻기도 했다. 미국측의 선(先)공개를 우리측이 양해했느냐는 질문에는 ""전혀 그런 일 없다""고 잘라 말했다.애초 한미 양국은 FTA 타결 내용을 동시에 발표할 것으로 전해졌으나 USTR은 우리 협상팀이 귀국하는 동안 홈페이지에 한국산 승용차에 대해 미국 측이 물리는 2.5%의 관세 철폐 시한을 5년 미룬 내용 등을 공개했다.김 본부장은 협정문이 수정될 가능성에 대해서는 ""정부에 법제를 다루는 전문 부처가 있으니 논의를 하지 않을까 싶다""고 협정문 수정 가능성을 시사했다.쇠고기 문제가 논의됐느냐는 질문에는 ""전혀 논의되지 않았다""고 재차 강조했다. 또 이번 추가 협상에 대한 야당의 반발에 대해서는 ""야당은 원래부터 FTA를 하지 말자고 하지 않았느냐""고 반문하기도 했다.한미FTA협상 타결 내용은?    (영종도=연합뉴스) 김주성 기자 = 미국에서 한미 자유무역협정(FTA) 협상을 타결지은 김종훈 통상교섭본부장이 4일 오후 인천공항을 통해 귀국, 기자들의 질문에 답하고 있다. 2010.12.4    utzza@yna.co.krkaka@yna.co.kr[관련기사]▶ <車업계 ""한미FTA 타결..영향 제한적"">(종합)▶ <美, FTA 합의 일방발표 `외교적 결례'(?)>▶ 정부 ""美설명자료, FTA 타결내용 일부분""(종합)▶ <한미 FTA 자동차 합의 `후폭풍' 예고>▶ 한국車 관세철폐 5년이내로 연장(종합2보)-1<뉴스의 새 시대, 연합뉴스 Live><모바일 애플리케이션><포토 매거진><저작권자(c)연합뉴스. 무단전재-재배포금지.>"
26,2010-12-04,<김관진式 軍 개혁 키워드 주목>(종합),https://news.naver.com/main/read.nhn?mode=LSD&mid=shm&sid1=100&oid=001&aid=0004802439,연합뉴스,"김관진 신임 국방장관 취임    (서울=연합뉴스) 김주성 기자 = 김관진 신임 국방부 장관이 4일 오전 국방부에서 열린 '국방부 장관 이ㆍ취임식'에서 경례하고 있다. 2010.12.4    utzza@yna.co.kr'전투형 부대' '정신교육 강화' '관료적 풍토 쇄신'장성인사 때 대장급 고위 장성 포함 여부 관심(서울=연합뉴스) 김호준 기자 = 김관진 신임 국방장관은 4일 취임사에서 '전투형 부대', '정신교육 강화', '관료적 풍토 쇄신'을 화두로 던지며 강력한 군 개혁 의지를 밝혔다.이달 중순 정도로 예상되는 장성인사 때 대장급 고위장성까지 포함하는 대규모 물갈이 인사가 단행될 지에도 관심이 쏠리고 있다.김 장관은 이날 국방부 본관 대강당에서 열린 이.취임식에서 ""현재의 전투력으로도 적과 싸워 항상 이길 수 있도록 최고 수준의 대비태세를 갖추어야 한다""며 ""눈앞에 있는 적에 효과적으로 대처하지 못한 채 먼 미래의 위협에 대비하는 것은 사상누각에 불과하다""고 지적했다.'항공우주군'이나 '대양해군' 등 각 군이 사용하는 모토가 현실적인 위협인 북한군을 도외시하고 있다는 지적으로 들린다.교육훈련을 개선해 작전현장의 전투능력을 극대화해야 한다는 당부도 이어졌다.김 장관은 ""전반적인 교육훈련 체계를 개선하고 간부의 능력을 정예화하는 등 고도의 실전 능력을 갖춘 '전투형 부대'를 만들어야 한다""며 ""하부 조직을 보강해 전투력 발휘의 완전성을 기하고 현장 지휘관의 작전수행 여건을 보장하는 등 작전현장의 전투능력을 극대화해야 할 것""이라고 강조했다.정신교육을 강화해 전투의지가 충만한 '전사 중의 전사'를 육성해야 한다고 강조하기도 했다.김 장관은 ""승패와 직결되는 무형전력의 극대화에 역량을 집중해야 한다. 무엇보다 지휘관 중심의 정신교육을 강화해 우리의 적이 누구인지 분명하게 인식시켜야 한다. 아울러 항재전장의식을 견지한 가운데 전투의지가 충만하고 작전기강이 확립된 '전사 중의 전사'를 만들어야 한다""고 말했다.그의 발언은 이달 중 발간되는 국방백서에 '북한=주적'이라는 주적 개념을 명문화하겠다는 의지로도 해석됐다.군에 내재된 관료적인 풍토를 쇄신하겠다는 강한 의지도 드러냈다.그는 ""국방운영 및 작전수행체제 전반에 걸쳐 효율성을 높여 나가야 하겠다""면서 ""조직과 업무체계, 그리고 우리의 의식 전반에 잠재해 있는 행정주의적 요소, 관료적인 풍토, 매너리즘을 과감하게 도려내야 한다""고 강조했다.연합사령관과 악수하는 김관진 국방장관    (서울=연합뉴스) 김주성 기자 = 김관진 신임 국방부 장관이 4일 오전 국방부에서 열린 '국방부 장관 이ㆍ취임식'에서 월터 샤프 한미연합사령관과 악수하고 있다. 2010.12.4    utzza@yna.co.kr일각에선 행정군대에서 탈피해야 한다는 김 장관의 소신이 이달 중순으로 예상되는 장성 인사에 영향을 미쳐 인사폭이 커질 수 있다는 관측도 제기됐다.군 장성 인사는 당초 이달 2일로 예정돼 있었지만 북한의 연평도 포격 도발과 이로 말미암은 국방장관의 교체로 연기됐다.군 관계자는 ""이번 장성 인사 때 합참의장이나 육.해.공군 참모총장 등 대장급 고위 장성은 임명된지 얼마 안 돼 예정에 없었지만 연평도 포격 도발과 장관 교체로 상황을 알 수 없게 됐다""고 말했다.북한의 연평도 포격 도발에 대비하지 못하고 도발 이후 대응도 충분하지 못했다는 책임을 물어 문책성 인사가 단행될 수도 있는 상황이다.그러나 합참의장과 육.해.공군 참모총장은 모두 올해 3월 이후에 임명됐고 대장급 고위 장성을 대거 교체하면 인사 폭이 지나치게 커질 수 있어 이번에는 중장 이하 장성 인사만 하게 될 것이라는 전망이 우세하다.국방부 관계자는 ""통수권자의 의지에 달려 있겠지만 이번 장성 인사 때 대장이 포함될 가능성은 별로 없다""고 말했다.대장 인사를 하더라도 내년 4월 정기인사 때 실시할 가능성이 높다는 전망이다.hojun@yna.co.kr[관련기사]▶ 李대통령 ""장군부터 정신력 확립 필요""(종합)▶ 김관진 국방장관 취임..""北 추가도발시 즉각 응징""▶ 김관진 신임 국방장관, 취임 첫날 연평도 방문▶ 李대통령, 김관진 국방장관 임명▶ 국방위, 김관진 인사청문보고서 채택<뉴스의 새 시대, 연합뉴스 Live><모바일 애플리케이션><포토 매거진><저작권자(c)연합뉴스. 무단전재-재배포금지.>"
27,2010-12-04,김관진 국방장관 취임...연평도 방문,https://news.naver.com/main/read.nhn?mode=LSD&mid=shm&sid1=100&oid=052&aid=0000327944,YTN,"[앵커멘트]김관진 신임 국방장관이 오늘 공식 취임했습니다.김 신임 장관은 오전 취임식을 한 데 이어 잠시 후에는 연평도를 방문해 피해현장을 둘러보고 대비태세를 점검할 예정입니다.이명박 대통령은 김 장관에게 분단된 국가의 국방 장관으로서 확고한 정신무장에 힘써달라고 당부했습니다.국방부 중계차 연결합니다. 김혜은 기자!김관진 국방장관이 취임하자마자 연평도를 방문하는군요?[중계 리포트]오늘 오전 취임식을 갖고 공식 업무에 들어간 김관진 장관이 오후에 연평도를 시찰할 예정입니다.김 장관은 연평도 군부대를 찾아 대비태세를 점검하고, 피해 민가 곳곳을 둘러볼 계획입니다.오전에 열린 취임식에서 김 장관은 북한이 또 다시 군사적 도발을 해오면 강력히 대응해 북한이 완전히 굴복할 때까지 응징하겠다고 말했습니다.또, 앞으로 우리 군이 최고 수준의 대비태세를 갖추기 위해 고도의 실전능력을 구비한 전투형 부대를 만들어나갈 것이라고 밝혔습니다.이와함께 지휘관 중심의 정신교육을 강화하고 작전 기강을 확립해 무형전력 극대화에 역량을 집중하겠다고 강조했습니다.연평도 무력 도발 이후 중단된 연평부대 포사격 훈련의 재개 시점은 다음주 이후로 넘어갈 가능성이 높은 것으로 전망되고 있습니다.신임 장관이 국방부와 합참, 각 군의 현안 보고를 받고 업무를 파악하면서 연평도 어민들의 안전과 기상상황 등을 종합적으로 고려해 훈련 재개시점을 판단한다는 방침이기 때문입니다.국방부는 그러나 서해북방한계선, NLL 이남 영토에서의 해상 사격훈련은 정당한 훈련이기 때문에 반드시 실시하겠다는 기존 입장을 거듭 강조했습니다.군 당국은 훈련 재개 시점이 정해지면 민간선박의 안전한 항해를 위해 사전에 국립해양조사원 홈페이지를 통해 훈련일정을 공지할 계획입니다.[질문]앞서 이명박 대통령이 김관진 장관에게 임명장을 주면서 장군들의 정신무장을 당부했다면서요?[답변]이명박 대통령은 오늘 오전 김관진 장관에게 임명장을 주는 자리에서 우리 군의 확고한 정신력 확립이 필요하다고 강조했습니다.이를 위해 장군들이 정신무장을 하고 더 긴장해야 장병들도 긴장하고 존경도 받을 수 있다고 말했습니다.이 대통령은 이어 김 장관에게 분단된 나라의 국방장관이고 분단된 나라의 장군이라는 점을 명심해달라고 당부했습니다.국방 개혁과 관련해서는 모든 것을 한꺼번에 개혁할 수는 없지만 필요하고 시급한 개혁은 단호하게 해야 한다며 국방 개혁을 통해 군다운 군대로 만들어 달라고 강조했습니다.이 대통령은 또, 김 장관이 청문회에서 당당한 자세로 믿음직한 모습을 보여준 점을 높이 평가한다며 장관이 당당해야 군의 사기가 진작된다고 격려했습니다.군 인사와 관련해서는 남북 대치 상황에서 일반 공무원식 인사를 해서는 안 된다며 군내 특수전문직은 전문성을 기를 수 있도록 군내 인사평가제도를 재검토하라고 지시했습니다.지금까지 국방부에서 YTN 김혜은입니다.[관련기사]▶ 대통령, ""장군들부터 확고한 정신력 확립 필요""▶ ""북 추가도발하면 완전 굴복까지 응징""▶ ""북 만행 철저히 응징 못해 아쉬워""▶ 연평도 도발 이후 ""해병대 지원"" 28% 증가!▶ ""해병대 국가전략기동부대로 육성""☞ [다운로드] 생방송과 뉴스속보를 한 눈에...YTN뉴스ON☞ YTN 긴급속보를 SMS로!☞ 스마트폰으로 즐기는 24시간 뉴스의 세계...YTN 어플리케이션[저작권자(c) YTN & Digital YTN. 무단 전재-재배포 금지]"
28,2010-12-04,민주노총 현대차 비정규직 투쟁에 합세,https://news.naver.com/main/read.nhn?mode=LSD&mid=shm&sid1=101&oid=001&aid=0004802347,연합뉴스,"4일오전 현대자동차 사측이 현대차 울산공장 비정규직 노조의 농성장 유리창을 굴착기로 부수자 비정규직 노조원들이 공장 앞에서 항의 집회를 하고 있다.(자료사진)현대차 본사 앞 촛불집회…20여명은 무기한 농성(서울=연합뉴스) 김연정 기자 = 민주노총과 한국진보연대 등 시민·사회단체는 4일 오후 서울역 광장에서 '현대차 비정규직 투쟁승리를 위한 전국민중대회'를 열고 현대차 사내하청 비정규직의 정규직 전환을 촉구했다.이들 단체는 결의문을 통해 현대차에 교섭을 촉구하면서 ""공권력 투입 등 예상되는 물리적 탄압에 맞서 투쟁하겠다""고 밝혔다.이들은 집회를 마치고 양재동 현대차 본사 앞으로 옮겨 촛불집회를 열 계획이다.민주노총 김영훈 위원장, 한국진보연대 이강실 대표 등 시민사회단체 대표자 20여명은 현대차 본사 앞에서 무기한 농성에 돌입한다.yjkim84@yna.co.kr[관련기사]▶ 현대차 점거 울산1공장 6일 생산재개 시도▶ 현대차-비정규직 점거공장서 한때 대치 '긴장'▶ 현대차 하청업체 대표들 ""즉각 회사복귀하라""▶ 경찰, 현대차 '하청노조원 폭행' 경비원도 수사▶ 울산경찰, 비정규직 지원 현대차 위원장 소환<뉴스의 새 시대, 연합뉴스 Live><모바일 애플리케이션><포토 매거진><저작권자(c)연합뉴스. 무단전재-재배포금지.>"
29,2010-12-04,경북 예천.영주 등 5곳 구제역 의심신고(1보),https://news.naver.com/main/read.nhn?mode=LSD&mid=shm&sid1=101&oid=001&aid=0004802389,연합뉴스,"안동 이외 지역으로 구제역 확산 여부 주목<뉴스의 새 시대, 연합뉴스 Live><모바일 애플리케이션><포토 매거진><저작권자(c)연합뉴스. 무단전재-재배포금지.>"
30,2010-12-04,안동 구제역 20곳으로 늘어(종합),https://news.naver.com/main/read.nhn?mode=LSD&mid=shm&sid1=100&oid=001&aid=0004802264,연합뉴스,"안동은 방역중(안동=연합뉴스) 이재혁 기자 = 2일 구제역이 발생한 경북 안동시 이천동 입구에서 통행차량에 대한 소독작업이 진행되고 있다. 2010.12.2yij@yna.co.kr안동 의심신고 23곳중 20곳..전체 신고는 33곳타지역 구제역은 발견 안돼..당국 안도(서울=연합뉴스) 이강원 기자 = 경북 안동의 구제역 발생지역이 모두 20곳으로 늘어났다.하지만 국내에서 처음으로 안동지역 양과 염소에 대해 접수된 구제역 의심신고와 안동 인근 청송의 의심신고 역시 음성으로 나타나 이번 구제역이 아직은 다른 지역이나 가축으로는 확산되지 않은 것으로 보인다.농림수산식품부는 4일 ""안동 지역에서 접수된 23건의 의심신고에 대한 검사 결과, 모두 20곳이 구제역 양성으로 판정됐다""고 밝혔다.지금까지 모두 33건의 구제역 의심신고가 접수돼 이 가운데 20곳은 구제역으로, 청송을 포함한 4건은 음성으로 판정됐고 나머지 9건은 빠르면 이날 오후부터 검사 결과가 나온다.안동은 방역중(안동=연합뉴스) 이재혁 기자 = 2일 구제역이 확산되는 가운데 경북 안동시 와룡면의 도로에서 통행차량에 대한 소독작업이 진행되고 있다. 2010.12.2yij@yna.co.kr다만 구제역이 발생한 20곳이 모두 1차 발생지 등으로부터 경계지역(10km 이내) 이내여서 현재까지는 안동 이외 지역으로는 확산되지 않은 것으로 보인다.이에 따라 안동 구제역의 인근 지역 확산을 막기 위해 총력전을 펼치는 농식품부 등 정부 당국과 경북도 등 지방자치단체는 일단 한숨 돌리게 됐다.하지만 구제역 바이러스의 잠복기가 1∼2주 정도여서 향후 1주일 정도 더 지켜볼 필요가 있는데다, 안동 지역에서 지난달 29일 이후 엿새 만에 무려 20건이 구제역으로 확인돼 `차단방역'에 실패하면 인근 지역으로 확산될 가능성도 배제할 수 없다.농식품부 관계자는 ""이번 주말을 고비로 의심신고는 계속 접수될 가능성이 크며, 내주 이후 의심신고 건수와 검사 결과가 어떤 추세를 보이느냐가 관건""이라고 말했다.앞서 농식품부는 지난 3일부터 정 승 2차관을 반장을 하는 방역추진실태점검반을 구성, 구제역이 발생하지 않은 인접 시.도에 대한 방역상황과 공.항만에 대한 검역실태를 집중 점검하는 등 구제역 확산 차단에 총력을 기울이기로 했다.이에 따라 안동은 물론 인근 의성, 충남 보령 지역에까지 방역이 강화됐으며, 지난 1일부터 전국의 가축시장 85곳을 모두 폐쇄했다.보령 지역은 지난달 26일 구제역 최초 발생지점인 안동시 와룡면의 서현양돈단지를 방문한 한 수의사가 보령 돼지농장을 방문한 것으로 확인돼 예방 차원에서 돼지 2만191마리를 살처분했다.<그래픽> 경북 안동 구제역 발생 현황    (서울=연합뉴스) 장성구 기자 = 농림수산식품부는 4일 오전 ""경북 안동 지역에서 최근 의심신고로 3일 오후 접수된 6건 중 3곳이 양성으로 판정됐다""면서 ""이로써 지난 29일 안동에서 구제역이 처음 발생한 이후 모두 20곳으로 늘어났다""고 밝혔다.    sunggu@yna.co.kr    @yonhap_graphics @stanleychang21 (트위터)해당 수의사가 보령을 방문하기 전 목욕도 하고, 옷도 갈아입고, 차량도 다른 것을 이용했으나 최초 발생 농장에서 신었던 신발을 그대로 사용한 것으로 확인돼 피해를 줄이기 위해 살처분했다는게 당국의 설명이다.gija007@yna.co.kr[관련기사]▶ <안동 구제역 방역작업 자원봉사 이어져>▶ 안동 구제역 17곳으로 늘어(종합4보)▶ 안동 구제역 발생 5일째..의심신고 쏟아져(종합)<뉴스의 새 시대, 연합뉴스 Live><모바일 애플리케이션><포토 매거진><저작권자(c)연합뉴스. 무단전재-재배포금지.>"
31,2010-12-04,"北관계자 ""포격 사상자 남한보다 몇 배""<교도>",https://news.naver.com/main/read.nhn?mode=LSD&mid=shm&sid1=100&oid=001&aid=0004802259,연합뉴스,"(도쿄=연합뉴스) 김종현 특파원 = 일본의 교도통신은 4일 북한 정부 관계자가 한국의 대응 포격으로 인한 사상자와 관련 ""4명의 사망자가 발생한 남한보다 몇 배 많았다""고 밝혔다고 보도했다.이 통신은 베이징발 기사에서 중국과 북한 사정에 정통한 소식통이 북한 정부 관계자로부터 이런 얘기를 들었다고 전했다.이 통신은 북한이 한국의 대응 포격으로 인한 사상자에 대해 언급한 것은 이번이 처음이라고 보도했다.이 통신은 그러나 북한의 피해를 언급한 소식통이 북한의 사상자 가운데 민간인도 포함됐는지 여부에 대해서는 명확한 언급이 없었다고 전했다.이 통신에 따르면 북한의 조선중앙통신은 연평도 포격 4일뒤인 지난달 27일 ""적의 포탄은 우리의 포 진지로부터 멀리있는 민가 주변에까지 무차별적으로 떨어졌다""고 언급한 바 있다.kimjh@yna.co.kr<뉴스의 새 시대, 연합뉴스 Live><모바일 애플리케이션><포토 매거진><저작권자(c)연합뉴스. 무단전재-재배포금지.>"
32,2010-12-04,"'기세등등' 美, FTA 합의문도 일방적으로 발표",https://news.naver.com/main/read.nhn?mode=LSD&mid=shm&sid1=104&oid=079&aid=0002206067,노컷뉴스,"USTR 홈페이지 통해 공개...한국車 관세철폐 기한 5년 연장[워싱턴=CBS 박종률 특파원]한.미 자유무역협정(FTA) 추가협상을 통해 한국 측으로부터 상당한 양보를 얻어낸 미국 정부가 3일(현지시간) 합의 내용까지 일방적으로 먼저 발표했다.이는 김종훈 통상교섭본부장과 론 커크 美무역대표부(USTR) 대표가 동시에 공식 발표하기로 한 '합의'를 깬 것이다.미 무역대표부는 이날 오후 홈페이지를 통해 한.미 FTA 합의 내용을 구체적으로 게시했다.미국 정부가 공식 발표한 내용에 따르면 한.미 양국은 먼저 한국산 승용차에 대해 미국 측이 물리는 2.5%의 관세철폐 기한을 5년으로 연장하기로 합의했다.지난 2007년 4월에 체결된 기존 한.미FTA 협정문의 경우 미국 측이 배기량 3천cc 이하 승용차에 대해서는 협정 발효 후 즉시 2.5%의 관세를 철폐하고, 3천cc 초과 승용차는 3년내에 철폐하기로 돼있었지만, 이번 협상을 통해 배기량에 상관없이 일괄적으로 5년 연장하기로 합의한 것이다.양국은 또 한국에서 판매되는 미국 자동차 가운데 미국의 안전기준을 통과했을 경우 자가인증을 허용하는 물량을 연간 판매대수가 2만5천대까지 상향조정하기로 했다.기존 협정에서는 연간 판매대수 6천500대에 한해 자가인증을 적용하기로 했었기 때문에 이번 협상을 통해 거의 4배 가량 증가하게 됐다.이와 함께 양국은 자동차에 대한 특별세이프가드(긴급수입제한조치)를 마련하기로 하고, 한국차의 급격한 수출증가로 미국 자동차 업계가 타격을 입을 경우 미국은 15년간(픽업트럭의 경우 20년간) 특별관세를 부과할 수 있도록 했다.이와 관련해 미국은 한국산 수입트럭에 대해 앞으로 8년간 25%의 관세를 부여하고, 10년째 되는 해까지 단계적으로 폐지하기로 했으며, 한국은 미국산 트럭에 대한 관세 10%를 즉각 철폐하기로 했다.반면 한국은 기존 협정에서 미국산 승용차에 부과해 온 8%의 관세를 협정 발효 즉시 철폐하기로 했었지만 이번 협상에서는 4년 동안은 4%로 감축하고 5년째에 완전 철폐하도록 했다.이어 지난 2007년 협정문에서 10년간 철폐키로 했던 미국산 전기차 및 하이브리드차에 대한 관세(8%)도 철폐기간을 앞당겨 4년동안은 4%로 절반 감축하고 5년째에 모두 철폐키로 했다.연비와 배출가스 등 미국산 자동차의 환경기준에서는 온실가스 배출량과 연료효율의 기준이 2007년 목표 대비 119%를  달성했을 경우 한국의 환경기준을 충족한 것으로 간주하기로 합의했다.이밖에 세금 부과의 경우 기존 합의에서는 한국측이 미국 차량에 대한 세금을 인하하고 엔진 크기에 따른 현행 과세 방식을 단순화하기로 했지만, 대형차를 한국시장에 판매하는 미국 업계의 비용증가를 감안해 이에 대한 투명성을 한국 정부가 추가로 강화하기로 합의했다.결국 미국은 이번 협상을 통해 한국을 거세게 압박하면서 미국의 자동차 시장 방어와 한국 시장의 접근확대를 동시에 관철하는 성과를 거둔 셈이다.nowhere@cbs.co.kr(대한민국 중심언론 CBS  뉴스FM98.1 / 음악FM93.9 / TV CH 412)<저작권자 ⓒ CBS 노컷뉴스(www.nocutnews.co.kr) 무단전재 및 재배포 금지 >"
33,2010-12-04,빼먹을 게 따로 있지 ‘고사리손 정성’을…,https://news.naver.com/main/read.nhn?mode=LSD&mid=shm&sid1=102&oid=020&aid=0002189544,동아일보,"[동아일보]소아암협회 경인지부 직원들, 백혈병돕기 초등학생 동전 수년간 횡령백혈병 아동 후원단체 사무직원들이 환자들에게 전달해야 할 저금통 성금을 수년간 횡령한 사실이 드러났다. 사회복지공동모금회의 성금 유용 파문이 가라앉지 않고 있는 가운데 초등학생들이 백혈병 어린이 치료에 보태달라며 한 푼 두 푼 건넨 동전을 오래전부터 빼돌린 어른들이 또 있는 것으로 확인된 것.3일 동아일보가 단독 입수한 한국백혈병소아암협회 경인지부의 내부 감사보고서에 따르면 2005∼2007년 이 협회 지부의 당시 사무국장 A 씨 등 직원 4명은 매년 여름방학을 전후해 경기와 인천 일원 초중고교에서 벌인 ‘사랑의 동전 모으기’ 모금액 2억4249만 원 중 432만여 원을 서로 짜고 횡령했다. 백혈병 소아암을 앓고 있는 어린이를 돕기 위한 이 모금에 참여한 학생은 대부분 초등학생이었다. 어린이집이나 유치원에 다니는 어린이도 있었다.○ 저금통 직접 수거한 뒤 빼돌려2005년 ‘사랑의 동전 모으기’는 그해 6월 13일부터 9월 29일까지 진행됐다. 협회 지부가 인천 경기지역 각급 학교에 협조공문을 보낸 뒤 교장이 동의하면 저금통이 학생들에게 배포됐다. 초등학교 79곳과 중학교 18곳, 고등학교 3곳이 동참했다. 지부는 여름방학 전 학교별로 1000개 안팎의 저금통을 배포했다. 돈을 횡령한 직원들은 직접 모금액을 결산하지 않는 학교가 많다는 점을 노렸다. 100개교 중 21개교는 모금액을 경인지부 예금통장으로 직접 입금해 횡령할 방법이 없었다. 하지만 79개교의 성금은 지부 직원들이 방문해 수거해왔다. 직원들은 저금통의 돈을 수거하는 과정에서 서로 짜고 돈을 빼돌렸다. 이들의 ‘코 묻은 돈 빼돌리기’는 적어도 3년간 지속됐다. 이 과정에는 지부 간부와 직원 등 위아래 구분이 없었다.○ 실제 횡령 규모 더 클 수도내부 감사보고서는 “(빼돌린) 돈을 직원들의 상여금조로 지급했다”면서 “현금으로 나눠 갖고 급여신고를 하지 않았다”고 지적했다. 또 다른 내부 문건에는 A 씨 등이 2007년 인천지역 30여 개교와 유치원에서 모금한 2662만여 원 중 124만여 원을 빼돌렸다는 내용이 담겨 있다. 신욱희 당시 백혈병소아암협회 이사는 동아일보와의 통화에서 “내부감사 과정에서 실제 모금액수가 적힌 장부를 확인했는지 불확실하다”며 “모금 규모를 봐서는 횡령액이 더 클 것으로 짐작된다”고 말했다.보건복지부가 지난해 7월 이 협회 중앙회를 상대로 실시한 지도 점검 결과도 추가 횡령 가능성을 높이고 있다. 협회 소속 각 지부가 중앙회와 독립적으로 회계처리를 하고 예산서류나 이사회 회의록도 제출하지 않은 것으로 확인됐기 때문. 이에 따라 성금 횡령 비리가 다른 지부 등에서도 일어났을 개연성이 크다는 분석이 나온다.이에 대해 이철수 협회 경인지부 사무국장은 “2007년 감사로 횡령 사실이 드러난 뒤 당시 사무국장 등 지부장 이하 모든 직원이 사직했다”며 “그 뒤로는 저금통을 외부인이 보는 데서 뜯는 등 그런 일이 두 번 다시 일어나지 않도록 철저히 관리하고 있다”고 해명했다.조종엽 기자 jjj@donga.com이동영 기자 argus@donga.com《 화제의 뉴스 》☞ 李대통령 “한미 FTA, 큰 경제이익 가져올 것”☞ 김관진 국방장관 취임 “北 추가도발시 즉각 응징”☞ 안동 구제역 20곳으로 늘어…타지역은 발견 안돼☞ “‘다이소’ 싼 게 약점? 서울 강남서 더 잘 팔려”☞ 삼성 직원들 “사장 인사보다 갤럭시S에 더 관심”☞ 김태영 “北 만행 철저히 응징못해 아쉬워”☞ 민주 “MB, 사저 경호시설 70억…아방궁 만드나”☞ 장군출신 의원모임의 서열은 어떻게?"
34,2010-12-04,자율고 무더기 미달…전체 평균경쟁률은 1.45:1,https://news.naver.com/main/read.nhn?mode=LSD&mid=shm&sid1=102&oid=001&aid=0004802168,연합뉴스,"지원율 저조하자 일부 학교는 자료 비공개(서울=연합뉴스) 이준삼 기자 = 서울 자율형사립고의 2011학년도 신입생 전체 경쟁률이 평균 1.45대 1로 잠정 집계됐으나, 상당수 학교는 지원자가 정원에 미달하는 사태가 발생했다.4일 입시학원인 하늘교육이 전날 오후까지 원서접수를 마감한 22개 학교와 마감 직전인 나머지 4개 학교의 전체 경쟁률을 분석한 결과, 1만462명 모집에 1만3천805명이 지원해 평균 경쟁률 1.45대 1로 나타났다.학교별로 보면 한가람고가 3.3대 1의 가장 높았고, 이화여고 2.99대 1, 양정고 2.47대 1, 신일고 2.45대 1, 한대부고 2.42대 1 등이었다.대광고(0.58대 1)와 장훈고(0.6대 1), 선덕고(0.64대 1), 동성고(0.69대 1), 우신고(0.77대 1), 경문고(0.71대 1), 보인고(0.77대 1), 숭문고(0.77대 1) 등은 지원자가 정원에 모자랐다.전날 오후 5시 접수상황만 집계된 용문고와 동양고는 각각 0.21대 1, 0.28대 1 로 파악됐다.서울시교육청이 전날 오후 5시 기준으로 분석한 지원율 자료에 따르면 일반전형은 12개 학교에서, 사회적 배려대상자 전형은 11개 학교에서 지원자가 정원에 미달했다.이들 학교는 모집정원보다 지원자 수가 너무 적어 추가모집을 해도 정원을 채우지 못하는 학교가 있을 것으로 보인다.학원들은 ""자율고 경쟁률이 작년보다 훨씬 저조한 것은 올해 학교숫자가 작년의  2배로 늘었지만, 지원자는 비슷했기 때문이다""고 분석했다.경쟁률이 매우 저조하자 일부 학교는 원서접수 현황조차 공개하지 않아 서울시교육청 등이 입시 자료 집계에 애를 먹고 있다.jslee@yna.co.kr<뉴스의 새 시대, 연합뉴스 Live><모바일 애플리케이션><포토 매거진><저작권자(c)연합뉴스. 무단전재-재배포금지.>"
35,2010-12-04,한미 FTA 자동차 합의 `후폭풍' 예고,https://news.naver.com/main/read.nhn?mode=LSD&mid=shm&sid1=100&oid=001&aid=0004802316,연합뉴스,"회의장 빠져나오는 한미 통상장관    (컬럼비아<미국 메릴랜드주>=연합뉴스) 한국과 미국간 자유무역협정(FTA) 추가협상이 3일 오전(현지시간) 타결됐다.  회의장을 나오고 있는 김종훈 통상교섭본부장과 론 커크 미국 무역대표부 대표. 2010.12.4    photo@yna.co.kr韓, 자동차 `FTA 효과' 5년후에나 기대美, 車수출에 `날개', 車산업보호엔 `방패' 얻어(워싱턴=연합뉴스) 김병수 기자 = 한미 자유무역협정(FTA) 추가협상의 자동차 관련 합의 결과를 놓고 적잖은 논란이 예상된다.당초 FTA 추가 협상이 지난 2007년 체결된 FTA 협정문 내용 중 자동차 분야 등에 대한 미국의 불만에서 시작됐다는 점에서 한국측의 양보는 어느 정도 예견됐던 것이지만 적절한 수준인지에 대해선 견해차가 크기 때문이다.일례로 정부 여당이 경우 한미 FTA 조기발효가 한국 경제에 큰 이익을 가져올 것이라며 협상 타결 자체에 큰 의미를 부여하는 반면에 민주당을 비롯한 야당은 협상 결과가 제대로 공개되기도 전에 `굴욕협상'이라고 목청을 높이고 있다.미국 무역대표부(USTR)가 3일 오후 단독으로 공개한 FTA 추가협상 결과만을 놓고 보면 한국과 미국의 손익대차대조표를 따져볼 때 협상에서 한국이 얻은 것보다 미국이 얻은 것이 상당히 많아 보이는 게 사실이다.따라서 아직 한국측이 합의내용을 발표하지 않았고, 미국측은 자신들이 얻은 성과만을 부각시켰다는 점을 감안하더라도 논란은 불가피할 것으로 예상된다.이번 협상과정에 미국은 양국간 자동차 무역불균형 해소를 역설했다.미국 상무부 자료에 따르면 작년 한 해 동안 한국은 미국에 47만6천857대의 자동차를 수출한 반면에 7천663대의 미국산 자동차를 수입했다. 이런 수치를 보면 미국의 요구는 일면 수긍이 가는 부분이 있다.이를 해결하기 위해 미국은 한국산 승용차 관세철폐를 상당 기간 지연시켰다.지난 2007년 합의에선 3천cc 미만 한국산 승용차는 FTA 발효 즉시, 3천cc 초과 대형승용차는 3년 이내에 2.5%의 관세를 없애기로 했지만 이번엔 배기량에 상관없이 발효 후 5년째 해에 관세를 철폐하는 것으로  늦췄다.한국산 트럭에 대해서는 당초 10년동안 25%의 관세를 단계적으로 폐지키로 했으나 이번 합의에선 8년간은 25%를 그대로 유지하고 나머지 2년간 단계적으로 완전히 없애기로 했다.대신 한국은 미국산 승용차에 대한 8% 관세를 당초 즉시 철폐에서 4년간은 4%만 부과하고 5년째 되는 해에 완전 철폐키로 했으며 트럭에 대한 관세 8%는 당초 합의대로 즉시 폐지하기로 했다.또 한국은 지난 2007년 미국산 전기차.하이브리드차 등 친환경차에 대한 관세(8%)를 10년간 철폐키로 했으나 이번엔 FTA 발효 후 4년간은 4%로 감축하고 5년째되는 해에 완전 폐지키로 해 2007년 합의에서 크게 후퇴했다.이번 합의는 양국이 외형적으로 관세철폐기한을 `5년'으로 맞추는 듯했으나 내용으로 보면 한국이 훨씬 더 불리하다.이는 FTA 발효로 인해 한국산 자동차가 미국 시장에 대거 진출, 미국 자동차 업계의 이익을 훼손하는 것으로부터 보호하기 위한 조치로 해석된다.한국 자동차는 FTA 체결로 인해 미국시장에서 경쟁관계인 일본 차보다 가격경쟁력을 갖게 될 것으로 당초 기대됐지만 이번 합의로 5년째 해 이후에나 FTA 효과를 기대하게 됐다.양국이 승용차 관세철폐기한을 늦춤으로써 `자유무역 정신'을 훼손했다고 비판이 일각에서 제기되고 있기도 하다.이번에 새로 마련된 자동차 특별 세이프가드(긴급수입제한조치)도 문제가 적지 않아 보인다.수출 기다리는 한국산 자동차(자료사진)세이프가드 규정은 한미 양국에 상호 적용된다는 점에서 큰 영향이 없거나 막상 세이프가드가 발동되면 최대 8% 관세 면제 효과를 보는 미국이 한국(최대 관세 2.5% 감면 혜택)보다 타격이 더 클 것이라고 한국 정부측은 설명하고 있다.그러나 자동차 수출규모가 한국이 월등히 많다는 점에서 한국측에 결코 유리하지 않다는 반론도 만만치 않다.자동차 특별 세이프 가드 규정에 따르면 일반 세이프가드의 적용기간은 10년이지만 자동차 세이프가드는 관세 완전철폐이후 10년간 발동할 수 있도록 했다. 이에 따라 미국은 한국산 승용차에 대해선 15년간, 한국산 트럭의 경우 20년간 세이프가드를 발동할 수 있다.더욱이 일부 자동차 제품에 대해선 한번 이상 세이프 가드를 적용할 수 있도록 했으며 세이프가드 적용기간도 한미 FTA의 일반 세이프가드(3년)보다 긴 4년간 고율의 관세를 부과할 수 있도록 했다.미국차의 한국시장 접근 문턱은 크게 낮아졌다.우선 미국이 대표적인 비관세 장벽이라고 주장했던 안전기준과 연비.배기가스 등 환경기준 적용이 미국차에 대해선 상당 정도 완화됐다.안전기준의 경우 기존 협정문에서는 연간 판매대수 6천500대 미만인 차량에 대해서만 미국 자동차 안전기준을 통과하면 별도 조치없이 곧바로 한국내 판매가 가능토록 했으나 이번엔 그 기준을 연간 판매대수 2만5천대 미만으로 완화했다.현재 국내에서 가장 인기가 높은 미국산 자동차 차종이 연간 판매대수 5천대를 넘지 못한다는 점에서 미국 차들은 상당 기간에 걸쳐 `예외'를 인정받게 됐다.연비 및 온실가스 배출기준 등 환경기준도 미국산 자동차는 2007년 FTA 합의 이후 한국의 강화된 기준에서 20% 완화되는 기준을 적용받게 된다.한국은 앞으로 10인이하 승용차의 경우 연비를 17km/ℓ 혹은 CO2 배출기준을 140g/km로 강화할 방침이지만 미국차는 14.6km/ℓ 혹은 CO2 168g/km만 충족하면 된다.미국이나 EU(유럽연합)의 경우도 소수 판매업자는 환경기준을 완화 적용하긴 하지만 판매대수에 따라 차등화하고 있어, 미국차에 대해 판매대수 구분없이 모두 기준적용을 완화한 이번 합의와는 차이가 있다.국민의 안전과 환경문제에 대해 과도하게 `예외'를 인정한 게 아니냐는 주장이 이래서 나온다.bingsoo@yna.co.kr[관련기사]▶ 靑 ""美설명자료, FTA 타결내용 일부분""▶ 한국車 관세철폐 5년이내로 연장(종합2보)-2▶ 한국車 관세철폐 5년이내로 연장(종합2보)-1▶ 한미FTA 車관세철폐 시한 5년 유예 <美언론>(종합)▶ 美의원 ""한미 FTA 합의 여전히 미흡""<뉴스의 새 시대, 연합뉴스 Live><모바일 애플리케이션><포토 매거진><저작권자(c)연합뉴스. 무단전재-재배포금지.>"
36,2010-12-04,"""불규칙.초과근무 등도 업무상 재해 요인""",https://news.naver.com/main/read.nhn?mode=LSD&mid=shm&sid1=102&oid=001&aid=0004802215,연합뉴스,"(대구=연합뉴스) 이강일 기자 = 불규칙한 근무형태나 초과근무 등이 원인이 돼 근로자가 숨졌더라도 이를 '업무상 재해'로 봐야 한다는 판결이 나왔다.대구지법 행정단독 손현찬 판사는 출근을 준비하던 중 집에서 쓰러져 숨진 박모(33)씨의 아내(30)가 남편이 일하던 병원을 상대로 낸 '유족급여 및 장의비부지급처분 취소' 소송에서 원고 승소 판결했다고 4일 밝혔다.재판부는 판결문에서 ""업무상 재해는 근로자의 업무수행과 관련해 발생한 질병을 의미하지만 질병의 발생원인이 업무수행과 직접적인 관계가 없더라도 업무상 과로나 스트레스가 겹쳐서 질병을 유발 또는 악화시켰다면 그 사이에 인과관계가 있다고 봐야 한다""고 선고이유를 설명했다.이어 ""업무상 과로.스트레스와 질병의 인과관계는 의학적으로 명백히 증명되지 않더라도 제반사정을 고려해 상당한 인과관계가 있다고 볼 때도 인정된다""고 덧붙였다.박씨의 아내는 경북 포항의 한 병원에서 방사선 기사로 근무하던중 지난 5월 숨진 남편이 불규칙한 근무를 계속해 오다 사망직전 1주일여 동안은 60시간 가깝게 일한뒤 숨졌지만 병원측이 유족급여 등의 지급을 거부하자 소송을 냈다.leeki@yna.co.kr[관련기사]▶ ""음주운전자 처벌은 예방적 측면 더 강조된 것""▶ 선거법 위반 경북 칠곡군수 벌금 150만원▶ ""도로관리 잘못해 사고..지자체 일부 책임""▶ 대구지법 ""합의때 예상했던 피해배상은 부적법""▶ 대구지법, 대출 알선 수수료 챙긴 업자에 실형<뉴스의 새 시대, 연합뉴스 Live><모바일 애플리케이션><포토 매거진><저작권자(c)연합뉴스. 무단전재-재배포금지.>"
37,2010-12-04,한국 승용차 관세철폐 5년으로 연장,https://news.naver.com/main/read.nhn?mode=LSD&mid=shm&sid1=104&oid=052&aid=0000327922,YTN,"[앵커멘트]한미 자유무역협정, FTA 추가협상에서 한국 승용차에 대해 미국측이 물리는 2.5% 관세의 철폐 시한을 3년에서 5년으로 연장하기로 합의한 것으로 전해졌습니다.국제부 연결해 소식 알아보겠습니다. 박신윤 기자!한미 FTA 추가협상 내용이 미국 언론을 통해서 먼저 전해지고 있군요?[리포트]당초 한미 FTA 추가협상 내용은 양측이 본국 정부에 보고한 뒤 정식으로 발표하기로 되어 있었는데요.AP등 미국 언론들이 백악관에서 제공한 자료 등을 인용해 소식을 전하고 있습니다.주요 내용을 보면 한국 승용차에 대해 미국측이 물리는 2.5%의 관세철폐 시한을 3년에서 5년으로 연장하기로 합의한 것으로 전해졌습니다.또 한국으로 수출되는 미국산 자동차에 대해 국내 안전기준 통과 차량의 자가인증을 허용범위를 연간 판매대수 6,500대에서 2만 5,000대로 늘리기로 했습니다.지난 2007년 4월에 체결된 한미FTA 본문에는 미국측이 3,000cc 이하 한국산 승용차에 대해서는 협정 발효와 함께 2.5%의 관세를 즉시 철폐하고 3,000cc 초과 승용차에 대해서는 3년안에 철폐하기로 돼 있습니다.그러나 이번 협상에서 관세철폐 기간을 5년으로 일괄 연장한다는데 합의한 것이고요.이에 비해 한국은 미국산 승용차에 부과해온 8%의 관세를 FTA발효 즉시 전면 철폐하는 것에서 관세를 4%로 낮추는 선으로 변경했습니다.미국측은 농산물 분야에서 한국측의 요구를 일부 받아들인 것으로 전해지고 있지만 이와 관련한 내용은 아직 전해지지 않고 있습니다.[질문]미국은 이번 한미 FTA 추가협상이 타결에 대해 조기 비준 의지를 강하게 밝히고 있다고요?[답변]먼저 오바마 대통령은 서면으로 발표한 성명에서 한미 FTA 추가협상 타결은 양국간의 동맹을 더욱 깊게할 것이라고 밝혔는데요.그러면서 이번에 한미 양국 획기적인 FTA, 자유무역협정에 합의한 데 대해 환영하며, 의회 비준을 마무리짓기 위해 의회와 협력해 나가겠다고 말했습니다.오바마 대통령은 또 이번 합의로 미국의 재화 수출이 연간 110억 달러 늘어나고, 일자리도 최소 7만 개가 창출될 것으로 기대된다며, 미국의 자동차와 트럭 제조회사는 한국에서 좀더 확대된 시장 접근을 확보함으로써 공정한 경쟁의 토대를 갖게 된다고 덧붙였습니다.존 케리 미국 상원 외교위원장 역시 한미 FTA 협정의 조기 비준 의지 밝혔는데요.협정문을 검토한 뒤 조기에 비준할 수 있도록 노력하겠다고 말했습니다.그러나 이번에 미국산 쇠고기 수출 문제가 해결되지 않은 사실을 알고 있다며, 미국산 쇠고기의 한국 시장 접근 확대를 위한 노력을 계속할 것을 오바마 행정부에 촉구했습니다.지금까지 국제부에서 YTN 박신윤입니다.[관련기사]▶ 이명박 대통령, ""한미 FTA, '경제·동맹' 강화 시킬 것""▶ 협상 사실상 타결...의미와 문제점▶ FTA 타결로 양국 교역 대폭 확대▶ 클린턴, ""국무장관은 내 마지막 공직""▶ 오바마, ""FTA 합의로 한미동맹 강화""☞ [다운로드] 생방송과 뉴스속보를 한 눈에...YTN뉴스ON☞ YTN 긴급속보를 SMS로!☞ 스마트폰으로 즐기는 24시간 뉴스의 세계...YTN 어플리케이션[저작권자(c) YTN & Digital YTN. 무단 전재-재배포 금지]"
38,2010-12-04,"김관진 국방장관 취임..""北 추가도발시 즉각 응징""",https://news.naver.com/main/read.nhn?mode=LSD&mid=shm&sid1=100&oid=001&aid=0004802244,연합뉴스,"지휘권 이양받는 김관진 신임 국방장관    (서울=연합뉴스) 김주성 기자 = 김관진 신임 국방부 장관이 4일 오전 국방부에서 열린 '국방부 장관 이ㆍ취임식'에서 김태영 국방부 장관으로부터 국방부기를 이양받고 있다. 2010.12.4    utzza@yna.co.kr""완전 굴복때까지 강력대응..6.25 이후 가장 심각""""전쟁 원하지 않지만 결코 두려워해선 안돼"" 강조(서울=연합뉴스) 김호준 기자 = 김관진 신임 국방장관은 4일 ""북한이 또다시 우리의 영토와 국민을 대상으로 군사적 도발을 감행해 온다면 즉각적이고도 강력한 대응으로 그들이 완전히 굴복할 때까지 응징해야 한다""고 밝혔다.김 장관은 이날 오전 국방부 본관 대강당에서 열린 이.취임식에서 ""우리는 전쟁을 원하지 않지만 결코 두려워해서도 안 된다""며 이 같이 강조하고 ""우리는 지금 6.25 전쟁 이후 가장 심각한 위기 상황에 직면해 있다""고 평가했다.김 장관은 ""지난 3월26일 발생한 천안함 사태와 11월23일 북한의 연평도 포격 도발은 우리 군의 자존심과 명예에 지울 수 없는 상처를 주었으며 군을 믿고 사랑했던 많은 국민들에게도 큰 실망을 안겨드렸다""고 말했다.그는 ""예측할 수 없었던 무모한 적의 기습도발이었음을 감안해도 분명 우리는 국민의 생명과 재산을 지켜야 하는 책무를 다하지 못한 것""이라고 지적했다.그는 특히 ""앞으로도 적은 우리의 허점을 계속 노릴 것이며, 새로운 양상의 도발을 획책할 것""이라며 ""그들에게 대한민국에 대한 도발의 대가가 얼마나 처절한지를 뼈저리게 느끼도록 해 줘야 한다""고 강조했다.그는 우리 군이 추진해야 할 주요 과제로 ▲최고 수준의 대비태세 ▲무형전력의 극대화 ▲국방운영 및 작전수행체제의 효율성 제고 ▲선진화된 전력체계 발전 ▲새로운 차원의 한미동맹 발전 등을 제시했다.이 대통령과 군 수뇌부    (서울=연합뉴스) 조보희 기자 = 이명박 대통령이 4일 오전 청와대에서 김관진 국방부 장관에게 임명장을 준 뒤 각군 지휘관들과 함께 환담장으로 이동하고 있다. 왼쪽부터 한민구 합참의장,김성찬 해군참모총장, 이 대통령, 박종헌 공군 참모총장, 김관진 국방부 장관, 황의돈 육군참모총장. 2010.12.4    jobo@yna.co.kr이날 국방장관 이.취임식은 개식사, 국민의례, 지휘권 이양, 이.취임사, 폐식사 순으로 진행됐으며 김 장관은 취임식이 끝나고 연평도를 방문할 예정이다.hojun@yna.co.kr[관련기사]▶ 김관진 신임 국방장관, 취임 첫날 연평도 방문▶ 李대통령, 김관진 국방장관 임명▶ 국방위, 김관진 인사청문보고서 채택▶ 김관진 ""北, 추가도발시 항공기 동원 폭격""(종합)▶ <김관진, 단호하고도 결연한 발언.소신 돋보여><뉴스의 새 시대, 연합뉴스 Live><모바일 애플리케이션><포토 매거진><저작권자(c)연합뉴스. 무단전재-재배포금지.>"
39,2010-12-04,"안동 구제역 발생 농가, 20곳으로 확대",https://news.naver.com/main/read.nhn?mode=LSD&mid=shm&sid1=101&oid=079&aid=0002206064,노컷뉴스,"[CBS경제부  곽인숙 기자]경북 안동의 구제역 발생농가가 엿새 만에 20곳으로 확대됐다.농림수산식품부는 4일 오전 안동 풍산면과 북후면의 돼지 농가와 한우 농가 등 3곳이 추가로 구제역으로 판정됐다고 밝혔다.또한 3일 밤 안동에서는 한우농가 6곳이 추가로 구제역 의심 신고를 해 와 정밀 검사 중이며 검사 결과는 4일 오후쯤 발표된다.20곳 모두 안동에서 발생해 아직까지는 안동 이외 지역으로는 확산되지 않은 것으로 보인다.하지만 구제역 바이러스의 잠복기가 1,2주 정도여서 앞으로 열흘 정도 상황을 지켜볼 필요가 있어 안심할 수는 없는 상황이다.방역에 실패하면 이번 구제역이 인근 지역으로 확산될 가능성도 배제할 수 없기 때문이다.따라서 구제역 확산 여부는 이번 주말이 고비가 될 것으로 보인다.농식품부는 정 승 2차관을 반장을 하는 방역추진실태점검반을 구성해구제역이 발생하지 않은 인접 시.도에 대한 방역상황과 공항.항만에 대한 검역실태를 집중점검하는 등 구제역 확산 차단에 총력을 기울이기로 했다.cinspain@cbs.co.kr[관련기사]●안동 구제역 17건, 신고 또 들어와(대한민국 중심언론 CBS  뉴스FM98.1 / 음악FM93.9 / TV CH 412)<저작권자 ⓒ CBS 노컷뉴스(www.nocutnews.co.kr) 무단전재 및 재배포 금지 >"
40,2010-12-04,신발 한켤레 때문에 돼지 2만마리 폐기,https://news.naver.com/main/read.nhn?mode=LSD&mid=shm&sid1=102&oid=020&aid=0002189496,동아일보,"[동아일보]안동 구제역 농장 방문 수의사 같은 신발 신고 보령농장 찾아… 예방 차원에서 모두 도살처리지난달 29일 경북 안동에서 구제역이 발생하면서 도살처분 대상 농가 중 가장 규모가 큰 곳은 충남 보령의 돼지농장(돼지 2만191마리)이다. 3일 농림수산식품부에 따르면 이곳이 도살처분 대상으로 결정된 것은 다름 아닌 신발 한 켤레 때문인 것으로 드러났다.지난달 26일 구제역 최초 발생 지점인 안동시 와룡면의 서현양돈단지를 방문한 수의사는 다음 날 충북 보령의 돼지농장을 찾았다. 방역 당국 관계자는 “해당 수의사가 보령을 방문하기 전 목욕도 하고, 옷도 갈아입고, 차량도 다른 차량을 이용하는 등 그 나름대로 방역을 철저히 했다”며 “문제는 최초 발생 농장을 방문할 때 신었던 신발을 그대로 신고 갔다는 점”이라고 설명했다.이에 따라 방역 당국은 보령의 돼지농장에서 구제역 발생 가능성이 높다고 보고 예방 차원에서 도살처분을 결정했다. 이 같은 결정에는 반경 3km 안에 돼지 15만여 마리가 있어 만약 구제역에 감염될 경우 피해가 걷잡을 수 없이 커진다는 점도 한몫했다.방역 당국은 “신발 때문에 구제역이 발생할 것이라는 확증은 없지만 만에 하나 그 원인으로 구제역이 발생할 경우 도저히 수습이 안 된다”며 “해당 농장의 규모가 워낙 큰 탓에 방역 당국 내에서도 도살처분 여부를 놓고 이견이 있었지만 예방 차원에서 도살처분을 결정했다”고 설명했다. 실제로 구제역 바이러스의 전파력은 매우 강하다. 사람 옷, 차량 바퀴, 사료 등을 타고 전파될 수 있는 데다 이번에 발생한 구제역은 전파력이 강한 ‘O형’이다.한편 농식품부는 2일 접수한 16건의 의심 신고 가운데 경북 청송과 전북 임실의 의심신고는 음성으로 판명됐다고 밝혔다. 그러나 2일 접수한 안동의 신고 14건 가운데는 12건이 양성으로 판명됐다. 3일에도 안동 일대에서 3곳의 의심 신고가 접수돼 방역 당국이 정밀 조사를 벌이고 있다. 지금까지 안동의 구제역 발생은 총 17건이다. 방역 당국은 또 “안동 외에도 농장 관계자가 방문한 경북 의성의 돼지농가에서도 예방 차원에서 도살처분을 하기로 결정했다”고 밝혔다. 이에 따라 도살처분 규모는 5만8521마리로 늘어났다.방역 당국은 유동인구가 늘어나는 주말이 구제역 확산의 고비가 될 것으로 보고 국민에게 구제역 발생 지역과 축산농가 방문을 자제할 것을 요청했다. 농식품부 관계자는 “구제역 바이러스는 잠복기가 1∼2주이기 때문에 바이러스가 주말에 안동 밖으로 빠져나가지 않도록 방역을 강화할 것”이라며 “구제역 바이러스의 전파력이 워낙 강하기 때문에 가급적 축산농가 방문을 자제하는 것이 최선의 방역이다”고 강조했다.한상준 기자 alwaysj@donga.com《 화제의 뉴스 》☞ “北 추가도발 우려” 美, 한국군 연평도 사격훈련 반대☞ ‘야전’ 강조한 김관진 등장에 軍 내부 긴장☞ “그 학교 성금 적어서 모르니까 10만원 더 빼”☞ “‘다이소’ 싼 게 약점? 서울 강남서 더 잘 팔려”☞ 삼성 직원들 “사장 인사보다 갤럭시S에 더 관심”☞ 일본 표, 월드컵 3차 투표때 한국 외면…“믿은게 실수”☞ 민주 “MB, 사저 경호시설 70억…아방궁 만드나”☞ 신발 한켤레 때문에…안동 돼지 2만마리 폐기"
41,2010-12-04,'창고극장 창설자' 연극인 이원경씨 별세(종합),https://news.naver.com/main/read.nhn?mode=LSD&mid=shm&sid1=103&oid=001&aid=0004802113,연합뉴스,"연극인 이원경씨 (자료사진)(서울=연합뉴스) 김태균 기자 = 대한민국예술원 회원인 연극인 이원경씨가 3일 오후 10시40분 숙환으로 별세했다고 예술원이 4일 밝혔다. 향년 94세.고인은 1938년 일본미술학교 양화과를 졸업하고서 같은 해 작품 '무영탑'에서 무대장치를 맡으며 연극계에 입문했다.'수선화'와 '김대건 신부', '시라노 드 벨쥬락', '세자매' 등 70여편을 연출했고 '계절풍', '수선화', '불멸의 처' 등 여러 편의 희곡을 썼다.중앙문화대상(1978)과 은관문화훈장(1982), 대한민국문화예술상(1983) 등을 받았으며 1976년 국내 소극장의 시초인 삼일로 창고극장을 창설한 주인공으로도 유명하다.1955년부터 4년 동안 서라벌 예대 교수로 재직했고, 1981∼1984년에는 중앙대 예술대 강사로 근무하며 후학 양성에 힘썼다.주요 저서로는 '이원경 희곡집', '창극대본 춘향전' '연극연출론' 등이 있다.유족으로는 자녀 이동환(상업)ㆍ동언(사진작가)ㆍ동옥ㆍ동현ㆍ동민(연극영화분장)씨가 있으며 빈소는 서울대병원 장례식장이다.발인은 7일 오전이며 연락처는 02-2072-2010.tae@yna.co.kr<뉴스의 새 시대, 연합뉴스 Live><모바일 애플리케이션><포토 매거진><저작권자(c)연합뉴스. 무단전재-재배포금지.>"
42,2010-12-04,삼척 산불 큰 불길 잡혀..임야 50㏊ 소실,https://news.naver.com/main/read.nhn?mode=LSD&mid=shm&sid1=102&oid=001&aid=0004802141,연합뉴스,"삼척 산불 본격 진화(삼척=연합뉴스) 배연호 기자 = 4일 날이 밝았지만 지난 3일 오전 강원 삼척시 미로면에서 발생한 산불이 여전히 민가를 위협하며 타오르고 있다. 2010.12.4byh@yna.co.kr진화헬기와 진화대 대거 투입..오전 중 완진 목표(삼척=연합뉴스) 배연호 이재현 기자 = 지난 3일 오전 강원 삼척시 미로면 야산에서 발생한 산불이 밤새 번져 임야 50여㏊(잠정)를 태운 가운데 4일 오전 산불 진화 작업이 재개되면서 큰 불길이 잡혀 소강상태를 보이고 있다.삼척 산불 본격 진화(삼척=연합뉴스) 배연호 기자 = 4일 날이 밝으면서 지난 3일 오전 강원 삼척시 미로면에서 발생한 산불 진화작업이 본격적으로 진행되고 있다. 2010.12.4byh@yna.co.kr산림청과 강원도 산불방지대책본부에 따르면 이날 오전 7시께 산림청 등 진화 헬기 16대와 진화인력 1천650여명을 삼척시 미로면 일대 산불 현장에 투입, 진화에 나섰다.이에 따라 이날 오전 9시 현재 큰 불길을 잡았으며 곳곳에서 피어오르던 매캐한 연기도 잦아든 상태다.현재 산불 진화 현장에는 이광재 강원도지사와 김대수 삼척시장 등이 밤새 자리를 지키며 산불진화 작업을 지휘하고 있다.삼척 산불 본격 진화(삼척=연합뉴스) 배연호 기자 = 4일 날이 밝으면서 지난 3일 오전 강원 삼척시 미로면에서 발생한 산불 진화작업이 본격적으로 진행되고 있다. 2010.12.4byh@yna.co.kr전날 오전 11시43분께 발생한 산불은 한때 순간 최대풍속 초속 17m의 강풍을 타고 동산리, 하거노리, 상거노리 등 5개 리로 빠르게 번졌으나 침엽수가 우거진데다 험난한 지형 탓에 불길을 잡는데 어려움을 겪었다.현재까지 피해 규모는 불이 시작된 민가와 창고 각 1채를 비롯해 임야 50여㏊가 잿더미로 변한 것으로 잠정 집계됐으나 피해 규모는 더 늘어날 전망이다.산불을 피해 전날 마을회관 등 안전한 곳으로 대피한 50여가구 150여명의 주민들은 산불 확산에 대한 염려로 뜬눈으로 지새우며 불안한 밤을 보냈다.삼척 산불 본격 진화(삼척=연합뉴스) 배연호 기자 = 4일 날이 밝으면서 지난 3일 오전 강원 삼척시 미로면에서 발생한 산불 진화작업이 본격적으로 진행되고 있다. 2010.12.4byh@yna.co.kr산림청 관계자는 ""밤새 진화장비와 인력을 배치해 산불 진화작업을 벌인 끝에 다행히 민가와 인명 피해를 막았다""며 ""산불이 완전히 소멸할 때까지 뒷불 감시조를 현장에 잔류시켜 완전히 진화하겠다""라고 밝혔다.한편, 삼척을 비롯한 동해안과 산간지역 11개 시ㆍ군에는 건조주의보와 강풍주의보가 이틀째 이어지고 있어 산불 예방에 주의해야 한다.jlee@yna.co.kr삼척 산불 본격 진화(삼척=연합뉴스) 배연호 기자 = 4일 날이 밝으면서 지난 3일 오전 강원 삼척시 미로면에서 발생한 산불 진화작업이 본격적으로 진행되고 있다. 2010.12.4byh@yna.co.kr[관련기사]▶ 삼척 산불 밤새 번져 20㏊ 소실..진화 재개▶ 삼척 산불 강풍 타고 번져..주민 대피(종합3보)<뉴스의 새 시대, 연합뉴스 Live><모바일 애플리케이션><포토 매거진><저작권자(c)연합뉴스. 무단전재-재배포금지.>"
43,2010-12-04,'판사 볼펜테러' 절도범 법정서 욕설 난동,https://news.naver.com/main/read.nhn?mode=LSD&mid=shm&sid1=102&oid=003&aid=0003571109,뉴시스,"""국정원 때문에 연평도 피격…"" 횡설수설도【서울=뉴시스】박유영 기자 = 판결에 불만을 품고 볼펜으로 판사를 공격하려 했던 절도범이 항소심 법정에서도 욕설을 퍼붓는 등 소동을 피워 결국 끌려나갔다.4일 서울중앙지법에 따르면 절도 혐의로 구속 기소된 A씨(54)는 전날 열린 공판에 교도관 7~8명에 둘러싸여 법정 피고인석에 앉았다.이날 재판부는 변호사 측에 ""사실조회 결과 A씨가 정신분열증 치료를 받은 적 있었던 것으로 나타났다""며 ""정신 감정 여부를 검토해 필요하면 받아볼 수 있도록 하라""고 전했다.이후 판사가 변호사와 추후 공판기일을 잡은 뒤 재판을 마무리 하려고 하자,  A씨는 ""1분만 말할 수 있게 해 달라""고 요구해 발언권을 얻었다.돌발상황은 이때부터 발생했다. A씨는 ""나를 왜 꽁꽁 묶고 아무것도 못하게 막느냐""며 입을 연 뒤, ""가만히 뒀으면 11월에 통일 됐을텐데 국정원이 매수된 바람에 연평도 피격이 일어났다""는 알 수 없는 말을 하기 시작했다.급기야 A씨는 ""판사들이 전부 책임져야 한다. XX놈""이라며 욕설을 내뱉더니 난동을 피우기 시작했다.보다못한 재판부는 ""지금 뭐라고 하시는 거냐""며 목소리를 높였고, 결국 A씨는 교도관들에게 제지당한 뒤 끌려 나갔다.앞서 A씨는 올해 총 4차례에 걸쳐 행인의 가방 속 지갑을 몰래 빼내 신용카드와 현금 등을 절취한 혐의(절도 등)로 지난 8월 기소됐다.1심 재판부는 ""과거 수회 절도 전력이 있는 점 등을 고려해 징역 1년 2월에 처한다""고 판시했다. 이에 퇴정하던 A씨는 갑자기 법대로 돌진, 손에 들고 있던 볼펜으로 판사를 공격하려다 법정 경위들에게 제압됐다.또 A씨는 지난달 공무집행방해 혐의로 검찰조사를 받던 중 검사에게도 프린터를 집어들고 무력 행사를 시도했다가 제지당한 바 있다.다만 검찰은 피해가 발생하지 않았고, A씨의 정신상태가 정상적이지 않은 점을 고려해 이 사건을 따로 입건하지 않기로 했다.shine@newsis.com[뉴시스 이시간 핫 뉴스]ㆍ ´전쟁 개시자´ 한국 떠났다…네티즌 ´환호´ㆍ 소설 대물<17>""바지에 쌀래? 아니면 눈딱감고…""ㆍ 니스 흡입 중학생들 집단 입건…환각상태서 수업 ´충격´ㆍ ""119는 ´일일이 구한다´의 줄임말이라던 친구가…"" 순직 소방관 안타까운 사연ㆍ 뉴라이프론, 서민대출시장의 대안 될까ㆍ 박칼린 가창력 폭발 ´아름다운 널´ㆍ 개그맨 정형돈 발목 부상 6주 진단ㆍ ´무결점´ 미스코리아 김주리, 웃기기까지…★ 손 안에서 보는 세상, 모바일 뉴시스<저작권자ⓒ '한국언론 뉴스허브' 뉴시스통신사. 무단전재-재배포 금지.>"
44,2010-12-04,“한부모도 서러운데 지원금마저…”,https://news.naver.com/main/read.nhn?mode=LSD&mid=shm&sid1=102&oid=081&aid=0002140078,서울신문,"정부 예산 부족… 10만가구 양육·교육비 못받아[서울신문]“한부모도 서러운데 쥐꼬리만한 지원금까지 주지않다니 이 추운 겨울을 어떻게 보내야 할지 막막합니다.” 초등학교 4학년 딸과 유치원 다니는 다섯살짜리 아들을 둔 A(35·여·전주시 서신동)씨가 3일 관할 구청에 따지듯 하소연한 내용이다. A씨는 5년 전 남편과 사별한 뒤 제과점에서 아르바이트로 생계를 꾸려가고 있다.전국 10만여 가구에 달하는 한부모 가정들이 자녀양육비와 교육비를 제때 지급받지 못해 발을 동동 구르고 있다. 여성가족부가 복권기금으로 운용하는 한부모 가정 지원 예산을 일선 지방자치단체에 내려보내지 않아서 생긴 일이다.●일부 시·군은 두달째 지급 못해3일 여성가족부와 전국 지자체에 따르면 상당수 시·군·구들이 지난달 20일 한부모가족지원법에 따라 지급해야 할 한부모 가정 양육비(매월 1인당 5만원)와 교육비(고교 수업료 실비)를 주지 못한 것으로 파악되고 있다. 지난 6월말 기준으로 지원대상은 모두 10만 1830가구다.충북도의 경우 12개 시·군 가운데 청주시, 충주시, 영동군은 지난 10월부터, 나머지 9개 시군은 11월부터 한부모 가정 양육비를 지급하지 못하고 있다. 부산시는 매월 9000여명의 한부모 가정에게 지급하는 양육비를 지난달에 예산 부족으로 일시 중단했다. 부산시는 올해 60억원의 예산이 필요하나 54억 5000만원밖에 확보하지 못해 5억 5000만원이 부족한 상태다.전북 전주시도 지난달 3000여 가구의 한부모 가정에게 지급해야 할 양육비와 교육비를 한 푼도 주지 못해 구청마다 문의전화가 잇따르고 있다. 익산시는 매달 지급하는 2600여만원의 양육비를 지난 9월부터 시비로 우선 지원하고 있지만 11월에 주어야 할 6000여만원의 교육비는 지급하지 못해 시 담당자가 일선 학교에 일일이 전화를 걸어 양해를 구하고 있다. 한부모 가정 지원금 지급이 늦어지는 것은 관련부처가 예산을 확보하지 못해서다. 이 지원금은 국비 80%, 시·도비 10%, 시·군비 10%로 짜여져 있다.●여가부 “이혼 늘고 대상 확대 탓”주무부처인 여가부가 11,12월 두달동안 전국 지자체에 지원해야 할 관련 예산은 136억원. 하지만 10월 말 현재 32억원만 확보된 상태다. 여가부는 “최근 이혼율이 높아지면서 한부모 가정이 늘어난 데다 올해부터 지원대상이 만 10세까지에서 12세까지로 확대돼 예산증가 요인이 생겼다.”면서“기획재정부에 추가로 104억원을 신청해 놓은 상태”라고 해명했다.전주 임송학·서울 이재연기자shlim@seoul.co.kr[서울신문 다른기사 보러가기]☞ 16세 미만 심야 온라인게임 못한다☞ 아이들 ‘그림’에 온통 빨간색·검은색☞ ‘면직’ 공무원들, 근무태도 어땠기에?☞ 버스 운전사가 잠든 女승객 성추행☞ [北 연평도 공격 이후] 南 지대공 ‘천마’ 벼르고 北 방사포 버티고… ‘화약고 서해’☞ “하늘에서만 보인다” 구글어스에 찍힌 특별한 사진☞ 스웨덴 핵벙커에 새 저장소… ‘위키리크스 요새’☞ 서울지역 외고 미달 속출… 최저 경쟁률‘맛있는 정보! 신선한 뉴스!’ 서울신문(www.seoul.co.kr)[☞ 신문구독신청] [☞ 전문가 추천종목 ARS] [☞ 2011 적중 토정비결]- Copyrights ⓒ서울신문사. 무단 전재 및 재배포 금지 -"
45,2010-12-04,[단독] 구제역 또 초기대응 실패… 대규모 피해 불렀다,https://news.naver.com/main/read.nhn?mode=LSD&mid=shm&sid1=102&oid=022&aid=0002210526,세계일보,"농민 의심신고 받고도 예찰에만 급급 전염확산 초래방역당국 뒤늦게 가축 살처분 등 나서 안일대처 비난경북 안동에서 발생한 구제역이 다른 지역으로 급속히 확산된 것은 방역당국의 초등 대처 미흡이 결정적인 원인이라는 지적이 나오고 있다.3일 경북도와 안동시에 따르면 최초로 구제역이 확인된 안동시 와룡면 서현리 양돈단지에 있는 농장에서 돼지들이 구제역 증상을 보인 시기는 지난달 23일이었다.당시 새끼돼지들이 구제역 증상을 보이면서 폐사하기 시작해 농민들이 즉각 신고했으나 경북도와 안동시는 간이검사인 항체 검사만 실시한 뒤 음성으로 나오자 예찰에만 주력하고 농장관리자와 돼지의 이동제한 조치를 취하지 않았다.이후 돼지들이 계속 폐사하고 있는데도 방역당국은 4일이나 지난 28일에야 수의과학검역원에 항체검사를 의뢰했다. 다음날 나온 검사결과는 전염성이 강한 O형 혈청이어서 방역당국의 느슨한 초기 대응이 확산의 빌미를 제공했다는 비판을 피할수 없게 됐다.이 때문에 방역당국이 수의과학검역원에 조기에 항원검사를 의뢰하고, 발생 일대 지역의 가축을 살처분했다면 다른 곳으로 확산을 방지할 수도 있었을 것이라는 지적이 나오고 있다.최초로 구제역이 발생했던 양돈 농장주 1명도 지난달 초 베트남을 다녀와 공항에서 구제역 검사와 소독을 받도록 된 규정을 어기고 축사를 출입하는 등 양돈농가들에 대한 사전교육도 미흡했다. 이 농장주가 다른 곳에 운영하는 축산시설은 초기 방역대상에서 제외돼 결과적으로 방역에 실패했다는 지적도 나오고 있다.특히 최초로 구제역이 발생한 서현 양돈단지는 6농가에서 1만4000마리의 돼지를 키우는 집단지구여서 전염 속도가 빨라 피해가 가중됐다.경북도의 한 관계자는 “통상 구제역은 가축의 발굽 등에서 수포가 생기는 특징을 보이는 데 비해 안동의 가축들에서는 고열과 침흘림 등의 사례가 많이 발견돼 구제역 발병 가능성을 낮게 보았다”고 말해 초기 대응 미흡을 시인했다.방역당국의 이 같은 대처로 구제역이 지난달 29일 돼지 구제역 첫 판정 이후 3일까지 모두 9건으로 급증하면서 안동 인근 의성, 군위 등 지역 축산 농가들마저 공포에 떨고 있다.방역당국은 지난달 30일부터 가축 살처분에 들어갔으나 장비와 인력, 약품 부족으로 매몰이 지연되자 4일이 지난 3일에야 특별지원반을 편성하는 등 ‘뒷북행정’에 나서 아직도 구제역 발생에 대한 상황 인식이 안이하다는 비난을 받고 있다.대구=전주식 기자[Segye.com 인기뉴스]◆ ""하늘에서만 보인다""…세계가 놀란 화제의 사진들◆ 스마트폰으로 여자 꼬시고 '물뽕' 먹여 성폭행◆ 이청아, 보송보송 아기 민낯피부…비결은?◆ 중학교 1학년 20명, 환각상태서 수업 '충격'◆ '대리석 각선미' 숙희, 3억 다리보험 가입 '화제'◆ 처제와 부인 직장동료 수차례 성폭행한 파렴치범◆ 20년간 같은번호…마침내 8억원 로또당첨 행운[ⓒ 세계일보 & Segye.com, 무단 전재 및 재배포 금지][헐리우드 스타의 동정이 궁굼하세요?][공짜로 연극ㆍ뮤지컬보기]<세계닷컴은 한국온라인신문협회(www.kona.or.kr)의 디지털뉴스이용규칙에 따른 저작권을 행사합니다.>"
46,2010-12-04,신임 국방장관 오늘 취임‥사격 훈련 재개하나?,https://news.naver.com/main/read.nhn?mode=LSD&mid=shm&sid1=100&oid=214&aid=0000162298,MBC,"[뉴스투데이]◀ＡＮＣ▶오늘 신임 국방장관 취임식이 열리는데요.새 장관 취임 이후에 재기하기로 한 연평도 사격훈련이 언제 다시 실시될지 주목됩니다.이용주 기자입니다.◀ＶＣＲ▶김관진 국방장관 후보자가오늘 오전 11시 취임식을 갖고장관 업무를 시작합니다.장관이 공식 취임함에 따라연평도 사격 훈련 재개 시점에관심이 쏠리고 있습니다.군은 어제 ""장관 교체 시기에맞물려 과도기에 있는 만큼새 장관의 책임 아래제반 여건을 고려해훈련 시기를 결정하겠지만,우리 땅에서 하는 훈련인 만큼반드시 한다는 게 기본 입장이며올해 안에는 실시하겠다""고밝혔습니다.이에 따라 사격훈련은빠르면 다음 주쯤,상황에 따라 좀 더 늦어질 수있을 것으로 보입니다.우선 장관이 업무 인수와상황 점검 등에 주력할필요가 있기 때문입니다.또, K-9 자주포와 다연장 로켓포 등연평도 내 전력을 증강 배치하는작업이 마무리되지 않았고,아직 민간 시설 복구가 덜 끝난데다꽃게잡이 조업이 이제 막 재개된 점도고려하고 있는 것으로 알려졌습니다.하지만 군은 모레부터연평도를 뺀 29곳의 해상에서실시하기로 한 사격 훈련은예정대로 진행한다고 밝혔습니다.MBC뉴스 이용주입니다.(이용주 기자 tallmoon@mbc.co.kr)[저작권자(c) MBC (www.imnews.com) 무단복제-재배포 금지]"
47,2010-12-04,"李대통령 ""한미FTA 의회비준 조속히 이루길""(종합)",https://news.naver.com/main/read.nhn?mode=LSD&mid=shm&sid1=100&oid=001&aid=0004802127,연합뉴스,"한미 FTA 협상 사실상 타결    (서울=연합뉴스) 한국과 미국간 자유무역협정(FTA) 추가협상이 사실상 타결됐다. 김종훈 통상교섭본부장과 론 커크 미국 무역대표부(USTR) 대표는 3일 오전(미국 현지시간) 한미 FTA관련 통상장관 회의를 갖고 ""금번 회의에서 양측은 자동차 등 제한된 분야에 대해 실질적 성과를 거뒀다""고 밝혔다. 사진은 지난 5월 김종훈 통상교섭본부장과 론 커크 미국 무역대표부 대표가 워싱턴 D.C 무역대표부 회의실에서 만나 한미 자유무역협정 (FTA) 진전방안을 포함해 양국 통상현안을 놓고 회담에 들어가기 앞서 포즈를 취하는 모습. 2010.12.3 << 연합뉴스 DB >>    photo@yna.co.kr한미FTA 추가협의 결과 재가..""양국 이익 균형 반영""""큰 경제적 이익 기대..한미동맹 도약 계기""(서울=연합뉴스) 이승우 기자 = 이명박 대통령은 4일 한미 양국이 자유무역협정(FTA) 추가협의를 통해 최종 합의에 이른 것과 관련, ""한미 FTA는 양국에게 커다란 경제적 이익을 가져올 것이고, 또한 한미 동맹 관계를 한 단계 도약시키는 계기가 될 것""이라고 말했다.이 대통령은 이날 한미 FTA 추가협의 결과를 재가한 뒤 홍상표 청와대 홍보수석이 대독한 `한미 FTA 협의 타결 관련 발표문'을 통해 이같이 밝혔다.특히 이 대통령은 ""이번 합의를 토대로 조속히 양국 입법부의 비준 동의가 이뤄져서 오랫동안 지연돼온 한미 FTA가 결실을 거둘 수 있기를 기대한다""고 말했다.이 대통령은 ""이번 합의는 양국의 이익을 서로 균형있게 반영하여 상호 `윈윈'할 수 있는 기반을 마련했다는 데 의미가 있다""면서 ""이는 또한 한미 FTA 비준과 발효를 위해 양국이 서로 수용 가능한 대안을 찾고자 지혜를 모아 함께 협력한 결과""라고 말했다.이 대통령은 또 ""한미 FTA가 발효되면 우리나라는 미국, EU(유럽연합), ASEAN(동남아국가연합)과 인도 등 세계 3대 경제권과 모두 FTA를 체결한 세계 유일의 나라가 될 것""이라며 ""한미 FTA로 우리의 수출은 크게 신장될 것이며 우리 경제는 다시 한번 질적으로 도약할 수 있는 기회를 맞게 될 것""이라고 강조했다.한편 한미 양국 정부는 협상 대표의 공식 보고를 받은 뒤 5일 오전중 추가협의 내용을 동시 발표한다.leslie@yna.co.kr[관련기사]▶ <李대통령, 한미 FTA협의 타결 관련 발표문 전문>▶ 케리 위원장 ""한미FTA 조기비준 노력""▶ 美의원 ""한미 FTA 합의 여전히 미흡""▶ <김종훈 통상교섭본부장 일문일답>(종합2보)▶ 한미FTA 車관세철폐 시한 5년 유예 <AP통신><뉴스의 새 시대, 연합뉴스 Live><모바일 애플리케이션><포토 매거진><저작권자(c)연합뉴스. 무단전재-재배포금지.>"
48,2010-12-04,"美 상원, 北규탄 결의안 만장일치 채택",https://news.naver.com/main/read.nhn?mode=LSD&mid=shm&sid1=104&oid=001&aid=0004802085,연합뉴스,"(워싱턴 AFP=연합뉴스) 미 의회 상원이 북한의 연평도 무력도발을 규탄하고 중국에 대북 규탄 대열에 동참할 것과 북한에 영향력을 행사해 도발을 억제할 것을 촉구하는 결의안을 2일 만장일치로 채택했다.짐 웹 상원 동아태 소위원장이 주도하고, 상원이 이날 채택한 결의안은 지난달 23일 북한의 연평도 포격에 대해 ""이 지역 평화와 안보, 특히 한반도의 평화와 안보를 훼손했다""고 강력히 비판했다.결의안은 이어 ""상원은 국제사회와 특히 북한의 동맹국인 중국에 이번 도발을 규탄할 것과 북한 정부가 모든 핵 활동을 중단하도록 영향력을 행사할 것을 촉구한다""고 밝혔다.결의안은 또 ""동맹국인 한국에 대한 미국의 책무를 재확인한다""라고 명시해 한.미 동맹 강화의 뜻을 분명히 밝혔다.한편 미 하원 역시 지난 1일 북한의 도발을 저지하는 데 동참할 것을 중국에 촉구하는 유사한 내용의 결의안을 채택했다.ykbae@yna.co.kr<뉴스의 새 시대, 연합뉴스 Live><모바일 애플리케이션><포토 매거진><저작권자(c)연합뉴스. 무단전재-재배포금지.>"
49,2010-12-04,삼척 산불 밤새 번져 20㏊ 소실..진화 재개,https://news.naver.com/main/read.nhn?mode=LSD&mid=shm&sid1=102&oid=001&aid=0004802076,연합뉴스,"삼척 미로 산불(삼척=연합뉴스) 배연호 기자 = 3일 오전 강원 삼척시 미로면 상사전리에서 발생한 산불이 강풍을 타고 번지고 있다. 2010.12.3byh@yna.co.kr진화헬기와 진화대 대거 투입..오전 중 완진 목표대피 주민 50가구 150명 뜬눈으로 밤 지새(삼척=연합뉴스) 배연호 이재현 기자 = 지난 3일 오전 삼척시 미로면 야산에서 발생한 산불이 밤새 번진 가운데 4일 날이 밝으면서 산불 진화 작업이 재개됐다.강원도 산불방지대책본부는 이날 오전 7시20분께 산림청 등 진화 헬기 15대와 진화인력 1천650여명을 삼척시 미로면 일대 산불 현장에 투입, 진화에 나섰다.전날 오전 11시43분께 발생한 산불은 한때 순간 최대 풍속 초속 17m의 강풍을 타고 동산리, 하거노리, 상거노리 등 5개 리로 빠르게 번졌으나 침엽수가 우거진데다 험난한 지형 탓에 불길을 잡는데 어려움을 겪었다.현재까지 피해 규모는 불이 시작된 민가와 창고 각 1채를 비롯해 임야 20여㏊가 잿더미로 변한 것으로 잠정 집계됐으나 피해규모는 더 늘어난 전망이다.진화대는 산불이 민가로 번지는 것을 막으려고 하거노리와 상거노리 40여 가구 주변에 소방차량을 전진 배치해 방화선을 구축하고 밤새 주택 지붕에 물을 뿌리는 등 만일의 사태에 대비했다.삼척 미로 산불(삼척=연합뉴스) 배연호 기자 = 3일 오전 강원 삼척시 미로면 상사전리에서 발생한 산불이 강풍을 타고 번지고 있다. 2010.12.3byh@yna.co.kr특히 불이 강원도 기념물 제43호로 지정된 준경묘(濬慶墓)와 영경묘(永慶墓) 주변의 아름드리 금강송까지 위협하자 방화선을 구축하는 등 산림 당국이 한때 바짝 긴장하기도 했다.그러나 다행히 밤사이 강풍이 잦아들면서 산불은 더 확대되지 않았고 진화 헬기도 정상 이륙해 진화작업을 벌이고 있다.또 산불을 피해 전날 마을회관 등 안전한 곳으로 대피한 50여가구 150여명의 주민들은 산불 확산에 대한 염려로 뜬눈으로 지새우며 불안한 밤을 보냈다.산림 당국 관계자는 ""날이 밝으면서 산림청 헬기 등이 대거 투입돼 불이 더는 확산하지는 않을 것""이라며 ""이날 오전 중 완전진화를 목표로 온 힘을 다하고 있다""고 말했다.이와 함께 4일 오전 0시50분께 강릉시 연곡면사무소 인근 야산에서도 산불이 나 진화작업을 펼친 끝에 임야 0.3㏊를 태우고 50분여 만에 꺼졌다.한편, 삼척을 비롯한 동해안과 산간지역 11개 시ㆍ군에는 건조주의보와 강풍주의보가 이틀째 이어지고 있어 산불 예방에 주의해야 한다.jlee@yna.co.kr<뉴스의 새 시대, 연합뉴스 Live><모바일 애플리케이션><포토 매거진><저작권자(c)연합뉴스. 무단전재-재배포금지.>"
50,2010-12-04,재계 떠오르는 '3세 경영'… 1968·70년생 경영전면에,https://news.naver.com/main/read.nhn?mode=LSD&mid=shm&sid1=101&oid=008&aid=0002440186,머니투데이,"[머니투데이 김태은 기자][이재용·정용진·정의선·이부진··· 글로벌 마인드 무장 신사업 진두지휘]3세 경영으로 주목받고 있는 이재용 삼성전자 사장, 이부진 호텔신라 사장, 정용진 신세계 부회장, 정의선 현대차 부회장(왼쪽부터).이재용 삼성전자 부사장과 이부진 호텔신라 전무가 각각 사장으로 승진함에 따라 재계의 '3세 경영'이 본격화했다. 전후(戰後) 고도성장기를 거쳐 글로벌 경쟁시대에 접어드는 산업구도 격변기에 '3세 경영자'들이 어떤 역할을 해낼지 주목된다.최근 재계에선 이재용 사장과 동년배의 3세 경영자들이 두각을 드러내기 시작했다. 특히 정용진 신세계 부회장, 박진원 두산인프라코어 전무와 박태원 두산건설 전무, 이우현 OCI 부사장 등은 68년생 동갑내기다. 3세 경영자는 아니지만 GS그룹 허용수 전무도 68년생이다. 70년생인 이부진 사장과는 정의선 현대차 부회장이 동갑내기다.재계는 특히 이재용 사장의 역할에 주목한다. 10년 넘게 반도체와 휴대전화 이후 새로운 먹을거리를 고민한 삼성이 바이오와 태양광산업 등을 신성장동력으로 선택한 시점과 맞물려 이 사장이 앞으로 신사업을 진두지휘할 것으로 예상된다.지난해 말 신세계의 그룹총괄 대표이사를 맡은 정용진 부회장은 1968년생 3세 경영인들 중 가장 먼저 경영 시험대에 올랐다. 취임과 함께 세계 최대 백화점인 '센텀시티' 오픈과 이마트의 중국 진출 등 굵직한 사업을 공격적으로 이끌고 있다. 인상적인 경영활동으로 어머니 이명희 회장의 그림자에서 빨리 벗어나고 있다는 평가다.LG그룹에서 분리된 후 주력사업의 변화를 모색하는 GS그룹은 허용수 GS홀딩스 전무의 역할이 눈에 띈다. 허 전무는 그동안 유통과 내수산업에 치우쳤던 GS그룹을 환골탈태시키기 위해 대우조선해양 인수 등 인수·합병(M&A) 전략을 이끌었다. GS그룹의 지주사인 (주)GS의 사업지원 전무를 맡은 후에는 해외시장 확대와 신사업 진출에 적극 나서고 있다.두산그룹의 박진원 전무와 박태원 전무는 계열사 CEO를 맡은 박정원 두산건설 회장과 박지원 두산중공업 사장에 비해 아직 직급은 낮지만 실질적으로 담당한 보직은 사장급으로 평가된다. 두산그룹의 정기인사 시기에 맞춰 내년 6월 부사장으로 승진할 가능성이 높은 것으로 점쳐진다.이우현 OCI 부사장은 태양광의 핵심소재인 폴리실리콘 제조업체로 세계 2위 OCI의 해외영업을 총괄하는 최고마케팅책임자(CMO)를 맡고 있다. 실제 이 부사장의 역할은 OCI를 비롯한 계열사 전체를 아울러 사업전략을 총괄하는 것으로 알려졌다.이들은 아버지 세대와는 구별되는 뚜렷한 특징을 지녔다. 이들이 태어난 1968년은 한국의 1인당 국민소득이 막 200달러를 돌파한 시기다. 이때부터 중화학산업과 수출산업을 집중 육성하며 눈부신 경제성장을 구가한 한국경제의 발전상을 피부로 체험한 세대다.개인적으로 풍족한 생활을 누리며 물질적 어려움 없이 자랐고 사업적으로 승승장구하는 아버지를 바라보며 자신감을 키웠다. 이들이 서른 즈음이 된 1997년에는 국민소득이 처음으로 1만 달러를 돌파하는 것을 지켜보며 선진국 진입을 눈앞에 두기도 했다.그만큼 아버지 세대보다 남의 시선을 의식하지 않고 개방적이며 자신을 알리는데 적극적인 성향을 갖고 있다. 최근 유행하는 소셜네트워크서비스(SNS)를 활용하는데도 거리낌이 없다. 경제적 풍요를 바탕으로 다양한 문화적 혜택을 누리며 성장해 음악 미술 등 예술에 대한 관심이 높은 편이며 이는 다양한 형태로 사업에 연결되고 있다.하지만 경영현장에선 고도성장기를 거쳐 글로벌 경쟁시대에 진입한 한국기업들의 치열한 생존게임을 직접 겪으며 혹독한 경영수업을 받아왔다. 아버지 세대가 경험하지 못한 새로운 도전에 직면하기도 했다. 1997년 외환위기를 겪으며 기업이 살아남기 위해 얼마나 혹독한 대가를 치러야 하는지를 경험했다. 그 과정에서 글로벌 시장에 눈떴으며 재무와 금융 쪽에도 상당한 관심을 갖고 있다.2차 베이비붐 세대로 치열한 입시경쟁 속에 명문대에 진학했고 해외 유학을 통해 글로벌 경쟁에도 익숙하다. 초등학교부터 대학원까지 학연과 인맥으로 단단한 결속을 만들어가고 있어 그들의 네트워킹이 새로운 재계 지도가 될 수도 있을 것으로 보인다.(증시파파라치)뉴스로 접할 수 없는 고급 증권정보 서비스[관련기사]☞삼성, 3세 경영 닻올렸다…이재용-이부진 사장 승진☞20년만에 사장 승진한 이재용은 누구☞""늘 언니가 먼저""…이부진 사장 승진, 이서현은…▶ (머니마켓) 성공투자의 지름길 '오늘의 추천주'▶ (머니마켓) 오늘의 증권정보 '상승포착! 특징주!'▶ (머니마켓) 24개월간 48만원 휴대폰요금 할인! ‘SK증권 통크게Save이벤트’김태은기자 taien@<저작권자 ⓒ '돈이 보이는 리얼타임 뉴스' 머니투데이, 무단전재 및 재배포 금지>"
51,2010-12-04,"""기후변화로 매년 100만명 숨질 수 있어""",https://news.naver.com/main/read.nhn?mode=LSD&mid=shm&sid1=104&oid=001&aid=0004802096,연합뉴스,"中, '교토의정서' 폐기 원하는 선진국 비난(멕시코시티=연합뉴스) 양정우 특파원 = 기후변화 영향으로 2030년까지 매년 100만명이 숨질 수 있다는 주장이 제기됐다.스페인 비정부기구(NGO) 다라(DARA)와 섬나라 국가 연대체 기후취약포럼(CVF)은 지난달 29일부터 멕시코 칸쿤에서 열리는 '제16차 유엔기후변화협약(UNFCCC) 당사국 총회'에 낸 보고서에서 이같이 예상하며 기후변화에 따른 경제 피해액을 1천570억달러로 추정했다고 3일 AFP통신이 전했다.보고서는 50개 이상의 빈곤국이 최악의 불행한 상황에 놓일 수 있다며 미국은 가장 많은 경제적 대가를 치르게 될 것이라고 경고했다.보고서는 ""향후 20년 안에 전 세계 모든 국가가 지구온난화에 따른 기후영향에 취약하다는 것을 깨닫게 될 것""이라며 ""인도 등 최빈국이 중대한 노출에 직면할 것""이라고 주장했다.보고서를 낸 두 단체는 이날 기자회견 보도자료에서 경제 피해 예상액의 절반 이상이 미국과 일본, 독일 같은 산업선진국에서 발생할 것이라며 이들 국가의 국내총생산(GDP) 감소를 전망했다.영국 싱크탱크인 환경개발국제연구소(IIED)의 살리물 우크는 이 연구결과는 기후변화에 맞서 당장 방어체계를 구축해야 할 필요성을 제대로 보여준다며 ""우리는 지구와 인류의 생존에서 매우 취약한 국면에 접어들었다""고 말했다.한편 이날 총회에서 중국은 일부 국가가 교토의정서를 죽이려 하고 있다고 비난하면서 일본과 미국 등 선진국들을 겨냥했다.황후이캉 중국 특별대표는 ""몇몇 나라가 여전히 교토의정서를 좋아하지 않는다""며 ""이들 국가는 심지어 교토의정서를 죽이고, 이를 끝장내고자 한다""면서 ""이는 매우 우려스러운 움직임""이라고 비난했다.그러면서 2012년 말 만료되는 교토의정서가 계속 존재할지에 대한 의문은 이번 총회 협상에서 큰 걸림돌이라고 지적했다.선진국은 교통의정서 이후 개발도상국의 감축의무를 포함한 새 의정서를 체결하자고 주장하는 반면 개도국은 교토의정서를 유지한 채 개도국에 대한 조치를 담은 의정서를 별도로 추가하자는 입장으로 맞서왔다.1997년 합의된 교토의정서는 선진국들이 2008∼2012년 온실가스 배출량을 1990년 대비 평균 5.2% 줄이도록 규정하고 있으며 미국은 이를 비준하지 않았다.eddie@yna.co.kr<뉴스의 새 시대, 연합뉴스 Live><모바일 애플리케이션><포토 매거진><저작권자(c)연합뉴스. 무단전재-재배포금지.>"
52,2010-12-04,편가르기 법칙...당신은 데덴찌파? 젠디파?,https://news.naver.com/main/read.nhn?mode=LSD&mid=shm&sid1=102&oid=112&aid=0002149916,헤럴드POP,"<김상수 기자 @sangskim>대학교 신입생으로 입학한 김모(20ㆍ부산출신) 씨는 우연히 친구들과 편가르기를 하다 깜짝 놀랐다. 모인 동기들이 출신 지역마다 모두 다른 말을 외치는 것. 부산 지역에선 ‘젠디’라고 외치지만 ‘데덴찌’, ‘땅 하늘’, ‘뗀찜뽕’ 등 외계어 같은 말이 난무했다. 김씨는 “지역마다 외국처럼 모두 다른게 신기하면서도 재밌다고”고 웃으며 말했다.동네 놀이마다 빠지지 않은 과정, ‘편가르기’의 지역별 용어를 ‘총망라’한 ‘편가르기지도’가 인터넷 게시판에서 인기를 끌고 있다. 누가 이를 모두 모았을까 했을 만큼 전국적으로 편 가르기 용어는 방대하면서도 다양하다. 누리꾼들도 어린시절 향수를 떠올리며 재밌다는 반응을 쏟아내고 있다.편가르기 지도에 따르면, 서울은 당연 ‘데덴찌’가 압도적이다. 경기도 지역만 나가도 용어는 조금씩 바뀐다. ‘졸려도 모른다’, ‘엎어라 뒤집어라’, ‘앞뒤’ 등 경기도 내에서도 시마다 조금씩 차이를 보이고 있다.충청권에선 청주가 ‘앞쳐 뒤쳐’, 대전 ‘우에시다리’ 등이 눈에 띄며 전라도로 내려가면 ‘쓰마치내놓기’, ‘때때로 때’ 등으로 변모하며 경상권에선 부산의 ‘젠디’를 비롯해 ‘탄탄비’, ‘뗀찜뽕’ 등이 쓰이고 있다.누리꾼의 반응도 폭발적이다. 다양한 용어에 놀라는 누리꾼부터 출신지역이지만 처음 듣는 말이라는 반응까지 다양한 반응을 쏟아내고 있다. 한 누리꾼은 ‘전국 지도를 누가 만들었는지 몰라도 참 대단한 사람’이라고 혀를 내둘렀고, 또 다른 누리꾼은 ‘내가 나온 지역이지만 전혀 생소한 말이 써 있는 걸 보니 역시 정확히 맞추긴 어려운 모양’이라고 적기도 했다.dlcw@heraldm.com☞[소셜커머스] “열선도 전자파도 없다 ” … 전기장판의 ‘종결자’ 나왔다- 헤럴드 생생뉴스 Copyrights ⓒ 헤럴드경제 & heraldbiz.com, 무단 전재 및 재배포 금지 -"
53,2010-12-04,한미FTA 車관세철폐 시한 5년 유예 <AP통신>,https://news.naver.com/main/read.nhn?mode=LSD&mid=shm&sid1=101&oid=001&aid=0004802054,연합뉴스,"미국차 안전기준 자가인증 허용 2만5천대로 확대(워싱턴=연합뉴스) 박상현 특파원 김병수 기자= 한.미간 자유무역협정(FTA) 추가협상에서 한국 승용차에 대해 미국측이 물리는 2.5%의 관세철폐 시한을 5년으로 연장키로 합의한 것으로 전해졌다.또 한국으로 수출되는 미국산 자동차에 대해 미국내 안전기준 통과 차량의 자가인증을 허용범위를 연간 판매대수 6천500대에서 2만5천대로 상향 조정키로 한 것으로 알려졌다.3일 AP통신은 익명의 미 통상소식통을 인용, 이같이 보도했다.2007년 4월 체결된 한미FTA 본문에는 미국측이 3천cc 이하 한국산 승용차에 대해서는 협정 발효와 함께 2.5%의 관세를 즉시 철폐하고 3천cc 초과 승용차에 대해서는 2.5% 관세를 3년내 철폐하기로 돼 있다.그러나 이번 협상에서는 관세철폐 기간을 5년으로 일괄 연장한다는데 합의한 것으로 전해졌다.또 기존 협정에는 연간 판매대수 6천500대에 한해 미국내 안전기준을 통과한 차량에 한해 자가인증을 적용키로 했으나 이번 협상을 통해 자가인증 대수를 2만5천대로 끌어올렸다.론 커크 미 무역대표부(USTR) 대표는 협상을 마무리한 후 ""실질적인 진전을 이뤘으며 이제 양국 지도자들이 이를 검토할 것""이라는 내용의 짤막한 성명을 발표했다.한.미 양측은 협상 내용을 각각 양국 정부에 보고한 후 별도의 시점을 정해 구체적인 합의내용을 발표할 예정이다.shpark@yna.co.krbingsoo@yna.co.kr<뉴스의 새 시대, 연합뉴스 Live><모바일 애플리케이션><포토 매거진><저작권자(c)연합뉴스. 무단전재-재배포금지.>"
54,2010-12-04,안동 구제역 17곳으로 늘어(종합4보),https://news.naver.com/main/read.nhn?mode=LSD&mid=shm&sid1=100&oid=001&aid=0004802014,연합뉴스,"밤낮없는 구제역 방역초소    (안동=연합뉴스) 손대성 기자 = 2일 밤 구제역 방역 초소가 설치된 중앙고속도로 남안동 IC 입구에서 방역요원들이 근무에 나서고 있다.2010.12.2    sds123@yna.co.kr청송은 음성판정..타지역으론 아직 확산안된듯양.염소는 구제역 음성...전체 구제역 신고는 33건매몰가축 179농가.5만8천여두로 늘어나구멍난 방역(안동=연합뉴스) 이재혁 기자 = 2일 구제역 양성판정이 난 경북 안동시 와룡면 라소리의 한우 축사안에서 방역요원들이 소독장비를 옮기고 있다. 그러나 방역복을 착용하지 않은 인부들까지 아무런 방역조치 없이 축사를 드나드는 장면이 목격돼 구제역 확산방지 조치의 허술함이 드러났다. 2010.12.2yij@yna.co.kr(서울=연합뉴스) 이강원 기자 = 경북 안동 구제역 발생지역이 모두 17곳으로 늘어났다.국내에서 처음으로 구제역 의심신고가 접수된 안동의 양과 염소는 구제역이 아닌 것으로 판정됐다.농림수산식품부는 3일 ""경북 안동 지역에서 최근 의심신고로 접수된 9건에 대한 검사 결과, 한 곳을 제외하고는 모두 양성으로 판정됐다""면서 ""이로써 지난 29일 안동에서 구제역이 처음 발생한 이후 모두 17곳으로 늘어났다""고 밝혔다.지금까지 모두 33건의 구제역 의심신고가 접수돼 이 가운데 17곳은 구제역으로, 4건은 음성으로 판정됐고, 나머지 12건은 빠르면 4일 오전부터 검사 결과가 나올 예정이다.안동은 방역중(안동=연합뉴스) 이재혁 기자 = 2일 구제역이 확산되는 가운데 경북 안동시 와룡면의 도로에서 통행차량에 대한 소독작업이 진행되고 있다. 2010.12.2yij@yna.co.kr특히 구제역 1차 발생지로부터 50여km를 벗어나 관심을 모았던 경북 청송 한우농가의 구제역 의심 신고는 음성으로 판정돼 정부 당국과 경북도 등 지자체는 일단 한숨 돌리게 됐다.안동에서 발생한 구제역 17건이 경계지역(1차 발생지로부터 10km 이내) 이내로 한정돼 현재까지는 안동 이외 지역으로는 확산되지 않은 것으로 판단되기 때문이다.하지만 구제역 바이러스의 잠복기가 1∼2주 정도여서 향후 10일 정도 지켜볼 필요가 있는데다, 안동 지역에서 지난달 29일 이후 닷새만에 무려 17건이 구제역으로 확정된 터여서 방역에 실패하면 이번 구제역이 인근 지역으로 확산될 가능성도 배제할 수 없다.다만 지난 2일 안동시 옥동의 한 농가에서 국내에선 처음으로 접수된 양과 염소의 구제역 의심 신고가 음성으로 판정됨에 따라 이번 구제역이 아직까지는 다른 가축에까지 퍼지지는 않은 것으로 판단된다.유정복 장관 구제역 방역현장점검   (서울=연합뉴스) 유정복 농림수산식품부 장관이 2일 경북도청을 방문해 관계자들로부터 구제역 발생 상황 및 방역 대책을 보고 받고 있다. 2010.12.2    photo@yna.co.kr농식품부 관계자는 ""청송 지역이 구제역에서 제외된 것은 다행""이라며 ""이번 주말을 고비로 의심신고는 계속 접수될 가능성이 크며, 내주 이후 의심신고 건수가 어떤 추세를 보이느냐가 관건""이라고 강조했다.이번 구제역으로 매몰대상 가축 수는 3일 낮 현재 179농가, 5만8천521두로 크게 늘어나 국내 대표적 한우산지인 안동 지역 축산농가들의 피해가 커지고 있다. 이에 따라 농식품부는 살처분 보상금 146억원, 긴급방역비 24억원, 축산농가 생계안정비 5억원 등을 긴급지원했다.농식품부는 이날 정 승 2차관을 반장을 하는 방역추진실태점검반을 구성, 구제역이 발생하지 않은 인접 시.도에 대한 방역상황과 공.항만에 대한 검역실태를 집중 점검하는 등 구제역 확산 차단에 총력을 기울이기로 했다.이에 따라 안동은 물론 인근 의성, 보령 지역에까지 방역이 강화됐으며, 지난 1일부터 전국의 가축시장 85곳을 모두 폐쇄했다. 또 경북 안동 지역에 이동통제 초소 79곳을 설치한 것을 비롯해 강원 3곳, 충북 8곳, 충남 2곳, 경남 22곳 등에 초소를 설치, 구제역이 확산되는 것을 막고 있다.<그래픽> 경북 안동 구제역 발생 현황(종합)    (서울=연합뉴스) 김토일 기자 = 농림수산식품부는 3일 ""경북 안동 지역에서 최근 의심신고로 접수된 9건에 대한 검사 결과, 한 곳을 제외하고는 모두 양성으로 판정됐다""면서 ""이로써 지난 29일 안동에서 구제역이 처음 발생한 이후 모두 17곳으로 늘어났다""고 밝혔다.    kmtoil@yna.co.kr    @yonhap_graphics(트위터)안동 구제역으로 우리나라가 지난 9월 다시 획득한 구제역 청정국 지위가 박탈됐다. 이에 따라 청정국 지위 획득 이후 재개됐던 국내 축산물의 해외수출길도 다시 막히게 됐다.gija007@yna.co.kr[관련기사]▶ 안동 구제역 발생 5일째..의심신고 쏟아져(종합)▶ 베트남 다녀온 안동 축산인 2명 더 있어<뉴스의 새 시대, 연합뉴스 Live><모바일 애플리케이션><포토 매거진><저작권자(c)연합뉴스. 무단전재-재배포금지.>"
55,2010-12-04,`그랜저 검사' 수사 지휘라인 감찰 이뤄질까,https://news.naver.com/main/read.nhn?mode=LSD&mid=shm&sid1=102&oid=001&aid=0004801789,연합뉴스,"대검 감찰본부 부실수사 논란 조사 여부 주목(서울=연합뉴스) 나확진 기자 = 검찰 역사상 처음 임명된 특임검사가 이른바 `그랜저 검사' 의혹을 재수사한 지 18일만에 정모 전 부장검사에 대해 구속영장을 청구하기로 함에 따라 당초 이 사건을 무혐의 처리했던 수사라인을 문책할지 주목된다.서울중앙지검이 맡았던 그랜저 검사 수사가 미진했음을 특임검사가 확인했기 때문이다.중앙지검 형사1부는 지난 7월 ""그랜저 대금은 차용관계로 판단되고 대가성이 인정되지 않으며 후배검사에게 사건과 관련해 얘기한 사실이 없다""며 정 전 부장 등을 무혐의 처분했다.노환균 서울중앙지검장도 무혐의 처분 결정에 아무런 문제가 없다며 `제 식구 감싸기'를 하는 듯한 발언을 했다.지난 10월 국정감사에서 ""정 전 부장이 고발된 사실을 알지 못한 상태에서 차용 대금을 변제한 것으로 봤기 때문에 기소하면 유죄가 어렵다고 판단했다""며 국회의원들의 재수사 요구를 일축한 것이다.그러나 특임검사의 재수사 결과 정 전 부장이 차량 대금 등을 사건 청탁의 대가로 받은 사실이 드러난 만큼 사실상 기존 수사팀의 판단이 잘못됐다는 결론이 난 셈이다.종전 수사팀의 수사가 부실했던 것으로 드러난 만큼 지휘라인의 판단에 잘못이 없었는지, 의도적으로 불법 혐의를 덮은 것이 아닌지 등을 규명해야 한다는 여론이 높아질 것으로 보인다.검찰은 이 부분을 명확하게 규명해야 `부실수사' 논란에서 벗어날 수 있다는 점에서 대검 감찰본부의 감찰조사가 불가피해진 형국이다.강 특임검사는 ""재수사하면서 종전 수사팀의 잘못은 딱히 보이지 않았다""고 말했지만 ""일반적으로 종전 수사와 재수사의 결과가 다를 때 수사팀의 잘못이 있었는지는 대검 감찰본부에서 검토할 문제다""며 감찰 조사 가능성을 배제하지 않았다.검찰에서는 재수사 결과의 의미를 확대하여 해석하는 것을 경계하는 견해도 있다.수사가 미진했을 때 항고 등의 절차를 거쳐 재수사 명령이 내려지고 이후 불기소 결정을 뒤집어 기소하는 사례가 흔하므로 이번 특임검사의 결정도 그러한 것 중의 하나로 봐야 한다는 것이다.강 특임검사 역시 ""종전 사건은 수백 건의 사건을 처리하는 형사부에서 이뤄져 자금추적 등에서 미진한 부분이 있을 수 있다""며 ""재수사 결과는 특수부 검사들이 이 사건 하나에만 집중적으로 매달려 내놓은 것이라서 다를 수 있다""고 말했다.검찰은 이번 재수사를 통해 `자정능력'을 보임으로써 그동안 제기됐던 검찰 수사의 공정성 시비나 고위공직자비리수사처 도입과 특별검사제 상설화 요구 등 여러 `외풍'이 약해지기를 기대하고 있다.`스폰서 검사' 의혹은 검찰 외부의 특별검사가 수사했음에도 핵심 의혹의 상당 부분에서 무혐의 결정이 났지만, 검찰이 스스로 도입한 특임검사는 첫 수사에서 소기의 성과를 거둔 만큼 검찰 견제 여론이 잦아들 것이라는 바람이다.대검의 한 관계자는 ""검찰이 적절한 수단을 동원해 효율적으로 재수사를 했고 추가 혐의까지 밝혀냄으로써 개혁의지의 진정성을 보였다고 본다""고 자평했다.하지만 `스폰서 검사' 사건 등 여러 악재가 겹치면서 수사 역량과 자정 능력을 의심받았던 검찰이 이번 재수사를 통해 신뢰를 회복하고 핵심 수사기구의 위상을 회복할 수 있을지는 검찰의 향후 자정 노력에 따라 판가름날 것으로 전망된다.대검 감찰본부가 그랜저 검사 수사 지휘체계의 부실 또는 불법 여부를 신속하게 규명해 문제가 발견된 검찰 간부를 징계하거나 처벌한다면 비난 여론이 우호적으로 반전될 수 있기 때문이다.rao@yna.co.kr<뉴스의 새 시대, 연합뉴스 Live><모바일 애플리케이션><포토 매거진><저작권자(c)연합뉴스. 무단전재-재배포금지.>"
56,2010-12-04,불국사 석가탑 전면 해체보수 불가피할 듯,https://news.naver.com/main/read.nhn?mode=LSD&mid=shm&sid1=103&oid=001&aid=0004801640,연합뉴스,"석가탑 기단석 균열""석탑 기단부 균열 보수하려면 전면 해체밖에 없어""(서울=연합뉴스) 김태식 기자 = 국보 21호인 불국사 삼층석탑(석가탑)의 기단석에서 균열이 발생함에 따라 40여년 만에 전면 해체보수될 것으로 보인다.국립문화재연구소는 이번 균열 원인이 아직 정확하지는 않지만 ""석탑이 조성된 후 1천200여 년이 지나면서 석재의 재질이 약화하고 1층 탑신에 의한 하중과 함께 그동안 환경변화에 따른 석재의 신축팽창이 반복적으로 진행되어 이에 따라 노후화하고 풍화한 부재가 균열된 것으로 보인다""고 3일 말했다.그러면서 연구소는 다음 주중 관계 전문가가 참여하는 현지조사를 실시해 균열 원인을 분석하고 대책을 마련하기로 했다고 덧붙였다.하지만 연구소는 물론이고 다른 고건축 전문가들 역시 무엇보다 길이 1.32m, 최대폭 5mm 규모인 균열이 발생한 부위가 석탑 상부가 아니라, 탑 전체를 떠받치는 역할을 하는 기단석 중 상층기단 갑석(甲石) 부위라는 점에서 전면 해체하는 방법 외에 뾰족한 수리 방법이 없을 것으로 전망했다.신원을 밝히지 말아 달라고 요구한 한 고건축 전문가는 ""목탑이라면 사정이 달라지겠지만, 석탑 보수에서는 기단부에서 발생한 균열을 바로잡기 위해서는 전면 해체보수밖에 없다""고 말했다.이에 따라 석가탑은 1966년 도굴 피해에 따른 해체 보수 이래 40여년 만에 다시금 수술대에 오를 전망이다.그동안 석가탑은 기단석 석재 사이가 벌어지고 그 안을 채운 흙과 돌(積心)이 빗물 등에 씻겨나가 텅 비는 현상 등이 발견돼 해체 보수 여부를 둘러싼 공방이 끊이지 않았다.또 다른 고건축학자는 ""고대 석탑에 자꾸만 손을 대는 것이 좋은 일만이 아닌 것은 분명하다""면서도 ""석가탑 또한 이런 공방 때문에 좀 더 일찍 손을 쓰지 못하게 된 것이 안타깝다""고 말했다.이런 공방 과정에서 그 반대편 쌍둥이 탑인 다보탑이 부분 해체 과정을 거쳐 지난해 수리 보수가 끝난 데 비해 석가탑은 훼손 진행 정도를 보아 추후 보수 여부를 결정한다는 방침 아래 그동안 이를 위한 모니터링 작업이 진행됐다.석가탑은 신라 경덕왕 때 김대성이 불국사와 함께 완공한 이래 단 한 번도 손을 대지 않은 순수 통일신라시대 탑으로 알려졌지만, 1966년 전면 해체 수리 보수 당시 사리공(사리를 안치한 공간)에서 수습한 묵서지편(墨書紙片. 종이뭉치)에서 고려 초기 현종 시대에 전면 해체 보수를 했다는 기록이 발견됨으로써 기존 견해가 잘못됐다는 사실이 밝혀지기도 했다.http://blog.yonhapnews.co.kr/ts1406/taeshik@yna.co.kr<뉴스의 새 시대, 연합뉴스 Live><모바일 애플리케이션><포토 매거진><저작권자(c)연합뉴스. 무단전재-재배포금지.>"
57,2010-12-04,베테랑 구조대원들의 안타까운 순직,https://news.naver.com/main/read.nhn?mode=LSD&mid=shm&sid1=102&oid=001&aid=0004801823,연합뉴스,"수색작업 벌이는 수난구조대    (서울=연합뉴스) 신준희 인턴기자 = 3일 오전 잠실대교 남단 아래 한강에서 구조용 보트가 뒤집혀 실종자를 찾기 위해 서울 광진소방서 수난구조대가 수색 작업을 벌이고 있다. 실종된 장복수(42) 소방장은 오전 11시 28분경 구조대원에 의해 발견돼 병원으로 후송됐다. 2010.12.3    sjoonhee@yna.co.kr경력 10년 넘지만 뒤집힌 보트 선실서 못빠져 나와""어릴적부터 항해사 꿈꿔""…부대장은 각막 기증(서울=연합뉴스) 김계연 기자 = 3일 오전 한강에서 시신 인양 작업을 하다 순직한 두 소방관은 10년 이상 일한 베테랑 구조대원이었지만 선실에 갇힌 채 사납게 밀려든 물살에 목숨을 잃었다.소방당국은 건국대병원에 두 대원의 합동분향소를 마련하고 장례를 광진소방서장으로 치러 안타까운 희생에 예우를 갖추기로 했다.◇선실 안에 있던 구조대원들 희생 = 사고 당시 보트에 타고 있던 5명 가운데 순직한 고(故) 장복수(42) 소방장과 권용각(39) 소방교는 구조대원들이 '하우스'라고 부르는 선실 안에 있었다.무게 1.98t에 최대 42노트의 속력을 내는 이 구조용 보트는 앞 부분 절반이 항해와 구조작업 지휘를 위한 선실이어서 뒤쪽에 있는 출입문 한 개를 제외하면 세 면이 모두 막혀있다.보트가 전복될 당시 항해 특기인 권 소방교는 키를 쥐고 있었고 광진소방서 수난구조대 부대장인 장 소방장은 무전기를 들고 상황실과 연락을 취하며 작업을 지휘하고 있었다.후송되는 장복수 소방장    (서울=연합뉴스) 신준희 인턴기자 = 3일 오전 잠실대교 남단 아래 한강에서 구조용 보트가 뒤집혀 실종됐던 서울 광진소방서 수난구조대 장복수(42) 소방장이 11시 28분께 구조돼 병원으로 급히 후송되고 있다. 2010.12.3    sjoonhee@yna.co.kr구조대는 잠실대교 남단 둔치 앞 강물에 떠있는 변사체를 발견하고 인양하다 보트가 암초에 걸렸고 보트를 후진해 암초에서 빠져나오려는 순간 강한 바람과 거센 물결이 들이닥쳐 보트가 뒤집혔다.선실 밖에 있던 구조대원 3명은 자력으로 강을 빠져나왔지만 순직한 두 대원은 선실로 갑자기 밀려들어오는 차가운 강물을 이겨낼 수 없었다.소방당국은 사고가 난 지 1시간여 만에 선실 안에서 권 소방교를 구조했고 또 1시간여 지나 사고 지점에서 30~40ｍ가량 떨어진 곳에서 장 소방장을 발견했지만 두 사람 모두 몸이 차갑게 식은 뒤였다.소방당국은 장 소방장이 뒤집힌 보트의 선실에서 탈출하는 데는 성공했지만 차갑고 거센 물살 때문에 수면 위로 나오기 전에 의식을 잃은 것으로 보고 있다.수난구조대 관계자는 ""갈수기여서 수심이 낮아 암초에 걸린 것으로 보인다. 보트가 전복되고서 강 가운데 쪽으로 밀려들어간데다 찬 강물이 선실 안으로 갑자기 들어와 무척 당황했을 것""이라고 말했다.◇""어릴 때부터 항해사 꿈꿨는데…"" = 순직한 권 소방교는 광진소방서 수난구조대 창설과 함께 구조 업무에 투신해 줄곧 보트와 구조선의 키를 잡은 베테랑 항해사다.어릴 때부터 항해사를 꿈꿔 대학 졸업 후 원양어선을 5년 동안 탔던 그는 1998년 2월 수난구조대가 생기면서 항해 특기로 소방에 입문했고 본서에 근무한 1년가량을 제외하고 10년 이상을 수난구조대에서 일했다.형 용석(45)씨는 ""얼마전 3교대로 바뀌기 전까지 24시간 맞교대로 근무하면서 몸이 힘들다고 했다. 그러면서도 근무에 지장이 있다며 술도 거의 안하는 착실한 애였다""며 눈물을 글썽였다.<그래픽> 한강 구조대 보트 전복사고    (서울=연합뉴스) 김토일 기자 = 3일 오전 9시14분께 잠실대교 남단 아래 한강에서 서울 광진소방서 수난구조대의 1.98t급 구조용 보트가 뒤집혀 구조대원 장복수(42) 소방장과 권용각(39) 소방교가 숨졌다.    kmtoil@yna.co.kr    @yonhap_graphics(트위터)광진수난구조대 첫 대장으로 2년 동안 그와 함께 일했던 고정호 소방경은 ""말수가 적고 성실한 성격이어서 윗사람이 잘못을 지적해도 기분 나빠 하지 않고 직원들과 잘 지냈다. 한강 바닥 지형을 속속들이 아는 베테랑 항해사인데 어쩌다 사고를 당했는지 이해가 안된다""며 안타까워했다.1995년부터 구조대원으로 일하면서 '광진수난구조대 3대'를 진두지휘했던 장 소방장은 부인과 초등학생 두 딸을 남겨두고 떠나면서 자신의 각막을 기증하기로 해 주위를 숙연케했다.동서인 이완규(42)씨는 ""G20 행사 때 엄청 고생하면서도 항상 즐겁게 일했다. 생각이 긍정적이고 참 착한 사람이다""라며 ""평소 세상을 떠나면 어려운 환자를 위해 장기를 기증해달라고 말해 각막 기증 절차를 밟고 있다""고 전했다.tele@yna.co.kr[관련기사]▶ 한강서 구조대 보트 전복…2명 사망(종합2보)▶ 올해 한강 자살시도 232명…대책은 `밍기적'▶ <사람들> 구조현장 누비는 부부 소방관<뉴스의 새 시대, 연합뉴스 Live><모바일 애플리케이션><포토 매거진><저작권자(c)연합뉴스. 무단전재-재배포금지.>"
58,2010-12-04,중학교 1학년 한 반 20명 니스 흡입 '충격',https://news.naver.com/main/read.nhn?mode=LSD&mid=shm&sid1=102&oid=001&aid=0004801862,연합뉴스,"유해물질 관리, 학생지도 허점 드러내(광주=연합뉴스) 손상원 기자 = 니스를 상습적으로 흡입한 중학교 1학년 학생들이 무더기로 적발돼 충격을 주고 있다.이들은 교내에서 니스를 흡입하고 환각상태에서 수업까지 받은 것으로 알려져 유해물질 관리와 생활지도의 허점이 드러났다는 지적을 받고 있다.광주 모 중학교 1학년 김모(13)군 등이 처음 니스를 흡입한 것은 지난 8월.""정신이 몽롱해지면서 기분이 좋아진다""는 이야기를 들은 학생들은 호기심에 하나 둘 몰려들기 시작했다.몇 달 새 같은 반에만 여학생 2명을 포함해 20명의 학생이 니스를 흡입한 것으로 조사됐다.초등학교를 졸업한 지 얼마 되지도 않은 어린 학생들은 낯선 환각의 체험에 쉽게 빠져들었고 쉬는 시간 교내 화장실 등에 삼삼오오 몰려가 니스를 흡입할 만큼 횟수도 늘었다.김군 등은 ""미술 시간에 쓴다""며 몇 백원을 내고 문구점에서 손쉽게 니스를 구해다 흡입했고, 심지어 곧바로 환각상태에서 수업을 듣기도 했지만 적발되지 않은 것으로 알려졌다.니스의 환각효과는 본드 등에 비해 약하지만, 가볍게 여길 정도는 아니라는 것이 전문가들의 견해다.실제 경남 김해에서는 지난 7월 5일 밤 고교 1학년 학생이 니스를 흡입하다가 아파트에서 추락해 숨졌으며 지난 5월 12일에는 경남 마산에서 초등학생이 니스가 들어 있는 비닐봉지를 얼굴에 쓰고 숨진 채 발견되기도 했다.이밖에도 어린 학생들이 환각상태에서 성범죄를 저지르는 사례도 종종 발생하고 있다고 경찰은 밝혔다.이처럼 상황이 심각한데도 학교 측은 니스를 흡입하는 사실을 확인하고도 자체적으로 해결하려다 사태를 키운 것으로 드러났다.이 학교 교사는 지난달 4일 화장실에서 니스를 흡입하는 학생 6명을 적발해 관할 자치단체 보건소 에서 상담 및 재발방지 교육 등을 받도록 했지만, 이후에도 다른 학생들의 흡입은 계속됐다.학생들은 지난달 24일 한 상가 계단에서 여학생 등 2명이 니스를 흡입한 것을 본 주민에게 적발돼 결국 경찰 조사를 받게 됐다.경찰은 이 학교 다른 반뿐 아니라 다른 학교에서도 니스를 흡입하는 학생들이 더 있을 것으로 보고 수사를 확대할 방침이다.sangwon700@yna.co.kr<뉴스의 새 시대, 연합뉴스 Live><모바일 애플리케이션><포토 매거진><저작권자(c)연합뉴스. 무단전재-재배포금지.>"
59,2010-12-04,"국방위, 김관진 내정자 청문보고서 채택",https://news.naver.com/main/read.nhn?mode=LSD&mid=shm&sid1=100&oid=003&aid=0003570971,뉴시스,"【서울=뉴시스】박정규 기자 = 김관진 국방부 장관 내정자에 대한 청문보고서가 여야 간에 별다른 이의 없이 3일 채택됐다.국회 국방위원회는 이날 전체회의에서 열린 인사청문회 뒤 김 내정자에 대한 청문보고서를 채택하기로 의결했다.이날 인사청문회에서는 김 내정자의 대북 대응태세 및 주적관 등에 대한 질의가 주로 이어졌다. 아울러 일부 의원들은 전시작전통제권 전환 연기에 대한 김 내정자의 견해 및 건강보험 피부양자 자격 가입 등에 대해 문제를 제기했지만, 청문보고서는 여야 의원들 간에 큰 이견 없이 채택됐다.국방위는 청문보고서에서 종합의견을 통해 ""후보자는 향후 북한의 명백한 무력공격에 대해서는 자위권 차원에서 신속하고 단호하게 대처하겠으며, 이를 위해서는 사전에 철저히 대비하겠다는 의지를 천명하고 있음을 긍정적으로 봤다""며 ""국방개혁 등 정책현안에 대해 국무위원으로서 소신과 비전을 갖고 있다고 평가했다""고 밝혔다.다만 ""국방개혁의 방향에 대해 명확하게 제시하지 못하고 있으며 3군 균형발전방안이 체계적이지 못하다""며 ""군인 신분을 떠나 군사관련 분야 모든 사항에 정무적 판단을 해야 함에도 너무 경직되고 편향된 사고를 갖고 있다는 의견이 있었다""는 지적도 포함됐다.아울러 자녀들의 소득 증가와 관련한 증여세 탈루 의혹 및 건강보험료 미납 의혹 등에 대한 지적도 보고서에 담겼다.pjk76@newsis.com[뉴시스 이시간 핫 뉴스]ㆍ ´전쟁 개시자´ 한국 떠났다…네티즌 ´환호´ㆍ 소설 대물<17>""바지에 쌀래? 아니면 눈딱감고…""ㆍ 니스 흡입 중학생들 집단 입건…환각상태서 수업 ´충격´ㆍ ""119는 ´일일이 구한다´의 줄임말이라던 친구가…"" 순직 소방관 안타까운 사연ㆍ 뉴라이프론, 서민대출시장의 대안 될까ㆍ 박칼린 가창력 폭발 ´아름다운 널´ㆍ 개그맨 정형돈 발목 부상 6주 진단ㆍ ´무결점´ 미스코리아 김주리, 웃기기까지…★ 손 안에서 보는 세상, 모바일 뉴시스<저작권자ⓒ '한국언론 뉴스허브' 뉴시스통신사. 무단전재-재배포 금지.>"
60,2010-12-04,삼성 3세 경영 전면에…이재용-이부진 역학관계 ‘주목’,https://news.naver.com/main/read.nhn?mode=LSD&mid=shm&sid1=105&oid=028&aid=0002071454,한겨레,"[한겨레]이재용-이부진 사장 동반 승진이부진, 부사장 건너뛰고 두단계 승진 ‘파격’재계, 후계1순위 이재용에 긴장감 의도 해석최도석·김인 등도 퇴진…사장단 10% 물갈이이건희 삼성전자 회장의 외아들인 이재용(42) 삼성전자 부사장과 장녀 이부진(40) 호텔신라 전무 겸 삼성에버랜드 전무가 삼성 사장단 인사에서 나란히 사장으로 승진했다. 차녀인 이서현 제일기획 전무 겸 제일모직 전무도 다음주에 발표 예정인 삼성 임원인사에서 부사장으로 승진이 유력하다. 삼성 오너가족의 3세들이 성큼 그룹 전면에 나서는 셈이다.삼성그룹은 3일 각 계열사 사장단 인사를 단행했다. 인사 규모는 애초 예상과 달리 사장 승진자는 9명에 그쳤다. 60여명에 이르는 삼성그룹 사장 중 10% 정도가 바뀐 수준이다. 20여명이 교체된 2008년 말 사장단 인사에 견주면 오히려 규모 자체는 더 줄어들었다고 볼 수 있다. 부회장 승진은 최지성 삼성전자 대표이사 총괄사장과 강호문 삼성모바일디스플레이 대표이사 사장 등 두 명이다. 이번 사장단 인사의 초점이 ‘파괴적 혁신’보다는 ‘안정적 개혁’에 있는 셈이다.이번 인사의 고갱이는 이재용 부사장과 이부진 전무의 전진배치다. 특히 이 전무는 부사장을 건너뛰고 호텔신라 대표이사 사장에 올랐다. 삼성에버랜드 경영전략부문 사장과 삼성물산 상사부문 고문도 겸직해, 그룹 경영에도 관여할 수 있는 통로를 확보했다. 이 회장이 최근 여러차례 연말 인사 방향으로 강조한 ‘젊은 조직론’도 이재용·이부진 남매 동반 승진을 겨냥한 것이었다.재계에선 이부진 전무의 두 단계 승진을 삼성의 경영승계 구도와 연결짓는 시각이 많다. 이 회장이 이 전무에게 크게 힘을 실어주면서, 그룹 회장 승계 1순위로 여겨졌던 이재용 부사장에게 긴장감을 불어넣었다는 것이다. 이 전무가 맡은 삼성에버랜드가 삼성그룹 순환출자 구조에서 사실상 지주회사 기능을 하고, 삼성물산 상사부문이 그룹의 모태 회사라는 점도 예사롭지 않다.하지만 삼성은 이런 시각을 부담스러워한다. 이인용 삼성그룹 커뮤니케이션팀장(부사장)은 삼성 3세의 전진배치에 대해 “성과주의를 반영한 인사”라며 원칙론을 꺼냈다. 이 팀장은 또 이 전무가 삼성물산 상사부문 고문까지 겸임하게 된 것에 대해서도, “호텔 신라의 면세점 사업과 삼성물산 상사부문의 글로벌 유통 사업 간의 시너지를 기대했기 때문”이라고만 말했다. 아무튼 이번 인사로 삼성그룹 경영 전반에 걸쳐 3세들의 목소리가 커질 것은 분명하다. 이재용 부사장과 이부진 전무는 명목상 삼성의 최고의사협의기구인 삼성사장단 회의에 참여할 자격을 얻었다. 삼성 고위임원은 “오너 3세로서 그룹 내 영향력은 과거에도 여전히 컸지만, 사장 승진 전과 후는 크게 다를 것”이라고 말했다.삼성 3세의 전진배치 이면엔 그간 삼성을 이끌어온 핵심 인사들의 조용한 퇴진이 자리잡고 있다. 이미 일선에서 물러난 이학수 삼성물산 건설부문 고문(전 전략기획실장)과 김인주 삼성카드 고문(전 전략기획실 팀장)에 이어 최도석 삼성카드 부회장도 이날 인사에서 보직을 받지 못했다. 김인 삼성에스디에스(SDS) 대표이사 사장도 그룹 외곽인 삼성라이온스 대표이사 사장으로 밀려났다.과거 전략기획실 핵심 인사 중 장충기 그룹 브랜드관리위원장(사장)과 최주현 삼성에버랜드 대표이사 사장만 자리를 보전했다.  김경락 기자세상을 보는 정직한 눈 <한겨레>  [한겨레신문 구독|한겨레21 구독]공식 SNS 계정: 트위터www.twitter.com/hanitweet/ 미투데이http://me2day.net/hankyorehⓒ 한겨레신문사, 무단전재 및 재배포 금지<한겨레는 한국온라인신문협회(www.kona.or.kr)의 디지털뉴스이용규칙에 따른 저작권을 행사합니다.>"
61,2010-12-04,북 장사정포 수도권 공격설에 군 “징후 포착땐 선제타격”,https://news.naver.com/main/read.nhn?mode=LSD&mid=shm&sid1=100&oid=028&aid=0002071473,한겨레,"[한겨레]100% 무력화 실패땐…상상초월 불안 현실로연평도 포격 이후 ‘북한이 수도권에도 장사정포를 쏠지 모른다’는 우려가 나오고 있다. 북한 인민무력부 정찰총국의 한 간부가 북쪽이 이달 안으로 경기도를 목표로 한 새로운 포격을 할 것이라고 말했다고 일본 <도쿄신문>이 2일 ‘북한 정보에 정통한 소식통’을 인용해 보도하기도 했다.군 당국도 3일 이런 가능성에 대비해 서부전선에 집중 배치된 북한의 장사정포 무력화 대책을 점검하고 있다고 밝혔다.북한군이 휴전선 근처에 배치한 각종 포는 1만여문으로 알려졌다. 이 가운데 수도권까지 포탄이 닿을 정도로 사거리가 긴 북한의 장사정포는 서부전선에 170㎜ 자주포 200여문, 최대 사거리가 60㎞인 240㎜ 방사포 200여문가량인 것으로 알려져 있다. 따라서 북한 장사정포는 경기 북부, 서울 전역, 과천·안양·시흥까지 공격할 수 있다.군 당국은 북한 장사정포가 1시간 동안 최대 1만7000발을 수도권에 쏠 수 있고, 이 경우엔 시민과 군인 325만명이 피해를 볼 수 있다고 분석하고 있다. 하지만 군 당국은 이 정도 대규모 피해는 발생하지 않을 것으로 본다. 325만명 피해는 북한의 장사정포 공격 조짐을 한·미 양국이 전혀 파악하지 못해, 북한 장사정포가 1시간 동안 아무런 제지를 받지 않고 계속 공격을 한다는 두 가지 ‘비현실적’ 가정을 전제하고 있기 때문이다.한·미 양국군은 1990년대 초반부터 유사시 북한 장사정포를 무력화하는 ‘대화력전’ 대책을 준비해왔다. 군 관계자는 “좁은 섬인 연평도에 대한 공격과 달리 북한이 면적이 넓은 수도권에 장사정포 공격을 하려면, 휴전선 일대 모든 포대에서 한꺼번에 시작해야 한다”며 “장사정포 공격을 시작하려면 휴전선 근처 각 포대에서 공격을 준비하는 병력이 며칠 전부터 눈에 띄게 많아진다”고 말했다. 170㎜ 자주포 운용엔 12명, 240㎜ 방사포 운용엔 6명이 필요하므로, 북한이 400여문의 장사정포를 운용하려면, 포대 운용 병력만 3600여명이 필요하다. 이 정도 병력이 평소와 다른 움직임을 보이고 북한군 부대간 통신량이 급증하면 한·미의 군사위성이나 정찰기 등이 사전에 공격 조짐을 포착할 수 있는 것으로 알려졌다.북한의 공격이 임박했다는 분명한 증거만 확보돼도, 북한 장사정포를 무력화시키는 ‘공세적 대화력전’이 시작된다. 동굴에 있는 북한군 장사정포 입구가 열리고 장사정포가 밖으로 나오면 한·미 전폭기와 포병(K-9 자주포, 다연장로켓 등)이 공격을 시작해 장사정포 동굴 진지를 붕괴시키도록 돼 있다.북한군이 파괴되지 않은 장사정포로 수도권에 포격을 가해오면, 한·미의 대포병레이더가 장사정포 포대 위치를 찾아내 공격하는 ‘대응적 대화력전’을 벌이게 된다. 한·미는 평소 대화력전에 필요한 북한 장사정포 위치 정보를 수시로 수집한다. 이를 바탕으로 한·미 양국군은 어떤 방법으로 어떤 장사정포를 파괴할 것인지 미리 명령을 내려놓는 ‘통합임무 명령서’를 작성해 두고 있다.군 당국은 연평도와 달리 수도권을 위협하는 북한 장사정포는 사전에 상당 부분 무력화가 가능하다고 설명한다. 하지만 한·미의 공세적 대화력전에도 살아남은 북한 장사정포들이 서울 시내에 포탄을 쏜다면, 서울 시민들이 느낄 충격과 공포, 경제에 미칠 악영향 등은 상상을 초월하는 수준일 수 있다.권혁철 기자nura@hani.co.kr세상을 보는 정직한 눈 <한겨레>  [한겨레신문 구독|한겨레21 구독]공식 SNS 계정: 트위터www.twitter.com/hanitweet/ 미투데이http://me2day.net/hankyorehⓒ 한겨레신문사, 무단전재 및 재배포 금지<한겨레는 한국온라인신문협회(www.kona.or.kr)의 디지털뉴스이용규칙에 따른 저작권을 행사합니다.>"
62,2010-12-04,삼척 산불 강풍 타고 번져..주민 대피(종합3보),https://news.naver.com/main/read.nhn?mode=LSD&mid=shm&sid1=102&oid=001&aid=0004801931,연합뉴스,"삼척 미로 산불 확산(삼척=연합뉴스) 배연호 기자 = 3일 오전 강원 삼척시 미로면 상사전리에서 발생한 산불이 강풍을 타고 확산하고 있다. 2010.12.3byh@yna.co.kr산림 20㏊ 소실..한 때 순간 최대 17.4m 강풍 타고 확산도지정 문화재 영경묘 및 민가에 방화선 구축(삼척=연합뉴스) 배연호 이재현 기자 = 강원 삼척시 미로면 인근 야산에서 산불이 발생했으나 바람이 강하게 불고 날이 저물어 진화에 어려움을 겪고 있다.삼척 미로 산불 확산(삼척=연합뉴스) 배연호 기자 = 3일 오전 강원 삼척시 미로면 상사전리에서 발생한 산불이 강풍을 타고 확산하고 있다. 2010.12.3byh@yna.co.kr3일 오전 11시43분께 삼척시 미로면 상사전리 인근 야산에 불이 나 강한 바람을 타고 계속 번지면서 주민 250여명이 긴급 대피했다.이날 주민 서모(79.여)씨의 가옥에서 시작된 불은 서씨의 82.5㎡ 규모 집과 창고를 모두 태우고 인근 야산으로 옮아붙었으며, 오후 8시30분 현재 평균 초속 4~6m의 강풍을 타고 동산리, 하거노리, 상거노리 등으로 계속 확산하고 있다.이에 따라 인근 마을 50여가구 250여명의 주민들은 만일의 사태에 대비해 마을회관 등 안전한 곳으로 일찌감치 대피했다.산불은 낮 12시7분께 순간 최대 초속 17.4m의 강풍을 타고 확산했으며, 야산 곳곳에서 매캐한 연기가 수없이 뿜어져 나와 진화대가 제대로 접근하지 못했다.삼척 미로 산불 확산(삼척=연합뉴스) 배연호 기자 = 3일 오전 강원 삼척시 미로면 상사전리에서 발생한 산불이 강풍을 타고 확산하고 있다. 2010.12.3byh@yna.co.kr불이 나자 산림청 헬기 등 진화헬기 9대와 700여명의 진화인력이 투입돼 진화작업을 벌였으나 바람이 강하게 불어 큰 어려움을 겪었다.오후 5시20분께 날이 어두워지면서 일단 진화헬기는 모두 철수했고 산림당국은 4일 날이 밝는 대로 진화작업을 재개할 계획이다.또 소방당국은 하거노리와 상거노리 40여 가구 주변에 소방차량을 전진 배치해 방화선을 구축하고 주택 지붕에 물을 뿌리는 등 산불이 민가로 확산하는 것을 차단하는 데 총력을 기울이고 있다.특히 불은 1981년 강원도기념물 제43호로 지정된 준경묘(濬慶墓)와 영경묘(永慶墓) 까지 위협하고 있어 이 부근에 방화선을 구축하고 문화재 보호에 안간힘을 기울이고 있다.삼척 미로 산불(삼척=연합뉴스) 배연호 기자 = 3일 오전 강원 삼척시 미로면 상사전리에서 발생한 산불이 강풍을 타고 번지고 있다. 2010.12.3byh@yna.co.kr산림 당국 관계자는 ""현재까지 사유림 20㏊가량이 소실된 채 조금씩 번지고 있으나 바람이 다소 잦아들면서 잠시 주춤한 상태""라며 ""밤사이 산불 진로를 예의주시하면서 확산하지 않도록 진화대를 활용한 진화작업을 계속 하겠다""고 말했다.산림당국은 이날 불이 서씨의 집 보일러가 과열돼 시작된 것으로 보고 정확한 화재원인 등을 조사하고 있다.한편, 삼척을 비롯한 동해안과 산간지역 11개 시ㆍ군에는 건조주의보와 강풍주의보가 발효되는 등 산불 발생 가능성이 커 각별한 주의가 요구된다.jlee@yna.co.kr<뉴스의 새 시대, 연합뉴스 Live><모바일 애플리케이션><포토 매거진><저작권자(c)연합뉴스. 무단전재-재배포금지.>"
63,2010-12-04,"""우리 동네 땅에 묻지마!""…돼지 매몰놓고 '충돌'",https://news.naver.com/main/read.nhn?mode=LSD&mid=shm&sid1=101&oid=055&aid=0000194387,SBS,"<8뉴스><앵커>경북 안동의 농장 4곳에서 오늘(3일) 구제역이 추가로 발생해 구제역 발병 농가가 모두 9곳으로 늘었습니다. 이런 가운데 충남 보령에서는 구제역 확산을 막기 위한 살처분 결정에 주민들이 반발해 매몰작업이 중단되는 일까지 벌어졌습니다.TJB, 조상완 기자입니다.<기자>충남 보령시 천북면 장은리입니다.이른 아침부터 주민들이 도로에 트랙터 2대를 세우고 차량 진입을 막고 있습니다.구제역이 시작된 안동에 갔던 수의사가 보령의 농가를 방문한 사실이 확인돼 보령시가 예방차원에서 소와 돼지를 매몰하기로 하자 지역 주민들이 반발하고 나섰습니다.[거주주민 : 자기 땅이 얼마든지 있잖어, 한 두평도 아니고 수만 평 있는 거기다가 갔다가 매몰하지 왜 뭣하러 여기까지 남의 동네까지 매몰하고 살처분 하느냐고….]당초 보령시는 살처분 대상 가축 농가의 주변에 매몰하려다 주민 반발로 포기한 뒤 5km 떨어진 이곳에 묻으려하자 다시 주민들의 반대에 부딪힌 것입니다.주민 반대 사흘째인 오늘은 한때 대치상황까지 벌어지면서 매몰 작업은 2만 마리 가운데 3천 마리만 묻고 중단됐습니다.대부분의 가축은 차에 실린채 이러지도 저러지도 못하고 있어 구제역 확산도 우려되는 상황입니다.[백태호/보령시 청정농업과장 : 역학관계가…역학 관계가 돼 있기 때문에 (매몰을 하는 겁니다) 그래도 인가가 없는데로 확인해서 하는 것이기 때문에….]한시가 급한 매몰작업이 계속 지연되면서 충남도내 최대의 축산단지 밀집지역인 보령과 홍성 일대 농민들은 구제역 걱정에 밤잠마저 설치고 있습니다.(영상취재 : 김용원(TJB))관/련/정/보◆ 구제역, 계속 확산…안동 농장 4곳서 추가 발병◆ 우왕좌왕 하는 사이 '구제역' 확산…경북 '위기'◆ 거래 뚝…구제역 확산 조짐에 농민들 '공황상태'◆ 경북 방역체계 '구멍'…방역당국 총체적 무능◆ 구제역으로 돼지·쇠고기 가격 하락세[SBS기자들의 생생한 취재현장 뒷이야기 '취재파일']저작권자 SBS&SBS콘텐츠허브 무단복제-재배포 금지"
64,2010-12-04,이 대통령 “北 권력도 주민 변화 못 거슬러”,https://news.naver.com/main/read.nhn?mode=LSD&mid=shm&sid1=100&oid=032&aid=0002097549,경향신문,"ㆍ‘北 체제 붕괴’ 인식 드러내… 봉쇄·압박 대북정책 지속 뜻이명박 대통령은 3일 “주시해야 할 것은 (북한) 지도자들의 변화보다 북한 주민들의 변화”라며 “역사상 국민의 변화를 거스를 수 있는 어떤 권력도 없다고 생각한다”고 말했다.이 대통령은 청와대에서 사회통합위원회 연석회의 결과를 보고 받고 “북한의 긍정적인 변화는 있다고 생각한다. 우리가 너무 과거의 북한만 생각할 게 아니다”라면서 이같이 밝혔다고 김희정 청와대 대변인이 전했다.이 대통령은 그러면서 “과거 북한은 철벽같이 갇혀 있는 사회였다. 북한 사람들을 만나면 ‘남쪽에는 거지만 산다는데 안됐다’는 소리를 들어왔던 것도 사실”이라며 “그러나 북한은 이미 텃밭을 가꿀 수 있고, 반대하든 찬성하든 골목에 시장도 열리고 있고, 탈북자도 오고 있다”고 말했다.이 대통령의 언급은 북한 주민들 사이에는 이미 개혁·개방의 흐름이 형성되고 있으며, 김정일 국방위원장 등 권력층도 이런 대세를 거스를 수 없을 것이란 의미로 풀이된다. 현재와 같은 폐쇄적 북한 체제는 결국 내부적 변화에 의해 붕괴될 수밖에 없으며, 시장제도 같은 변화를 장려하고 핵개발과 무력도발에 대해서는 봉쇄와 압박으로 응징하면서 북한 체제의 변화를 기다리는 정부의 대북정책을 지속하겠다는 뜻을 밝힌 것이다.이 대통령은 “(연평도 사태 후)군은 군대로 군다운 군대가 되는 계기를 만들어야 한다”고 말했다.<박영환 기자>- ⓒ 경향신문 & 경향닷컴(www.khan.co.kr), 무단전재 및 재배포 금지〈경향닷컴은 한국온라인신문협회(www.kona.or.kr)의 디지털뉴스이용규칙에 따른 저작권을 행사합니다.〉"
65,2010-12-04,"서울 6개 외고, 사상 초유의 미달 사태…대체 왜?",https://news.naver.com/main/read.nhn?mode=LSD&mid=shm&sid1=102&oid=055&aid=0000194384,SBS,"<8뉴스><앵커>매년 3, 4대 1을 웃돌던 서울지역 외국어고등학교의 올해 입학경쟁률이 평균 1.4대 1로 추락했습니다. 1차 전형에서 정원의 1.5배를 선발하는 걸 감안하면 사상 초유의 미달사태가 벌어진 겁니다.최우철 기자가 보도합니다.<기자>오늘(3일) 마감된 서울지역 6개 외고의 경쟁률이 평균 1.4대 1로 집계됐습니다.지난해 3.3대 1의 절반도 안 되는 경쟁률입니다.대원외고를 비롯해 명덕, 한영외고 등 5곳은 1단계 전형에서 뽑아야 할 정원의 1.5배수에도 못 미치는 사실상의 무더기 미달 사태입니다.지난 10월 말 원서를 받은 경기지역 8개 외고의 경쟁률도 지난해 3.6대 1에서 2.3대 1로 뚝 떨어졌습니다.외고 경쟁률의 이 같은 급락은 우선 입시 제도의 변화가 가장 큰 원인으로 보입니다. 올해부터 중학교 영어 내신 성적만으로 1차 전형을 치르게 되자 영어 내신이 떨어지는 학생들이 대거 지원을 포기한 겁니다.비교적 전 과목이 우수한 학생들은 외고의 위상에 불안감이 커지면서 지원을 기피했다는 분석입니다.[임성호/고교입시전문가 : 외고가 선발 시험 자체가 없어졌기 때문에 우수한 학생들을 뽑을 수 있는 방법이 없어진거죠 그래서 더 이상 이제 외고는 우수한 학생들이 모이는 학교로는 아니다 이런 생각이 작용한 것 같습니다.]서울의 자율형 사립고가 13개에서 26개로 늘어나 학교 선택폭이 넓어진 것도 상위권 학생들의 이탈을 부추긴 것으로 분석됩니다.이에 따라 그동안 대학입시에서 절대 우위를 보여 온 외고의 위상도 크게 달라질 걸로 보입니다.(영상취재 : 서진호, 영상편집 : 최진화)최우철justrue1@sbs.co.kr관/련/정/보◆ ""외고 수능점수 중간이 일반계고선 상위 16%""◆ 다자녀가정도 특목고·자율고 입시서 혜택◆ 외고 면접보러갔다가 '당황'…""학원 말 들을 걸~""◆ 서울대 합격생 서울예고-서울과학고-대원외고 순◆ ""외고생 40%, 월600만원 이상 고소득층 자녀""[SBS기자들의 생생한 취재현장 뒷이야기 '취재파일']저작권자 SBS&SBS콘텐츠허브 무단복제-재배포 금지"
66,2010-12-04,"외계인은 없었다, 그러나 새 생명체로 가능성 봤다",https://news.naver.com/main/read.nhn?mode=LSD&mid=shm&sid1=104&oid=055&aid=0000194378,SBS,"- NASA, 비소 먹고사는 새로운 박테리아 발견 -<8뉴스><앵커>미 항공우주국 NASA가 우리가 알고 있는 생명체와는 전혀 다른 새로운 생명체를 발견했다고 발표했습니다. 독극물인 비소를 먹고사는 새로운 박테리아가 그 주인공인데요.어떤 의미가 있는 발견인지, 조지현 기자가 설명해 드립니다.<기자>친구 같거나, 우스꽝스럽거나, 무서운 외계인은 아니었습니다.[새로운 박테리아를 소개합니다.]NASA가 미국 캘리포니아 모노 호수에서 찾아낸 이 박테리아는 독극물로 알려진 '비소'를 먹고 삽니다.지금까지 인류가 생명체에 필수적이라고 믿어 온 탄소, 수소, 질소, 산소, 황, 인이라는 6가지 원소 가운데, 인의 역할을 비소가 완전히 대체하는 새로운 생물체가 발견된 겁니다.지금까지 NASA는 6가지 필수 원소가 있는 행성만을 대상으로 외계 생명체를 찾아왔습니다.그런데 이번 발견으로 6가지 원소가 없는 행성에서도 생명체의 존재 가능성이 확인된 셈입니다.[울프 사이먼/NASA연구원 : 우주 어디엔가 있을 생명체를 향한 문을 열었다는 것이 중요합니다.]이례적으로 '중대 발표'라는 예고까지 했던 NASA의 이번 연구 결과에 대해 ET 같은 외계인을 기대했던 사람들은 실망감을 나타냈지만, 과학자들은 외계 생명체의 존재에 한발 크게 다가섰다며 의미를 부여했습니다.(영상편집 : 염석근)조지현fortuna@sbs.co.kr관/련/정/보◆ NASA, 새 생명체 '비소 기반 박테리아' 발견◆ ""비소 기반 미생물 발견…생명체 개념 확장""◆ ""외계인 발표아니냐"" 떠들썩…NASA 발표후 차분◆ 외계인은 아니지만…NASA ""비소 박테리아 발견""◆ NASA 발표로 주목받는 우주생물학[SBS기자들의 생생한 취재현장 뒷이야기 '취재파일']저작권자 SBS&SBS콘텐츠허브 무단복제-재배포 금지"
67,2010-12-04,"일본, 하루에 '사계절' 변덕…날씨가 왜 이러지? ",https://news.naver.com/main/read.nhn?mode=LSD&mid=shm&sid1=104&oid=055&aid=0000194382,SBS,"<8뉴스><앵커>네, 그런데 일본에서는 오늘(3일) 하루 동안 사계절 날씨가 다 나타나는 아주 특이한 기상 상황이 벌어졌습니다.이른바 폭탄 저기압 때문이라는데요. 도쿄, 김현철 특파원이 보도하겠습니다.<기자>오늘 아침 출근길 도쿄 도심에 기습 폭우가 쏟아졌습니다.시커먼 하늘에서 퍼부은 장대비는 1시간 동안 무려 72mm, 장마철보다 더 많은 양이었습니다.도심 곳곳이 물에 잠겼고, 전철 운행이 중단됐습니다.같은 시각 일본 서부 지역에는 가을 태풍보다 심한 돌풍이 불어 닥쳤습니다.바람에 뜯겨진 공장 지붕이 인근 빌딩 옥상으로 날아오는가 하면 공사장 가림막은 무너져 내렸습니다.넘어진 입간판에 출근길 시민이 다쳤고 유리창이 깨진 학교에선 수업중이던 학생 7명이 부상당했습니다.하지만, 2시간 뒤 언제 그랬냐는 듯 거짓말처럼 화창해졌습니다.한낮 최고 기온이 24도 가까이 올라가면서 사람들은 반소매 차림으로 다녀야 했습니다.[도쿄 시민 : 정말 덥네요. 옷을 하나 더 벗어야겠어요.]그러나 이런 반짝 봄 날씨도 오후 4시를 넘기면서 다시 겨울로 돌아가 외투 깃을 여며야 할 정도로 추워졌습니다.사계절의 축소판을 보여준 변덕스런 날씨의 원인은 불안정한 대기가 만든 이른바 '폭탄 저기압'.일본 기상청은 따뜻한 공기와 찬 공기가 한꺼번에 뒤섞이면서 일어난 돌발 현상이라고 설명했습니다.(영상취재 : 유재영, 영상편집 : 안병욱)김현철hckim@sbs.co.kr관/련/정/보◆ 폭설, 홍수에 이상 고온까지…유럽 전역 '몸살'◆ 영국 이상 한파·폭설에 휴교령◆ 인니 쓰나미에 화산 분출까지…주민 5만 명 대피◆ ""지구촌 기상이변 원인은 온난화?""◆ 브라질, ""겨울이야? 여름이야?""…기온차 40℃[SBS기자들의 생생한 취재현장 뒷이야기 '취재파일']저작권자 SBS&SBS콘텐츠허브 무단복제-재배포 금지"
68,2010-12-04,"한미FTA 타결..""자동차 양보, 쇠고기 제외""-1",https://news.naver.com/main/read.nhn?mode=LSD&mid=shm&sid1=100&oid=001&aid=0004801988,연합뉴스,"한미 FTA 협상 사실상 타결 (서울=연합뉴스) 한국과 미국간 자유무역협정(FTA) 추가협상이 사실상 타결됐다. 김종훈 통상교섭본부장과 론 커크 미국 무역대표부(USTR) 대표는 3일 오전(미국 현지시간) 한미 FTA관련 통상장관 회의를 갖고 ""금번 회의에서 양측은 자동차 등 제한된 분야에 대해 실질적 성과를 거뒀다""고 밝혔다. 사진은 지난 5월 김종훈 통상교섭본부장과 론 커크 미국 무역대표부 대표가 워싱턴 D.C 무역대표부 회의실에서 만나 한미 자유무역협정 (FTA) 진전방안을 포함해 양국 통상현안을 놓고 회담에 들어가기 앞서 포즈를 취하는 모습. 2010.12.3 << 연합뉴스 DB >> photo@yna.co.kr기존 협정문 수정..국내 비준과정 논란 예상김종훈 ""윈-윈 노력, 내년 양국 의회 비준동의 희망""(컬럼비아<미국 메릴랜드주>=연합뉴스) 박상현 특파원 김병수 기자 = 한국과 미국간 자유무역협정(FTA) 추가협상이 3일 오전(현지시간) 전격 타결됐다.김종훈 통상교섭본부장과 론 커크 미국 무역대표부(USTR) 대표는 이날 오전 8시(현지시간)부터 20여분간 통상장관 회의를 갖고 최종담판을 벌여 합의에 이르렀다.양측은 발표문을 통해 ""이번 회의에서 자동차, 농산물 등 제한된 분야에 대해 실질적 결과를 거뒀다""면서 ""이번 회의 결과를 자국 정부에 각각 보고하고 최종 확인을 거쳐 공식 발표할 예정""이라고 밝혔다.한미 FTA 협상 사실상 타결 (서울=연합뉴스) 한국과 미국간 자유무역협정(FTA) 추가협상이 사실상 타결됐다. 김종훈 통상교섭본부장과 론 커크 미국 무역대표부(USTR) 대표는 3일 오전(미국 현지시간) 한미 FTA관련 통상장관 회의를 갖고 ""금번 회의에서 양측은 자동차 등 제한된 분야에 대해 실질적 성과를 거뒀다""고 밝혔다. 사진은 김종훈 통상교섭본부장과 론 커크 미국 무역대표부(USTR) 대표가 지난달 8일 서울 종로구 도렴동 외교통상부 청사에서 열린 한미 통상장관 회의에 참석한 모습. 2010.12.3 << 연합뉴스 DB >> photo@yna.co.kr협상에서 한국은 한국산 승용차 관세(2.5%) 폐지기한 연장 등 자동차 관련 분야에서 미국측 요구를 상당부분 수용하는 대신, `이익의 균형'을 위해 농산물 분야에서 일부 개선사항을 요구, 관철했다.또 미국산 쇠고기 수입을 확대해 달라는 미국측 요구는 받아들이지 않았다.하지만 이번 추가협상 결과 기존 FTA 협정문 수정이 불가피하고 실질적인 내용에 있어서도 한국이 얻은 것보다 양보한 것이 많아 국내 비준동의 과정에 논란이 예상된다.기존 협정문 수정..국내 비준과정 논란 예상김종훈 ""윈-윈 노력, 내년 양국 의회 비준동의 희망""김종훈 본부장은 ""한미 양국이 윈-윈하는 협상이 되도록 최대한 노력했다""면서 ""한미관계가 중요한데 양국간 시장이 가까워지면 사람들의 관계도 가까워 질 것이기 때문에 이번 합의가 양국관계의 튼튼한 초석이 될 것""이라고 말했다.한미 양국은 앞으로 한 달여동안 실무진간에 이번 합의 결과를 협정문에 반영하는 조문화 작업을 걸쳐 연말까지는 수정된 협정문에 공식 서명할 예정이다.이에 따라 양측은 지난 2006년 6월 FTA 협상을 시작한 지 4년 6개월만에 FTA 관련 협상과정을 마무리 짓고 한미 FTA 협정 발효를 위한 국내 비준절차에 각각 본격 착수할 수 있게 됐다.김종훈 본부장은 ""내년에 한미 양국 의회에서 비준동의가 이뤄지길 희망한다""고 말했다.이번 협상에서 한미 양국은 양국간 자동차 무역 불균형 해소방안에 논의를 집중해 ▲한국산 승용차에 대한 관세(2.5%) 철폐기간 연장 ▲자동차 관련 세이프가드 (긴급수입제한조치) 마련 ▲미국산 자동차에 대한 한국의 연비.배기가스 기준 적용 완화 ▲미국산 자동차에 대한 안전기준 적용 완화 등을 놓고 절충을 벌였다.앞서 한미 양국은 지난 2007년 6월30일 한미 FTA 협정문에 서명했으나 민주당 등 미국내 일부에서 한미 FTA 내용 가운데 자동차 및 쇠고기 관련 부문 등에 불만을 드러내며 비준절차 돌입을 미뤄와 3년이 넘도록 아무런 진전없이 방치되다시피 해왔다.이런 가운데 버락 오바마 미국 대통령은 지난 6월 26일 토론토에서 이명박 대통령과 가진 한미 정상회담에서 한미 FTA 쟁점현안 타결을 위한 새로운 논의를 시작할 것을 실무진에게 지시했다고 알려와 양측은 추가협상을 시작했다.양국은 당초 지난 11일 주요20개국(G20) 서울 정상회의를 계기로 열린 한미 정상회담에서 FTA 협상을 끝낼 것을 목표로 제시했으나 양국간 자동차 무역 불균형 해소방안 및 한국이 미국산 쇠고기 수입 확대 문제를 놓고 견해차를 좁히지 못해 합의에 실패했었다.shpark@yna.co.krbingsoo@yna.co.kr<뉴스의 새 시대, 연합뉴스 Live><모바일 애플리케이션><포토 매거진><저작권자(c)연합뉴스. 무단전재-재배포금지.>"
69,2010-12-04,이번에는 고속버스에서 성추행 ,https://news.naver.com/main/read.nhn?mode=LSD&mid=shm&sid1=102&oid=214&aid=0000162260,MBC,"[뉴스데스크]◀ＡＮＣ▶지하철 성추행 동영상 파문이 인지 이틀만에 이번에는 고속버스에서 여대생이 기사에게 성추행 당했습니다.이 성범죄자들에겐 졸고 있는 여성이 만만한 대상인가 봅니다.임소정 기자입니다.◀ＶＣＲ▶종점에 도착한 한 고속버스 내부,승객들이 하나둘씩 내리는 가운데서도한 여학생은 계속 잠들어 있습니다.텅 빈 버스.버스기사가 다가가 학생을 흔들더니다시 자리로 돌아와담배를 피우며 생각에 잠깁니다.잠시 뒤, 문을 잠그고버스를 주차장으로 옮깁니다.여학생이 잠에 든 걸 재차 확인하고버스 안의 불을 모두 끕니다.사건은 이 때부터 시작됐습니다.◀ＳＹＮ▶ 피해학생""아저씨가 저한테 기대서손을 (옷) 안쪽으로 넣고만지고 있는 거예요.""모 대학 여학생이 버스를 타고학교에 다녀오던 길에성추행을 당한 겁니다.놀란 여대생은 잠에서 깨었고,침착하게 기지를 발휘해무사히 버스에서 빠져나왔습니다.◀ＳＹＮ▶ 피해학생""저 지금 전화온다고바로 지금 전화받아서신고할 거라고 제가 그랬어요.""버스가 세워진 곳은사람과 차량의 통행이 잦은번화가 한복판이었습니다.버스에서 빠져나온 직후 이 여대생은즉시 경찰에 신고하면서버스기사 43살 조 모 씨는경찰에서 조사를 받았습니다.◀ＳＹＮ▶ 조 모 씨/성추행 용의자""깨우는 도중에신체적 접촉 그런 게 있었지뭐 다른 건 없었어요.""조사를 받고난 뒤 잠시 풀려난 조 씨는다음날에도 버젓이 버스를 몰았는데이런 사실을 알게 된 여대생의 가족들이조 씨를 찾아가 거세게 항의했습니다.◀ＳＹＮ▶ 피해학생 가족""제2, 제3의 피해자가안 나오라는 법이 어디있어요.너무 분해가지고 지금아주 말이 잘 안 나와요.""조 씨의 버스 안 성추행 사실이알려지면서 해당 버스회사는어제 조 씨를 해고했습니다.MBC뉴스 임소정입니다.(임소정 기자)[저작권자(c) MBC (www.imnews.com) 무단복제-재배포 금지]"
