,날짜,기사 제목,기사 링크,기사 출처,기사 내용
0,2018-12-14,"최저임금의 역설…""올릴수록 근무시간·월급 줄어""",https://news.naver.com/main/read.nhn?mode=LSD&mid=shm&sid1=101&oid=214&aid=0000900068,MBC,"[뉴스데스크]◀ 앵커 ▶최저임금이 오르면 오른 만큼 저임금 노동자들의 월급 사정도 조금은 나아져야 할 텐데요.과거 통계를 바탕으로 분석을 해보니까, 최저임금이 오를수록 오히려 벌이가 안 좋아진 것으로 나타났습니다.강나림 기자가 취재했습니다.◀ 리포트 ▶밤늦게까지 환하게 불을 켠 봉제공장.사장인 이상태 씨가 혼자 남아 일하고 있습니다.재작년만해도 18명이던 직원은 줄고 줄어 세 명만 남았습니다.그나마 남은 직원들도 근무 시간을 줄였습니다.[이상태/봉제공장 운영]""벌어서 (직원) 주고 나면 내가 가져갈 게 없어. 그러니까 (직원) 안 쓰죠. 안 쓰고 자기가 재단한다든가 밤늦게까지 일을 한다든가.""한국은행이 2011년부터 2016년까지 최저임금이 노동시장에 미치는 영향을 분석한 결과, 최저임금이 올라서 최저임금 정도의 임금을 받는 노동자가 1% 더 늘면, 이들의 월평균 근로시간은 2시간 정도 줄어드는 것으로 나타났습니다.월평균 83만 원, 최저 시급을 받는 알바생의 경우 한 달에 1만 2천 원을 덜 받게 됐다는 계산입니다.최저임금이 오르면, 직원들은 근무시간이 줄어 월급이 줄고, 기업주는 당장 인건비를 아끼지만 생산량이 줄고 매출이 줄어 결국 모두 벌이가 줄게 된다는 겁니다.[이상태/봉제공장 운영]""(사람) 못 쓰면 일감이 줄어들 것이고 일감 줄어들면 자연스럽게 공장이 자꾸 축소되겠죠 그러다가 공장 없어지겠죠.""제조업만 분석한 결과지만, 최저임금이 오르면 생산성은 높아지는 걸로 나타났습니다.기업 규모가 클수록 생산성이 높아지는 효과도 컸습니다.반대로 작은 업체일수록 생산성도 떨어지고 고용도 줄었습니다.[김광석/한국경제산업연구원 경제연구실장]""(최저임금 인상을) 수용할 수 없는 중소업체나 영세업체들은 생산에 참여할 수 없는, 구조조정되는 그런 국면을 맞기 때문에…""최저임금은 올해 16.4%, 내년엔 10.9%가 오릅니다.연구팀은 분석 대상인 2016년 이전과 달리 올해는 최저임금 인상액이 더 크고 최저임금을 받게 된 사람도 더 많은데다, 고용상황은 경기 상황이나 인구구조 변화 등 다른 변수가 있어, 후속 연구에선 다른 양상이 나타날 수 있다고 설명했습니다.MBC뉴스 강나림입니다.강나림 기자 (allin@mbc.co.kr)[저작권자(c) MBC (http://imnews.imbc.com) 무단복제-재배포 금지]▶ [엠빅비디오] 로드맨_짓지도 않은 집, 사고 보니...▶ [바로간다] 운송업체 돌며 돈 챙긴 노조간부…'비리' 제보 잇따라▶ [14F] 퇴사한다고 다 받는 게 아니더라, 실업급여의 오해와 진실Copyright(c) Since 1996,MBC&iMBCAll rights reserved."
1,2018-12-14,"서울 택시 기본료 3,800원 ↑…'기사 처우·서비스' 개선될까?",https://news.naver.com/main/read.nhn?mode=LSD&mid=shm&sid1=102&oid=056&aid=0010651052,KBS,"[앵커]내년부터 서울 택시 기본요금이 3천8백원으로 오릅니다.오르는 요금이 기사들의 처우 개선으로 이어질지, 또 승객들에 대한 서비스도 나아질 수 있을지 홍화경 기자가 짚어봅니다.[리포트]서울 법인택시 운전기사들은 월평균 217만 원을 법니다.그나마 하루 10시간 이상, 한 달에 26일을 꼬박 일해야 손에 쥐는 돈입니다.[택시기사/음성변조 : ""10시간 일한 거야. 조금 남는 거 2만 원 남을 때고 있고 어떤 때는 밥값도 안 나올 때도 있고...""]서울시가 택시 요금을 18.6% 올려 기사들의 처우를 개선하기로 했습니다.기본요금은 3000원에서 3800원으로,  심야할증 기본요금은  3600원에서 4600원으로 올립니다.6개월간 사납금을 동결하고,  인상분의 80%를 기사 월급에 반영해 요금 인상 효과가 실제 기사들에게 돌아가도록 했습니다.그래야 택시 서비스도 나아질 수 있다는 판단에서입니다.승객들은 공연히 요금만 오르는 건 아닌지 불만입니다.[박지환/택시 이용객 : ""앱이랑 전화로 이제 택시를 불렀는데 택시가 1시간가량 오지 않는 경우가 빈번하게 있었습니다.""]승차 거부는 최근 5년간 적발된 것만 연평균 천 건이 넘습니다.서울시는 요금 인상과 함께 승차 거부 단속도 강화했습니다.2년 동안 승차거부가 세 번 적발되면 자격을 취소하기로 했습니다.[지우선/서울시 택시물류과장 : ""(승차 거부) 1회 적발 시부터 10일간 운행 정지되도록 그러한 처분을 강화하는 걸로 국토부에 건의했고요.""]5년 만에 오르는 서울 택시 요금은 다음 달부터 적용될 예정입니다.KBS 뉴스 홍화경입니다.홍화경 기자 (vivid@kbs.co.kr)[저작권자ⓒ KBS 무단복제-재배포 금지]▶ 다문화 교실 가보셨습니까?▶ 네이버 채널 KBS뉴스 구독! 시원하게 털어드립니다▶ ‘TV보다 ㄹㅇ’ 당신의 진짜 뉴스 ‘케이야’"
2,2018-12-14,폭포도 계곡도 '꽁꽁'…한파특보 속 '한랭질환' 주의,https://news.naver.com/main/read.nhn?mode=LSD&mid=shm&sid1=102&oid=437&aid=0000198441,JTBC,"[앵커]강력한 한파에 전국이 꽁꽁 얼어붙었습니다. 강원 내륙과 산간의 아침기온은 영하 20도까지 떨어져 폭포가 거대한 빙벽이 됐습니다. 추위는 내일(15일) 아침까지 이어지고 16일은 눈이나 비가 올 전망입니다.조승현 기자입니다.[기자]높이 50m 폭포 전체가 거대한 빙벽으로 바뀌었습니다.계곡물은 물결이 일렁이던 모습 그대로 얼어붙었습니다.밤새 더 두꺼워진 얼음판은 있는 힘껏 때려도 깨지지 않습니다.어젯밤부터 북서쪽에서 내려온 찬 공기 탓에 오늘 기온이 곤두박질쳤습니다.대관령이 영하 19.5도를 기록했고 홍천군 내면은 영하 20.4도였습니다.서울도 출근시간대 기온이 영하 7.8도까지 떨어졌습니다.대전 영하 6.5도, 부산 영하 2.2도, 광주 영하 1.4도 등 제주를 제외한 전국이 영하에 머물렀습니다.강원과 충북 일부 지역에 한파경보가, 중부내륙과 경북내륙에는 한파주의보가 내려졌습니다.[류정우/서울 사당동 : 올겨울에 내복을 안 입었는데 오늘 처음 내복을 입었고요. 조끼 입고 겉옷도 두 개 입었어요.]한파특보가 내려지기 시작하면 한랭질환자도 급증합니다.최근 5년 동안 서울에서 발생한 환자의 70%가 12월 중순부터 집중되기 시작했습니다.체온이 35도 미만으로 내려가는 저체온증이 대부분인데 고령자와 만성질환자는 몸이 떨리거나 입술이 파랗게 질리는 증상을 유심히 살펴야 합니다.이번 추위는 내일 아침까지 계속되다 낮부터 따뜻한 서풍이 불면서 풀리고 일요일에는 전국에 눈이나 비가 내리겠습니다.(영상디자인 : 유정배)조승현(cho.seunghyun@jtbc.co.kr) [영상취재: 박용길,김장헌 / 영상편집: 김지우]▶ 라이브 시청은 JTBC 뉴스앱!,제보는 뉴스룸으로!▶ 뉴스룸 뒤 이어지는 취재후기는 '소셜라이브'Copyright by JTBC(http://jtbc.joins.com)and JTBC Content Hub Co., Ltd. All Rights Reserved. 무단 전재 및 재배포 금지"
3,2018-12-14,얼마 내면 얼마 돌려받나? '국민연금 개혁안' 들여다 보니,https://news.naver.com/main/read.nhn?mode=LSD&mid=shm&sid1=102&oid=437&aid=0000198432,JTBC,"[앵커]오늘(14일) 발표된 국민연금 개혁안과 관련해서 한 걸음 더 들어가보겠습니다. 이상화 기자가 나와 있습니다.◆ 관련 리포트보험료율 유지부터 인상까지…국민연금 4개 개편안 제시→ 기사 바로가기 : http://news.jtbc.joins.com/html/542/NB11742542.html이 기자, 국민연금 개혁 정부안, 해를 넘길 것 같았는데 오늘 갑작스레 발표가 됐습니다. 그런데 앞서 보신 것처럼 한 가지가 아니군요.[기자]그렇습니다. 정부가 오늘 4가지 안을 내놨습니다.차례대로 현행유지, 기초연금강화, 노후소득보장강화 등 총 4가지입니다.[앵커]이름만 들어서는 무엇인지 잘 알기가 힘들 것 같습니다. 각각의 안을 좀 들여다볼까요?[기자]네, 하나하나 좀 살펴보도록 하겠습니다.우선 첫번째 안은요.현재 9%인 보험료율을 그대로 유지하고 2028년까지 평균소득 대비 연금 수령액 비율, 즉 소득대체율을 40%로 낮추는 계획도 유지하겠다는 것입니다.지금까지는 제도를 무조건 개편한다는 입장이었는데, 그대로 놔두자는 것도 하나의 안이 된 것입니다.기초연금강화는 1안에서 기초연금만 2021년 40만 원으로 올리는 것입니다.나머지가 노후소득보장강화방안입니다.소득대체율을 45%나 50%로 올리는 대신 이를 보충하기 위해 보험료율을 좀 올리는데요.2021년부터 5년마다 1%p씩 올려 12%나 13%로 높이기로 했습니다.보험료가 얼마나 올라가는지를 좀 보겠습니다.250만 원씩 월급을 받는다고 했을 때요.12%일 때는 현재 22만 5000원에서 30만 원이 되는 것이고요.13%일 때는 32만 5000원이 됩니다.[앵커]그렇군요. 좀 간단히 정리를 해보면 현행을 유지하는 방안, 그 다음에 이제 좀 더 많이 내고 조금 더 많이 돌려받는 방안, 그리고 이제 그대로 내지만 기초연금을 거기다가 얹는 방안, 이렇게 있다는 이야기처럼 들리는군요. 중요한 것은 결국 각 방안대로 했을 때 내가 나중에 얼마를 받느냐 아니겠습니까?[기자]네, 정부는 그것도 제시를 했습니다.연봉 3000만 원, 월급 250만 원 정도를 받고있는 사람을 평균 소득자로 정해서 25년동안 납입했을 때 제시를 해줬었는데요.기초연금하고 합쳐서 현행유지안은 86만 원 정도, 기초연금 강화방안은 101만 원 정도였습니다.[앵커]그러니까 기초연금을 얹는 방안으로하면 101만 원. 100만 원을 간신히 넘는 셈인 것인데, 그동안 너무 액수가 적다, 용돈 연금이다라는 비판이 나왔던 것을 염두에 둔 것 같군요.[기자]네, 그것을 좀 많이 고려를 한 것 같습니다.최소한 평균적으로 노후에 100만 원 정도는 받을 수 있게끔 하자는 입장입니다.정부 조사 결과 노부부의 최소 생활비는 108만 원 수준입니다.국민연금과 기초연금 수령액을 뺀 나머지는 퇴직연금이나 주택연금 등으로 보완한다는 구상입니다.하지만 시민단체들은 25년씩 직장에 다니거나 평균소득이 250만 원까지 미치는 경우가 많지 않은데, 현실적이지 못하다는 비판도 내놓고 있습니다.실제 지난해 평균 연금 수령액은 39만 원이었고요.기초연금을 합치면 64만 원 정도였습니다.[앵커]그렇죠. 사실 이 연금개편 작업은 당초 예상보다 3년 빠른 2057년인가요? 그때 이제 기금이 고갈될 것이다 이런 우려가 나오면서부터 검토가 시작된 것 아니겠습니까?[기자]그렇습니다. 하지만 이번에 정부가 낸 방안이 재정적인 측면을 크게 고려했다고 보기는 좀 힘듭니다.당초 자문위는 70년 후까지의 기금 재정을 한 해 내줄 연금액 만큼 유지하는 방안을 짰었습니다.이를 위해서 보험료를 대폭 올리는 방안을 내놨었는데요.그러나 보험료 인상에 대한 국민적 여론을 의식해 대통령 보고 과정에서는 퇴짜를 맞기도 했었습니다.이번에 사실상 소득대체율에만 집중하다 보니, 어떤 방안이든 2057년이나 2063년에는 기금이 고갈되게 됩니다.[앵커]그렇다면 줄 돈이 다 떨어지게 된다는 것인데, 그 다음은 어떻게 하겠다는 것입니까?[기자]박능후 복지부 장관은 오늘 브리핑에서 아직 시간이 많이 남았고, 이후 상황은 좀더 사회적 논의를 통해서 정하자고 말을 했습니다.하지만 전문가들은 독일 등에서처럼 기금이 고갈되면 해마다 정부가 걷어서 주는 부과식 방식을 도입하려는 것을 염두에 둔 것이 아니냐라는 관측도 나오고 있습니다.대신 연금 지급에 대한 불안을 좀 잠재우기 위해서요.국가가 연금지급 보장을 명문화하는 방안을 두고 있습니다.[앵커]지급을 해주겠다, 법에다가 적었다, 이런 이야기인 것이죠.[기자]네, 그렇습니다.◆ 관련 리포트공은 경사노위·국회로…국민연금 개편까진 '산 넘어 산'→ 기사 바로가기 : http://news.jtbc.joins.com/html/540/NB11742540.html이상화(sh9989@jtbc.co.kr)▶ 라이브 시청은 JTBC 뉴스앱!,제보는 뉴스룸으로!▶ 뉴스룸 뒤 이어지는 취재후기는 '소셜라이브'Copyright by JTBC(http://jtbc.joins.com)and JTBC Content Hub Co., Ltd. All Rights Reserved. 무단 전재 및 재배포 금지"
4,2018-12-14,"故 김용균 씨 母 ""살인 병기에 또 다른 피해자 없기를""",https://news.naver.com/main/read.nhn?mode=LSD&mid=shm&sid1=102&oid=055&aid=0000696365,SBS,"[이태성/발전비정규직연대회의 간사 : 과연 그 노동자가 왜 죽어야 했습니까. 25살의 그 젊은이가…][故 김용균 씨 아버지 : 불쌍한 우리 아들을 다시는 이 세상에서 못 볼 것 같아 사람이 미치고 죽을 것만 같습니다. 부디 우리 아들을 좀 살려주세요.][故 김용균 씨 어머니 : 너무 많은 작업량과 너무 열악한 환경이, 얼마나 저를 힘들게…말문이 막혔습니다. 내가 이런 곳에 우리 아들을 맡기다니…]<앵커>지금 스튜디오에는 이번 사고로 하나뿐인 아들을 떠나보낸 고 김용균 씨의 어머님께서 나와 계십니다. 큰 슬픔을 견디고 계시는 어머님께 직접 말씀을 여쭙고 또 듣는 게 저희도 조심스러웠는데 어머님께서 꼭 하고 싶은 말씀이 있다고 하셔서 이 자리에 모셨습니다,Q. 어제 사고 현장 본 심경은?[김미숙/故 김용균 씨 어머니 : 애가 일하던 곳을 처음부터 끝까지 다 가봤습니다. 내가 이런 데 애를 보냈구나…끔찍했습니다. 저는 애가 이렇게 열악하고 무서운 데를 일한다고 생각을 못 했습니다. 알았다면 정말 어느 부모라도 보낼 수가 없는 곳이었습니다.]Q. 현장에서 고인의 유품을 볼 땐 어땠는지?[김미숙/故 김용균 씨 어머니 : 제가 사준 게 있더라고요. 거기서 입던 유니폼하고 슬리퍼, 거기서 신던, 일하던 신발은 없다고 얘기 들었습니다. 라면인가? 그거 먹고 일 들어갈 때도 있었다고 합니다.]Q. 동료 직원들을 따뜻하게 안아주면서 한 말은?[김미숙/故 김용균 씨 어머니 : 너희들 내 자식이나 똑같은 비슷한 나이고, 너무 아까운 예쁘고 아까운 청춘인데 이런 데서 일하다가 사고 나면 정말 나는 안 보고 싶으니까, 너네들 여기서 나가라. 너네 부모들 알면 여기서 못 있게 한다고 얘기했어요.]Q. 회사 측으로부터 공식적인 해명을 들었는지?[김미숙/故 김용균 씨 어머니 : 자리는 없었습니다. 그냥 개개인 와서 죄송합니다, 이런 소리 들었는데 저는 죄송하다는 소리 듣고 싶지 않습니다. 아이가 죽었는데 죄송하면 뭐하고 정말 듣기 싫습니다. 살인 병기 이런 걸 다른 사람 또다시 다치지 않게 하는 게 저한테는 사과이고, 바라는 것입니다. 대체 다른 사람이 또 보고 있다고 하더라고요. 이 사람 죽고 나면 저 사람 채워지고 그런 걸 반복으로 여태까지 12명을 잃었다고 얘기 들었습니다. 또 다시 다른 사람들이 다치는 것 원치 않거든요.]정경윤 기자(rousily@sbs.co.kr)▶[제보하기] 모든 순간이 뉴스가 됩니다▶[끝까지 판다] 뿌리 깊은 사학 비리※ ⓒ SBS & SBS Digital News Lab. : 무단복제 및 재배포 금지"
5,2018-12-14,"'붕괴 위험' 대종빌딩, 19일부터 보강공사…36%만 이사마쳐",https://news.naver.com/main/read.nhn?mode=LSD&mid=shm&sid1=102&oid=001&aid=0010527480,연합뉴스,"강남구 ""건물주가 비용 부담하기로""…임차인도 17일 대책 회의붕괴위험으로 출입 통제된 대종빌딩(서울=연합뉴스) 이지은 기자 = 13일 오전 붕괴 위험이 발견된 서울 삼성동 대종빌딩에 출입통제선이 설치돼 있다. 관할구청인 강남구는 우선 입주자들에게 건물을 비우도록 했고, 이후 건물주와 협의해 정밀안전진단을 벌일 계획이다. 2018.12.13 jieunlee@yna.co.kr(서울=연합뉴스) 고현실 기자 = 붕괴 위험이 발견된 서울 강남구 삼성동 대종빌딩이 19일 응급보강공사에 돌입한다.14일 강남구에 따르면 건물주 대표, 응급안전진단업체 센구조연구소, 강남구는 이날 오후 대책회의에서 조속히 응급보강공사와 정밀안전진단을 하기로 합의했다.구 관계자는 ""다만 자재수급 문제로 실질적인 공사는 19일부터 순차적으로 진행될 것으로 보인다""며 ""공사 비용은 원칙에 따라 건물주가 부담하기로 했다""고 말했다.강남구는 우선 지하 1층, 지상 5층 등 총 6개층에 지지대를 설치하고, 2층 주기둥 2개의 단면적을 확대하는 방식으로 보강공사를 진행할 계획이다.애초 강남구는 출입제한 조치 이틀째인 이날 본격적인 보강공사에 들어갈 예정이었으나 건물주와 비용 분담을 두고 의견이 엇갈려 공사에 착수하지 못했다.보강공사가 끝나면 보강, 철거 여부 등을 결정하기 위한 정밀안전진단이 이뤄진다. 정밀진단 결과 정확한 안전등급을 판정할 수 있을 것으로 강남구는 보고 있다.'붕괴 위험'  삼성동 대종빌딩 폐쇄…최종 출입 곧 예고 / 연합뉴스 (Yonhapnews)대종빌딩 입주업체는 최종 76개로 확인됐다. 이 중 28곳(36.8%)이 현재까지 이사를 마쳤다. 이사를 마치지 못한 업체들은 현재 강남구의 허가를 받아 건물 출입을 하고 있다.대종빌딩[연합뉴스TV 제공]구 관계자는 ""전날 일일이 건물 내부를 확인한 결과 입주업체 수가 기존 79개에서 다소 줄었다""며 ""이사를 마치지 못한 업체에는 짐 반출 기한을 통지할 예정이며, 이후에는 출입을 완전히 통제할 방침""이라고 말했다.임차인들은 17일 오후 2시 대치4동주민센터에서 대책 회의를 열고 향후 대응 방안을 논의할 예정이다.김형복 임차인 임시대표는 ""갑자기 퇴거 조치가 내려지다 보니 임대료뿐 아니라 그동안 들어간 인테리어 비용을 고스란히 날리게 생겼고, 영업 피해도 크다""며 ""다른 임차인들과 함께 법률적으로 손해배상을 받을 수 있는지 검토할 계획""이라고 말했다.강남구는 우선 임차인에게 저렴한 가격에 임대할 수 있는 사무실이나 공유공간을 안내하고 있다.[연합뉴스TV 제공]대종빌딩은 지하 7층 지상 15층에 연면적 1만4천799㎡ 규모로 1991년 준공됐다.작년 상·하반기와 올해 3월 강남구가 실시한 육안 검사에서는 각각 B등급과 A등급이 나왔으나 지난달 말 2층 인테리어 공사 중 기둥에서 균열이 발견됐고, 11일 긴급안전진단 결과 최하 등급인 E등급으로 추정됐다. 이에 강남구는 12일 대종빌딩을 구가 직접 관리하는 3종시설물로 지정하고 13일 0시부터 출입제한 조치를 했다.okko@yna.co.kr▶뭐 하고 놀까? #흥▶쇼미더뉴스! 오늘 많이 본 뉴스영상▶네이버 홈에서 [연합뉴스] 채널 구독하기"
6,2018-12-14,택시 vs 카풀 불씨 계속…뉴욕·로마·시드니에선?,https://news.naver.com/main/read.nhn?mode=LSD&mid=shm&sid1=101&oid=214&aid=0000900067,MBC,"[뉴스데스크]◀ 앵커 ▶카풀 서비스를 놓고 택시 기사 분신에 이어 택시로 국회를 포위하겠다는 대규모 집회까지 예정돼 있습니다.정부·여당이 택시 기사들 사납금을 없애고 월급제를 도입하는 방안을 내놨지만 결론을 내지 못하고 있는데요.자, 이런 택시와 카풀 갈등.우리나라뿐만이 아닌데 해외에서는 이 갈등을 어떻게 조율하고 있는지, 이재민 기자가 살펴봤습니다.◀ 리포트 ▶승차 공유 서비스가 어느 한쪽에만 유리했을까.꼭 그렇지는 않습니다.승차 공유를 합법화한 미국 뉴욕.한 해 동안 일거리가 끊긴 택시 기사 8명이 목숨을 끊었습니다.승차 공유 기사들은 기사들대로 불만입니다.승차 공유에 나선 차량이 3년만에 8배나 늘어난 바람에 버는 게 없다는 겁니다.LA에서 일하는 한인 우버 기사는 하루 벌이가 7~8 달러로 캘리포니아 주 최저임금 11달러에도 못 미친다는 소식을 전했습니다.[빌 드 블라지오/뉴욕 시장]""택시 기사들에게, 승차 공유 운전자들에게 어떤 의미입니까. 그것은 그들의 생계가 꾸준히 파괴되고 있음을 의미합니다.""양쪽 모두 수렁에 빠졌고, 결국 내년 8월까지 승차 공유 면허 발급을 중단했습니다.보험 가입을 의무화하는 등 규제를 통해 균형을 맞춰 가고 있습니다.유럽은 그동안 승차 공유 운전자를 노동자로 보는 시각이 강해 불법으로 규정한 나라가 많았습니다.[산드로 마그리니/로마 택시 기사]""규칙이 있어야 합니다. 로마 밖에 있는 사람 (승차 공유 기사)들은 로마 밖에 머물러야 합니다.""그러나 공유 경제라는 대세에 따라 최근엔 승차 공유 기사 자격 요건을 엄격히 제한하면서 차츰 문을 열고 있습니다.영국은 보험 가입과 콜센터 운영을 조건으로 허용했고, 프랑스는 도시와 도시 간 장거리 이동만 가능하도록 했습니다.핀란드는 아예 기사들에게 택시 면허를 따게 했습니다.호주는 승차 공유 기사들에게 건당 1달러씩 부담금을 걷어 택시기사를 위한 기금으로 적립합니다.글로벌 승차 공유 업체인 우버는 다른 업체들과 1억 달러 펀드를 만들어 택시기사들의 복지에 쓰기로 했습니다.나라마다 해법은 다르지만 일정 수준 규제로 균형을 맞추고, 택시 회사보다는 택시 기사를 지원하는 쪽으로 초점을 맞추고 있습니다.[김길래/승차 공유 이용자 모임 대표]""자격에 대한 제한도 필요할 것이라고 생각하고 있는데요. 시간과 횟수나, 이런 것들이 제한돼 있기 때문에 더 발전된 서비스로 자리매김할 수 있다고 생각합니다.""신 산업과 전통 산업이 충돌하고 있는 현실에서 생존의 문제는 곧 공존의 전제 조건이 되고 있습니다.MBC뉴스 이재민입니다.이재민 기자 (epic@mbc.co.kr )[저작권자(c) MBC (http://imnews.imbc.com) 무단복제-재배포 금지]▶ [엠빅비디오] 로드맨_짓지도 않은 집, 사고 보니...▶ [바로간다] 운송업체 돌며 돈 챙긴 노조간부…'비리' 제보 잇따라▶ [14F] 퇴사한다고 다 받는 게 아니더라, 실업급여의 오해와 진실Copyright(c) Since 1996,MBC&iMBCAll rights reserved."
7,2018-12-14,"""이런 곳에서 일했다니"" 어머니 오열…내일 유품 공개",https://news.naver.com/main/read.nhn?mode=LSD&mid=shm&sid1=102&oid=214&aid=0000900058,MBC,"[뉴스데스크]◀ 앵커 ▶앞서 조명하 기자의 단독 보도 보신 것처럼 김용균 씨는 이렇게 살인병기와 다름없는 열악한 곳에서 홀로 작업을 하다가 숨졌습니다.아들이 일하던 곳을 직접 눈으로 본 어머니는 오열했습니다.박진주 기자입니다.◀ 리포트 ▶지난 11일 고 김용균씨가 숨진 채 발견된 사고 현장이 사진으로 공개됐습니다.동료들은 머리를 좁은 구멍에 넣어야 떨어진 석탄을 제거할 수 있고, 바닥에는 장애물이 많아 컨베이어 벨트 위로 넘어다니며 이동해야 했다고 증언했습니다.[고 김용균씨 동료]""어두워가지고 랜턴 등 필수적인 용품이 필요합니다(컨베이어) 벨트를 넘어서 이동해야하는데 지붕이 너무 낮고…""아들이 일했던 작업장을 직접 눈으로 보고 난 어머니는 가슴이 미어집니다.[김미숙/김군 어머니]""아무리 일자리가 없어도 평생 놀고 먹어도 이런 데를 안 보낼거라고 (생각했어요) 어느 부모가 자기 자식을 살인병기에 내몰겠습니까""수차례 작업장에 대한 안전점검을 요구했지만 사측이 묵살했다는 주장도 나왔습니다.[조성애/공공운수노조 정책국장]""(서부발전 측 답변은) 고치는데 3억이 든다고…3억보다 더 떨어지는 게 노동자 목숨값이라는 겁니다""대책위는 다음주 월요일부터 시작될 고용노동부 특별관리감독에 유가족과 동료들의 공동참여를 요구하기로 했습니다.또 내일(15) 김 군의 유품을 공개하는 등 진상규명이 이뤄질 때까지 추모행사를 이어가기로 했습니다.MBC뉴스 박진주입니다.박진주 기자[저작권자(c) MBC (http://imnews.imbc.com) 무단복제-재배포 금지]▶ [엠빅비디오] 로드맨_짓지도 않은 집, 사고 보니...▶ [바로간다] 운송업체 돌며 돈 챙긴 노조간부…'비리' 제보 잇따라▶ [14F] 퇴사한다고 다 받는 게 아니더라, 실업급여의 오해와 진실Copyright(c) Since 1996,MBC&iMBCAll rights reserved."
8,2018-12-14,쓰레기로 기부한 부끄러운 양심…60%는 폐기물,https://news.naver.com/main/read.nhn?mode=LSD&mid=shm&sid1=102&oid=449&aid=0000163289,채널A,"연말을 맞아 소외된 이웃을 위해 나눔을 실천하는 분들도 많아집니다.그런데 기부센터가 쓰레기 처리장이 된 곳도 있습니다.기부 물품을 보낸다며 못 쓰는 물건을 보내는 경우가 많아서인데요.기부 에티켓이 실종된 현장을 이현용 기자가 취재했습니다.[리포트]분주하게 쓰레기를 퍼 올리는 집게차.버려진 옷을 퍼 나르고 있습니다.쓰레기 처리장처럼 보이는 이곳은 사실 기부 센터입니다.기부받은 물품 가운데 되팔 수 있는 것을 골라내고 남은 것을 처리하는 것인데, 하루 평균 1톤 트럭 17대 분량이 들어와 12대는 다시 폐기물로 실려 나갑니다.[이현용 기자]""서울 전역에서 들어온 기부 물품들을 1차로 분류하는 곳인데요.이렇게 못 쓰는 기부 물품들도 적지 않습니다.이 신발은 밑창이 헐어서 도저히 신을 수 없고요.이 가방은 가죽이 헤져서 가루가 떨어질 정도입니다.""잔뜩 때가 낀 믹서기, 코팅이 벗겨진 프라이팬 뿐 아니라 입었던 속옷으로 보이는 민망한 물건까지 기부 물품이라는 이름으로 들어왔습니다.[박종범 / 아름다운가게 순환사업국장]""아직까지도 물품 기증이라고 하면 남이 사용할 수 있는 물건을 기증하기보다는 이사 등 정리차원에서 생각하시는 분들이 많은 것 같습니다.""이 사회적 기업의 기부 물품은 5년 새 2배로 늘었습니다.하지만 같은 기간 폐기물은 3배로 늘었습니다.10건을 기부받으면 6건은 버려지는 겁니다.쓸 수 있는 것보다 버리는 게 더 많은 현실, 기부의 예의가 절실해 보입니다.채널A 뉴스 이현용입니다.hy2@donga.com영상취재: 한일웅 조세권영상편집: 최현영그래픽: 임솔▶'채널A' 홈페이지▶'채널A 뉴스 페이스북' 친구 추가꿈을 담는 캔버스 채널A  ⓒCHANNEL A(www.ichannela.com), 무단 전재 및 재배포 금지"
9,2018-12-14,"[일문일답] ""예멘 정세 안정되면 난민 지위 철회 가능""",https://news.naver.com/main/read.nhn?mode=LSD&mid=shm&sid1=102&oid=421&aid=0003740924,뉴스1,"김도균 제주출입국외국인청장이 14일 제주시 용담동 제주외국인출입국청 1층 강당에서 예멘 난민 신청자에 대한 심사결과 브리핑을 하고 있다. 김 창장은 브리핑에서 난민 신청자 484명 중 2명을 난민으로 인정한다고 밝혔다.2018.12.14/뉴스1 © News1 이석형 기자(제주=뉴스1) 오미란 기자 = 법무부 제주출입국·외국인청(이하 제주출입국청)은 올해 제주에 입국해 난민 지위를 신청한 예멘인 484명 중 2명에 대해 난민 지위를 인정했다.언론인 출신인 이들은 반군 후티 등에 대한 비판적인 기사 등을 쓰면서 납치·살해 협박을 당했으며, 향후에도 박해 가능성이 높은 것으로 판단됐다.난민 지위 인정자에게는 출도 제한 해제, 체류기간 연장 조치와 함께 우리나라 국민과 동등한 복지혜택이 적용된다. 가족들의 입국도 함께 허용된다.김도균 제주출입국청장의 브리핑 내용을 일문일답으로 정리했다.- 제주 예멘 난민 신청자 심사 결과는?▶올해 4월 이후 출도가 제한된 예멘 난민 신청자 총 484명에 대해 난민 인정 2명, 인도적 체류허가 412명, 단순 불인정 56명, 직권 종료(신청 철회·미입국) 14명으로 심사를 마무리했다.- 판단 기준은?▶난민협약·난민법상 난민 요건에 해당돼 난민 지위가 인정된 2명은 언론인 출신으로, 심사 과정에서 후티 반군 등에 대한 비판적인 기사 납치·살해 협박 등을 당한 것으로 확인됐다. 향후에도 박해 가능성이 높은 것으로 판단했다.인도적 체류허가자는 추방할 경우 예멘의 현재 내전 상황 등으로 생명 또는 신체의 자유 등을 현저히 침해당할 것으로 판단되는 경우다. 단순 불인정자는 제3국에서 안정적으로 정착할 수 있을 것으로 판단되는 사람 등 국내 체류가 부적절한 사람이다.- 증거 불충분으로 난민 지위를 인정받지 못한 사람도 있을 텐데.▶있을 수 있다. 그러나 '인종, 종교, 국적, 특정 사회집단의 구성원 신분, 정치적 견해' 5대 사유로 인해 박해받는 상황은 의외로 적었다. '강제 징집을 피해야 한다' 등의 진술을 한 사람이 대부분이었다. 난민 지위 인정 대상임에도 난민 지위를 받지 못한 사람들은 이의신청을 할 수 있다.- 난민 지위 인정자에게는 어떤 혜택이 주어지나?▶기본적으로 출도 제한 조치가 해제되고, 국내 체류기간도 3년 연장된 뒤 추후 계속 연장할 수 있다. 난민법에 규정된 국민기초생활수급자에 준하는 복지혜택도 받을 수 있다. 가족들의 입국도 허용된다. 보다 포괄적인 보호를 받게 된다고 이해하시면 된다.- 예멘 휴전 합의가 심사에 영향을 미쳤나?▶오늘 UN 중재로 예멘 정부와 반군 후티가 휴전하기로 합의한 것으로 알고 있다. 내년 1월 말 2차 평화협상이 남아 있다. 이번 휴전 합의 이후 정세가 안정되기까지 다소 시일이 걸릴 것으로 보인다. 향후 예멘 국가 정황과 휴전합의 준수 여부 등에 대해 지속적으로 모니터링할 계획이다.- 예멘 내전 문제가 해결되면 어떤 조치가 이뤄지나?▶난민 지위를 인정받았다 하더라도 난민법상 국가 상황이 좋아지면 난민 지위가 철회될 수 있다.- 제주에서 난민 지위를 인정받은 사람은 총 몇 명인가?▶지난 5월에도 중국인 1명이 법원 확정판결로 난민 지위를 인정받았다. 현재 내부적으로 절차를 진행 중인데, 난민 지위를 인정받을 것으로 보인다. 가족 1명도 함께 인정될 것으로 예상된다. 이번 난민 지위를 인정받은 언론인 2명을 포함하면 총 4명이 된다.- 난민 지위 인정받으면 난민 증명서가 발급되나?▶기본적으로 여권을 사용할 수 있다. 여권을 발급받을 수 없을 경우에는 난민 증명서를 발급받을 수 있다.- 이의 신청한 사람은 총 몇 명인가?▶불인정자 모두 이의신청을 제기했다. 향후 이들이 소송까지 제기하면 최대 2년까지 국내에 체류할 수 있을 것으로 보인다.- 심사 과정에서 테러 등 범죄 혐의점은 없었나?▶개별 전수조사를 거친 결과 현재까지 테러 혐의자는 밝혀진 바 없다. 마약 복용한 사람은 4명 있었다. 이와 관련해 절차를 진행 중이다.mro1225@news1.kr▶ 진짜 블록체인을 만나는 곳 '크립토허브' 오픈!▶ [페이스북] 바로가기!▶ 에어팟&스타벅스 커피 경품(~12/25)[© 뉴스1코리아(news1.kr), 무단 전재 및 재배포 금지]"
10,2018-12-14,"""걸을 수도, 설 수도 없었다"" 故 김용균씨 열악한 작업환경",https://news.naver.com/main/read.nhn?mode=LSD&mid=shm&sid1=102&oid=001&aid=0010527415,연합뉴스,"""분탄 끼었는지 살필 땐 여차하면 기계로 빨려들어갈 듯""김 씨 부모·동료·현장조사 관계자 등 증언타들어가는 어머니의 마음(서울=연합뉴스) 김도훈 기자 = 14일 오후 서울 중구 프란치스코 교육회관에서 열린 故 김용균 태안화력 발전소 노동자 사망사고 현장조사 결과 공개 기자회견에서 김 씨의 어머니 김미숙씨가 오열하고 있다. 2018.12.14 superdoo82@yna.co.kr(서울=연합뉴스) 성서호 기자 = ""하나밖에 없는 아들, 한 번도 속 썩인 적이 없는 착한 아들이 죽었다는 소식에 우리도 같이 죽었습니다. 그곳에서 함께 일하는 다른 아이들에게도 말했습니다. 거기서 빨리 나오라고요.""이달 11일 새벽 충남 태안군 원북면 태안화력 9·10호기에서 운송설비점검을 하다가 불의의 사고로 목숨을 잃은 김용균(24) 씨의 어머니 김미숙 씨는 이렇게 단장(斷腸)의 고통을 눈물로 호소했다.김 씨는 남편 김해기 씨와 함께 이날 오후 서울 중구 프란치스코교육회관에서 '태안화력 비정규직 노동자 사망 사고 진상규명 및 책임자 처벌 시민대책위원회' 주최로 연 기자회견에 참석했다.김 씨는 전날 오후 2∼6시 고용노동부, 안전관리공단, 원청인 서부발전, 태안화력 협력업체인 한국발전기술과 함께 아들 김 씨가 숨을 거둔 현장을 찾았다.현장에서 본 아들의 작업환경은 이루 말할 수 없을 정도로 열악했다는 게 김 씨의 증언이다.김 씨는 몇 차례 눈물을 삼키고 가슴을 움켜쥐면서 어렵게 말을 이어 나갔다.김 씨는 ""내가 이런 곳에 아들을 맡기다니, 너무 많은 작업량과 열악한 환경 때문에 말문이 막혔다""며 ""어제는 기계가 멈춰 있어서 그나마 앞이 잘 보였지만, 동료들 얘기로는 평소에는 너무 먼지가 많이 날려 앞이 잘 안 보인다더라""고 말했다.태안 화력발전소 노동자 사망사고 현장조사 결과 발표(서울=연합뉴스) 김도훈 기자 = 14일 오후 서울 중구 프란치스코 교육회관에서 열린 故 김용균 태안화력 발전소 노동자 사망사고 현장조사 결과 공개 기자회견에서 김 씨의 어머니 김미숙씨가 발언을 하고 있다.왼쪽부터 민주노총 전국공공운수노조 조성애 정책기획국장, 발전비정규직연대회의 이태성 간사, 아버지 김해기씨, 어머니 김미숙씨. 2018.12.14 superdoo82@yna.co.kr힘없이 울먹이며 어깨를 들썩이던 남편 김 씨는 아내의 말을 가로막더니 ""너무 미치고 죽을 것만 같다. 제발 우리 아들 좀 살려달라""면서 ""열악한 시설에서 우리 아들이 억울하게 죽어갔다""고 갈라지는 목소리로 말했다.1994년생으로 올해 9월 17일 한국발전기술의 컨베이어 운전원으로 입사한 김용균 씨는 이달 11일 새벽 1시께 설비 점검 도중 기계 장치에 몸이 끼어 목숨을 잃었다.시민대책위원회에 따르면 김 씨는 교대 근무자로 오후 6시 30분에 출근해 현장에서 컨베이어 벨트 부품인 아이들러(idler) 이상소음 발생 시 베어링 이상 유무 확인, 낙탄 제거 작업 등을 맡았다.이날 기자회견에 나온 김용균 씨의 동료는 ""김 씨가 사고를 당한 곳은 분탄이 많이 발생하는 곳인데, 분탄 때문에 아이들러에 간섭이 발생하지 않도록 제거해줘야 한다""고 설명했다.조성애 민주노총 공공운수노조 정책국장은 ""기계에 이물질이 꼈는지 보려면 상체를 조그만 개구부에 깊숙이 집어넣어야 하는데 작업을 하다 보면 옷깃이 눌려 빨려 들어갈 수밖에 없는 구조""라며 ""현장 노동자들은 자신들도 몇 번쯤 '훅' 하는 느낌으로 빨려가는 느낌을 받았다고 한다""고 부연했다.[시민대책위 제공]조 국장은 ""김 군은 혼자서 6㎞에 가까운 구간을 맡아 점검했다""며 ""이 구간을 하루에 3번 움직여야 하는데, 하루에 제대로 쉴 틈 없이 18㎞를 꼬박 걷는 셈""이라고 말했다.그러면서 ""그냥 걷는 것도 힘든데 낙탄을 치우면서 가야 하고, 통로가 좁고 곳곳에 물웅덩이가 있어 곡예 하듯이 움직여야 한다""고 덧붙였다.또한, 김용균 씨의 동료는 ""작업장에는 곳곳에 턱이나 장애물이 있는 데다 각 컨베이어 벨트 위로 설치된 구간으로 넘어가면서 이동해야 할 때가 있는데 지붕이 너무 낮아서 기어가야 한다""고 말했고, 조 국장은 ""600∼700ｍ가량의 긴 컨베이어 벨트 중간에 설치된 작업용 다리를 기어서 넘나든다는 것이다. 천장만 높이면 걸어 다닐 수 있는 건데 설비 투자를 하지 않은 것""이라고 비판했다.조 국장은 이어 ""통로의 공간도 좁고, 사방이 고속 회전체인 작업환경인데도 호스나 남은 자재, 석탄 때문에 보이지 않는 방지턱 등으로 걸려 넘어지기 쉬운 매우 위험한 작업환경인데도 이를 개선하지 않았다""고 규탄했다.이들과 시민대책위는 하청에 대한 원청의 '죽음의 외주화' 때문에 김용균 씨가 사망했다면서 향후 이런 일이 재발하지 않도록 해야 한다고 입을 모았다.어머니 김 씨는 ""지하 탄광보다 열악한 곳이 지금 시대에도 있다는 게 믿기지 않는다""며 ""문재인 대통령이 책임지고 이 일을 이렇게 만든 사람들을 엄중히 처벌하고 하나하나 다 밝혀서 국민께 알려주시길 부탁드린다""고 말했다.soho@yna.co.kr▶연합뉴스 채널 구독하고 스타벅스 커피 드세요▶뭐 하고 놀까? #흥▶쇼미더뉴스! 오늘 많이 본 뉴스영상"
11,2018-12-14,국민연금 국가지급보장 명문화…'적자보전' 명시될까?,https://news.naver.com/main/read.nhn?mode=LSD&mid=shm&sid1=102&oid=421&aid=0003741172,뉴스1,"정부 국가지급보장 명문화 추진…국민 91.7% 찬성박능후 장관 ""명확하게 국가 지급보장 문구 희망""14일 세종시 어진동 국민연금공단 세종지사에서 직원이 업무 중에 있다.  2018.12.14/뉴스1 © News1 장수영 기자(세종=뉴스1) 한재준 기자 = 정부가 국민연금 국가지급보장 명문화를 추진하기로 하면서 향후 법에 어떤 방식으로 명시될지 이목이 쏠린다.대다수 국민이 국가지급보장 명문화의 필요성에는 공감하고 있지만 공무원·사학연금법처럼 '적자보전' 조항을 명시할지, 추상적 개념의 지급보장을 법에 넣을지에 대해서는 의견이 갈려 향후 법 개정 과정에서도 치열한 논의가 전망된다.보건복지부는 14일 국민연금 4차 재정추계결과와 대국민 토론회에서 수렴한 국민 의견을 토대로 '제4차 국민연금종합운영계획안'을 발표했다.종합운영계획안에는 보험료율과 소득대체율을 조정하는 국민연금 4개 개편안과 함께 국가지급보장 명문화에 관한 내용도 포함됐다.국가가 국민연금 급여를 책임지고 지급하겠다는 내용의 국가지급보장 명문화는 그동안 국민적 요구가 컸다. 정부가 실시한 대국민 설문조사 결과 응답자 91.7%가 국가지급보장 명문화에 찬성하는 것으로 나타났다. 앞서 문재인 대통령도 국민연금 신뢰도 제고를 위해 명문화 방안을 주문한 바 있다.정부가 국민연금법 개정 추진을 약속했지만 지급보장에 관한 문구를 어느 수준으로 명시할지는 국회 논의가 필요하다.국가지급보장 방식은 추상적 국가지급보장과 구체적 국가지급보장, 적자보전 조항을 포함한 국가지급보장 등 크게 3가지로 나뉜다.추상적 국가지급보장은 현행 국민연금법에도 적용돼 있다. 국민연금법은 '연금급여가 안정적·지속적으로 지급되도록 국가가 필요한 시책을 수립·시행해야 한다'는 내용을 명시하고 있다. 국민연금 제도 자체가 기금운용 성과와 관계없이 연금 급여액이 정해지는 '확정급여형' 방식이기 때문에 국가가 '필요한 시책을 수립·시행'한다는 문구만으로도 어느 정도 지급 보장을 명문화하고 있다고 볼 수 있다.이번에 정부가 추진하는 국가지급보장 명문화는 현행법보다 구체적으로 국가의 책임을 명시하자는 것이다.박능후 보건복지부 장관이 14일 오전 종로구 세종대로 정부서울청사 별관에서 제4차 국민연금 종합운영계획안을 발표하고 있다.   2018.12.14/뉴스1 © News1 박정호 기자박능후 복지부 장관도 이날 브리핑에서 ""(국가지급보장 명문화는) 국회 입법 사항이지만 조금 더 명확하게 국가가 지급을 보장한다는 문구가 들어가길 희망하고 있다""고 밝혔다.공무원·사학연금법처럼 적자보전 조항까지 넣자는 주장도 일부 있다. 부족한 급여를 국가가 대신 보전해주겠다는 내용이다. 그동안 국민연금법 개정에 대한 요구가 컸던 이유도 공무원·사학연금법과의 차이 때문이었다.정부는 남인순 더불어민주당 의원 등이 발의한 국민연금법 개정안들을 토대로 토의를 거쳐 개정을 추진할 방침이다.박 장관은 ""국민연금 지급을 보장하기 위해서는 당연히 적자가 보전돼야 한다""며 ""지급을 보장하기 위한 구체적인 내용에는 여러가지가 포함될 수 있기 때문에 조금 더 포괄적이면서도 국가의 책임을 명확히 하는 방향으로 가는 것이 바람직하다고 생각한다""고 밝혔다.hanantway@news1.kr▶ 진짜 블록체인을 만나는 곳 '크립토허브' 오픈!▶ [페이스북] 바로가기!▶ 에어팟&스타벅스 커피 경품(~12/25)[© 뉴스1코리아(news1.kr), 무단 전재 및 재배포 금지]"
12,2018-12-14,"""서부발전, 김용균씨 사망 과실증거 인멸 시도…조사 엉터리""",https://news.naver.com/main/read.nhn?mode=LSD&mid=shm&sid1=102&oid=001&aid=0010527340,연합뉴스,"70개 시민단체 대책위원회 현장조사 결과 발표태안 화력발전소 노동자 사망사고 현장조사 결과 발표(서울=연합뉴스) 김도훈 기자 = 14일 오후 서울 중구 프란치스코 교육회관에서 열린 故 김용균 태안화력 발전소 노동자 사망사고 현장조사 결과 공개 기자회견에서 민주노총 발전비정규직연대회의 이태성 간사가 사망사고 내용에 대해 발언하고 있다. superdoo82@yna.co.kr(서울=연합뉴스) 성서호 기자 = 이달 11일 새벽 충남 태안군 원북면 태안화력 9·10호기에서 운송설비점검을 하다가 불의의 사고로 목숨을 잃은 김용균(24) 씨에 대한 원청과 하청의 사망 사고 조사가 엉터리로 진행됐다고 시민단체들이 주장하고 나섰다.민주노총 등 총 70개 단체로 꾸려진 '태안화력 비정규직 노동자 사망 사고 진상규명 및 책임자 처벌 시민대책위원회'는 14일 오후 서울 중구 프란치스코교육회관에서 기자회견을 열고 전날 벌인 현장 조사 결과를 발표했다.이들은 전날 오후 2∼6시 고용노동부, 안전관리공단, 원청인 서부발전, 태안화력 협력업체인 한국발전기술, 유족과 함께 사고 조사를 진행했다.이들은 직접 현장을 둘러본 결과, 서부발전이 거짓말을 하고 있고, 한국발전기술 또한 부실하게 사고 조사를 했다고 주장했다.눈물 바다가 된 현장조사 결과 공개 기자회견(서울=연합뉴스) 김도훈 기자 = 14일 오후 서울 중구 프란치스코 교육회관에서 열린 故 김용균 태안화력 발전소 노동자 사망사고 현장조사 결과 공개 기자회견에서 김 씨의 아버지 김해기씨가 발언을 하고 있다.    왼쪽부터 민주노총 전국공공운수노조 조성애 정책기획국장, 발전비정규직연대회의 이태성 간사, 아버지 김해기씨, 어머니 김미숙씨.  superdoo82@yna.co.kr이들은 ""한국발전기술의 안전사고 보고서는 시간 순서에 따라 김 씨를 찾는 과정과 상황을 서술한 것일 뿐 사망 사고의 발생 원인이 전혀 담기지 않았다""며 ""김 씨가 왜 구동 모터 안으로 들어갔는지, 왜 신체 일부가 말려 들어가는 사고가 발생했는지 이유를 파악하지 않았다""고 지적했다.아울러 ""서부발전은 한국발전기술에 낙탄 제거 업무 등을 지시한 적이 없다고 하지만, 실제로는 다르다""며 ""서부발전에서 승인한 한국발전기술의 작업지침서 등을 보면 유지관리 업무뿐만 아니라 김 씨가 한 낙탄 제거 업무가 포함돼있다""고 덧붙였다.이들은 또한, ""서부발전은 사고 이후 작업중지가 내려졌는데도 작업자들에게 일부 작업을 재개할 것을 지시했다""며 ""언론과의 접촉을 삼가라는 등 협박까지 일삼으며 사건을 은폐하려고도 했다""고 강조했다.그러면서 ""물적 증거를 없애기 위해 느슨한 상태이던 풀코드(정지 스위치)를 재조정하는 등 사망 사고에서 서부발전의 과실이 되는 물적 증거를 삭제하고 있다""고 주장했다.태안 화력발전소 노동자 사망사고 현장조사 결과 발표(서울=연합뉴스) 김도훈 기자 = 14일 오후 서울 중구 프란치스코 교육회관에서 열린 故 김용균 태안화력 발전소 노동자 사망사고 현장조사 결과 공개 기자회견에서 민주노총 전국공공운수노조 조성애 정책기획국장이 조사 결과를 발표하고 있다.  superdoo82@yna.co.kr이들은 회사 측이 사고 시간도 조작했다고 주장했다.전날 현장 조사에 참여했다는 조성애 민주노총 공공운수노조 정책국장은 ""회사 측에서 사고를 신고한 시간이 새벽 3시 50분이라고 했는데 경찰에 확인해 보니 4시 25분이었다""며 ""나중에 실수였다고 바로 잡았지만, 석연치 않은 지점""이라고 꼬집었다.조 국장은 ""고용노동부 지침에 따라 산업재해를 당한 현장의 노동자들에게 트라우마 치료를 해야 하지만, 아직도 치료는 이뤄지지 않고 있다""며 ""지금은 정확한 사고 원인을 조사해야 하는 시점인데도 서부발전은 안전진단은 하겠다면서 작업자들에게 설명을 요구하고 있다""고 비판했다.그러면서 ""서부발전에서는 하청업체에 관련 서류를 다 올리라고 했다""며 ""혹시 서류를 은폐하거나 조작하려고 한 것은 아닌지 의심스럽고, 우리가 전날 현장에 가지 않았다면 서류들이 어떻게 조작됐을지 알 수 없는 노릇""이라고 덧붙였다.조 국장은 ""사고가 난 기기 등을 포함해 28번씩이나 현장에서 설비 개선을 요구했지만, 서부발전에서는 개선에 3억 원이 든다며 다른 방법으로 고쳐주겠다고 했다""며 ""노동자의 목숨값이 3억 원보다 덜하다는 것인가""라고 말했다.눈물 바다가 된 현장조사 결과 공개 기자회견(서울=연합뉴스) 김도훈 기자 = 14일 오후 서울 중구 프란치스코 교육회관에서 열린 故 김용균 태안화력 발전소 노동자 사망사고 현장조사 결과 공개 기자회견에서 김 씨의 아버지 김해기씨가 발언을 하고 있다.왼쪽부터 민주노총 발전비정규직연대회의 이태성 간사, 아버지 김해기씨, 어머니 김미숙씨.  superdoo82@yna.co.kr타들어가는 어머니의 마음(서울=연합뉴스) 김도훈 기자 = 14일 오후 서울 중구 프란치스코 교육회관에서 열린 故 김용균 태안화력 발전소 노동자 사망사고 현장조사 결과 공개 기자회견에서 김 씨의 어머니 김미숙씨가 오열하고 있다.  superdoo82@yna.co.kr이날 기자회견에 참석한 김 씨의 동료는 ""서부발전은 낙탄 처리를 시킨 적이 없다고 하지만, 현장 파트장이나 그 윗분들을 통해서 사진까지 첨부해 지시했다""며 ""서부발전은 사고 발생 지점에서 분탄이 많이 나와서 노동자들이 개선을 요청했더니 방진이 아닌 분탄을 빨아들일 배큠 클리너(청소기)만 시공해줬다""고 증언했다.이 동료는 또한, ""기계 운전을 중지할 수 있는 풀코드 스위치는 와이어(선)를 당겨서 작동시키는데, 평소에는 이 와이어가 느슨하게 늘어져 있다""며 ""팽팽해야 즉각적으로 상황에 대처할 수 있는데 현장에 있는 많은 와이어들이 다 늘어져 있다""고 말했다.조 국장은 ""사측에서는 실수로라도 풀코드를 쓰면 기본 30분간 작업이 중지되기 때문에 회사의 허락을 받고 쓰라고 한다""며 ""그래서 풀코드가 늘어져 있던 건데, 이 경우 와이어를 잡아당겨봤자 10초 후에나 멈출 수 있다""고 설명했다.이들은 오는 15일 오후 7시 서울 광화문 광장에서 촛불집회 및 문화제를 열고 '죽음의 외주화'를 중단할 것을 촉구할 계획이다.또한, 문재인 대통령에게 비정규직 노동자들과의 면담을 요구하면서 오는 20일까지 답변을 받지 못할 경우 21일부터 광화문 광장에서 촛불집회를 연다는 방침이다.[시민대책위 제공]soho@yna.co.kr▶뭐 하고 놀까? #흥▶쇼미더뉴스! 오늘 많이 본 뉴스영상▶네이버 홈에서 [연합뉴스] 채널 구독하기"
13,2018-12-14,"""영어 못해"" 미스유니버스 美 대표, 베트남 대표 비하 논란",https://news.naver.com/main/read.nhn?mode=LSD&mid=shm&sid1=104&oid=001&aid=0010527035,연합뉴스,"미스 유니버스에 출전하는 미국 대표(왼쪽)와 호주 대표(오른쪽)[인스타그램 캡처](방콕=연합뉴스) 김상훈 특파원 = 미스 유니버스 2018 대회에 출전한 미국 대표가 영어를 구사하지 못하는 베트남과 캄보디아 대표를 비하하는 듯한 발언으로 뭇매를 맞고 있다.오는 17일 태국 수도 방콕에서 열리는 미스 유니버스 2018에 미국 대표로 출전하는 새라 로즈 서머스는 호주, 콜롬비아 대표와 함께 찍은 영상을 지난 12일 인스타그램에 올렸다.영상에서 서머스는 ""미스 베트남에 대해 어떻게 생각하느냐?""고 묻고는 ""그녀는 아주 귀엽고 영어를 잘 하는 척하지만, 대화를 나눈 뒤 질문을 던지면 고개를 끄덕이거나 웃기만 한다""고 말했다.또 서머스는 ""그녀는 사랑스럽다""고 덧붙인 뒤 미스 베트남의 행동을 흉내 내듯 고개를 끄덕이며 웃었다.[인스타그램 제공]서머스는 이어 미스 캄보디아도 영어를 한마디도 못 한다면서 ""누구도 그녀의 언어를 구사하지 못한다. 고립되고 혼란스러운 상황이다. 불쌍한 캄보디아""라고 덧붙였다.영상이 SNS 통해 퍼져 나가면서 서머스 등을 비난하는 글이 줄을 이었다.'포츠스키'라는 이름의 인스타그램 이용자는 ""미스 미국과 미스 호주에 대한 존경심이 싹 사라졌다. 진정한 미녀가 할 말은 아니다""고 말했다.쏟아지는 비난에 서머스도 사과 모드로 돌아섰다.그는 인스타그램을 통해 ""일부 동료들의 용기를 칭찬하기 위한 의도였는데, 돌이켜보니 존경심이 결여된 말을 했다는 생각이 든다. 사죄한다""며 ""상처를 줄 의도는 없었다""고 썼다.2018 미스유니버스 예선서 미모 뽐내는 미국 대표(방콕 로이터=연합뉴스) 2018 미스 유니버스 대회에 참가한 새러 로즈 서머 미국 대표가 지난 13일(현지시간) 태국 방콕에서 열린 대회 예선에서 이브닝 가운을 입고 등장해 자신의 미모를 과시하고 있다. jelee@yna.co.krmeolakim@yna.co.kr▶뭐 하고 놀까? #흥▶쇼미더뉴스! 오늘 많이 본 뉴스영상▶네이버 홈에서 [연합뉴스] 채널 구독하기"
14,2018-12-14,일본군 '위안부' 피해 이귀녀 할머니 별세…생존 피해자 25명,https://news.naver.com/main/read.nhn?mode=LSD&mid=shm&sid1=102&oid=421&aid=0003740619,뉴스1,"지난해 이어 올해도 8명 유명 달리해14일 오전 별세한 이귀녀 할머니의 생전 모습(정의기억연대 홈페이지 갈무리) © News1(서울=뉴스1) 유경선 기자,이우연 기자 = 일본군 '위안부' 피해자 이귀녀 할머니가 14일 오전 향년 92세를 일기로 별세했다. 이로써 정부에 등록된 피해 생존자는 25명으로 줄었다.정의기억연대는 이 할머니가 이날 오전 경기 용인시의 한 요양병원에서 세상을 떠났다고 밝혔다. 올해 숨을 거둔 피해 할머니는 모두 8명이다. 지난해에도 8명의 피해 할머니가 유명을 달리했다.정의기억연대에 따르면 1926년 충북 청주에서 태어난 이 할머니는 중국으로 끌려가 일본군 '위안부' 생활을 하며 고초를 겪었다. 이 할머니의 기억에 따르면 할머니가 피해를 입은 건 17~18세쯤으로, '중국에 가면 돈을 많이 벌 수 있다'는 말에 이끌려 중국으로 건너갔다.해방 이후에도 중국에 남아 가족을 꾸리고 생활하던 이 할머니는 2012년 고국으로 돌아온 뒤 요양병원에서 생활해왔다.정의기억연대 측은 ""이 할머니는 내내 고국을 그리워하고, 한국과 중국이 교류하지 않을 때 조선말이 들리면 쫓아나가셨다""며 ""이제는 고통스럽지 않게 편안하고 자유로운 곳으로 가시기를 바란다""고 이 할머니의 명복을 빌었다.정의기억연대는 오는 19일에 열리는 제1366차 정기 수요집회에서 이 할머니를 추모할 예정이다. 26일 올해 마지막 수요집회에서는 올해 별세한 피해 할머니 8명의 합동추모회를 열 계획이다.이 할머니의 빈소는 서울 용산구 순천향병원에 마련된다. 발인은 17일 오전 6시, 장지는 국립 망향의동산이다.kaysa@news1.kr▶ 진짜 블록체인을 만나는 곳 '크립토허브' 오픈!▶ [페이스북] 바로가기!▶ 에어팟&스타벅스 커피 경품(~12/25)[© 뉴스1코리아(news1.kr), 무단 전재 및 재배포 금지]"
15,2018-12-14,중국이 콩을 '미·중 무역전쟁의 화해 선물'로 선택한 까닭은,https://news.naver.com/main/read.nhn?mode=LSD&mid=shm&sid1=101&oid=081&aid=0002963704,서울신문,"[서울신문]중국이 미국과의 90일 간 무역전쟁 휴전에 들어간 이후 첫 선물로 대두(大豆·콩)를 선택했다. 미국의 첨단 제조업 제품이나 보잉 여객기처럼 부가가치가 높고 덩치가 큰 품목이 아닌 콩 수입을 가장 먼저 재개한 중국의 이유에 관심이 쏠린다.중국이 12일 무역전쟁 화해 제스처로 미국산 대두 수입을 시작했다. 사진은 중국 장쑤성 난퉁시에서 수입산 대두를 하역하는 모습. 차이나데일리 홈페이지 캡처영국 파이낸셜타임스(FT) 등에 따르면 중국은 미국산 대두에 보복관세를 부과한지 5개월여 만인 12일(현지시간) 콩 수입을 재개해 24시간 동안 150만~200만t의 물량을 사들였다. 미국 대두수출위원회는 이날 중국이 주문한 물량은 내년 1분기 선적될 것이라고 밝혔다. FT는 콩이 미·중 관계에서 매우 중요한 부분을 차지하고 있다고 지적했다.중국은 콩과 해바라기씨 등 기름을 짤 수 있는 오일시드(Oilseed) 부문에서 세계 최대 소비국인 동시에 최대 수입국이다. 대두는 식용유와 기름을 짜낸 뒤의 콩깻묵이 돼지 등 가축사료의 주요 원료 중 하나다. 특히 다양한 식품 가격에 영향을 주는 콩 수급에 차질을 빚으면 당장 물가가 크게 오르는 부정적인 효과가 있는 탓에 서민 생활이 불안정해지는 만큼 시진핑(習近平) 정권의 안정과도 밀접한 관계가 있는 현안이다.중국은 미국과의 무역전쟁 일환으로 지난 7월부터 미국산 콩에 25%의 추가 관세를 부과했다. 이에 따라 미국의 대두 수입선이 막혀 상대적으로 가격이 비싼 브라질 등 남미산 의존도가 커지는 바람에 중국은 인플레이션 위기에 놓이게 됐다. 돼지는 중국이 식탁에서 빼놓을 수 없는 필수 식재료이다. 콩 수입이 급감하면서 돼지고기 사료값이 큰 폭으로 뛰면서 돼지고기 값도 덩달아 수직 상승하는 통에 중국인들의 불만이 나날이 높아지고 있는 상황이다. 중국은 지난 4~9월 6개월간 매달 콩 가격이 전년 수준을 크게 웃돌았다. 그 여파로 지난 10월 돼지고기 가격은 6개월 전보다 40%나 치솟았다. 중국이 미국과의 무역전쟁이 휴전에 들어가자마자 곧바로 콩 수입에 나선 것은 그동안 대두 보복 관세로 중국도 커다란 고통을 받았다는 증거인 셈이다.미국 입장에서도 콩은 ‘귀하신 몸’이다. 미국의 대중국 수출에서 콩은 핵심 농산물이다. 지난해 중국이 사들인 대두 규모는 금액 기준으로 120억 달러(약 13조 5000억원)에 이른다. 미국 대두 수출의 57%를 차지하고 있는데 그 다음으로 많이 수입하는 멕시코보다 8배 이상 많다. 그러나 중국의 보복관세 부과로 올해 1~10월 미국의 대중국 콩 수출 규모는 전년 같은 기간보다 62%나 곤두박질쳤다. 이 때문에 트럼프 대통령의 2016년 대선 승리에 결정적인 역할을 했던 중서부 농업지역인 ‘팜벨트’ 농민의 민심이 사나워질 수 있는 것이다. 트럼프 대통령은 11일 로이터통신과의 인터뷰에서 “중국이 엄청난 양의 대두를 사들이기 시작했다”며 반색한 것도 이런 연유에서다.콩은 강대국들의 무역전쟁에서 빠지지 않는 전략 무기였다. 중국의 미국산 콩 수입이 증가하게 된 계기는 1980년대 초로 거슬러 올라간다고 일본 니혼게이자이신문이 설명했다. 당시 지미 카터 미 행정부가 옛소련에 농산물 금수조치를 취하자 미국 농가가 수요가 급증하고 있는 아시아 시장 쪽으로 눈을 돌린 것이다. 2000년대 들어서는 경제발전으로 소득 수준이 높아진 중국에서 돼지 등 가축사료용 대두 수요가 급증한 덕분에 미국의 콩 수출은 급속히 확대됐다. 지난해 중국의 대두 수입량은 세계무역기구(WTO) 가입 당시인 2001년보다 7배나 폭발적으로 증가했다.하지만 일각에서는 중국이 미국산 콩 수입을 재개했지만 예전만큼 수입량이 회복될 수 있을지 지켜봐야 한다는 신중론이 강하다. 중국이 미국산 대두에 부과했던 25%의 관세를 여전히 유지하고 있는 데다 중국 기업들의 상당수가 이미 콩 수입선을 브라질과 아르헨티나 등 남미지역 등으로 옮겼기 때문이다. 더군다나 90일간 휴전이 끝나지 않은 상황이어서 내년 연초 열릴 예정인 미·중 무역협상에서 얘기가 잘 안될 경우 중국의 미국산 콩 수입 재개가 번복될 수 있다는 불확실성도 존재한다. 중국 동남부 푸젠(福建)성 샤먼(厦門)의 한 콩 수입업자는 중국 관영 글로벌타임스를 통해 “25% 관세 부과 때문에 현재 미국산 대두를 수입하지 않고 있고 앞으로 계획도 없다”며 “현재 브라질에서 수입하고 있는 대두가 꽤 괜찮고 아르헨티나에서도 콩을 수입할 예정”이라고 말했다. 또 다른 대두 수입업자 역시 “즉각적으로 미국산 콩 수입을 재개하기 보다는 상황을 좀 더 지켜보고 나서 결정할 것”이라며 “90일 간의 휴전이 중간에 깨질 경우 자칫하다간 수입한 미국산 대두가 통관을 못하고 묶일 수도 있다”고 우려했다.김규환 선임기자 khkim@seoul.co.kr▶채널 구독하고, 따뜻한 시간 보내세요(기프티콘 증정)▶ [인기 무료만화] [페이스북]ⓒ 서울신문(www.seoul.co.kr), 무단전재 및 재배포금지"
16,2018-12-14,"조종사들은 ""핫도그 삼개 주세요""라고 읽는다?",https://news.naver.com/main/read.nhn?mode=LSD&mid=shm&sid1=104&oid=009&aid=0004271787,매일경제,"항공교신이 오고가는 관제탑 안의 분주한 모습 / 사진=KLM항공[두바이 파일럿 도전기-84] 예전 항공 영화를 볼 때 조종사들이 알 수 없는 용어를 써가면서 자기네들끼리 무전을 주고받는 걸 본 적이 있다. 예컨대 관제탑에다 말할 때 ""HOTEL LIMA ~~"" 이런식으로 암호처럼 얘기하던 거였는데, 이게 나중에 '포네틱 코드(Phonetic Code)'을 사용한 항공교신이었다는 걸 시간이 지나 파일럿 준비를 하면서 깨우쳤다.알파벳이나 숫자를 말할 때 특정 알파벳으로 시작하는 단어를 말하는 것이 포네틱 코드의 정의다. 그리고 그 단어를 어떤 사람에게 말해도 포네틱 코드를 아는 사람은 이해할 수 있도록 모든 문자에 특정 단어를 미리 지정해놓았다. 통신상에 있어서 단순하게 알파벳 글자만을 발음했을 때 생길 수 있는 오류를 최소화하기 위해서다.포네틱 코드는 항공 종사자뿐 아니라 영미권에서 유학하는 학생들에게도 익숙해지면 참 좋다. 유학이나 현지 생활을 하지 않더라도 알고 있으면 여행 중 현지에서 전화로 알파벳 부를 일이 있을 때 매우 유용하다. 개인적으로는 전화로 점원에게 이메일 주소를 불러줄 때 가장 유용히 사용했다. ""A as in Alpha, S as in Sierra, G as in Golf"" 같이 말하면 된다.◆포네틱 코드의 유래포네틱 코드는 군대나 선박, 비행기 조종사들이 호출 부호나 특별한 지시 및 보고 등 단어를 말할 때 사용하던 것이 시초다. 그냥 말하지 않고 음성 기호로 읽는 이유는, 문자나 숫자를 그대로 읽으면 무선 교신 중 잡음이나 주변의 폭음 등으로 인한 시끄러운 상황에서 오해할 가능성이 있기 때문이다. 특히 알파벳 하나의 실수가 큰 피해로 돌아오는 전쟁이나 항공 운항 등 긴급 상황에서는 이게 필수적이었다.그러다보니 요즘에만 쓰였던 것이 아닌 오래전부터 쭉 쓰여왔다. 2차 세계대전 당시를 다룬 영화를 보면 미국 조종사들이 이 포네틱 코드를 이용해 무전을 하는 것을 들을 수 있을 것이다. (하지만 자세히 들어보면 지금 사용하는 포네틱 코드와는 조금 다른데, 당시 미국이 사용하던 포네틱 코드가 현재는 ICAO 기준으로 대체됐기 때문이다.)◆구성 및 활용조종사뿐 아니라 지상직 또는 객실 승무원들도 이 포네틱 코드를 승객 좌석을 언급할 때 많이 사용하곤 한다. 보통 여객기 좌석이 A부터 많게는 K까지 있기 때문에 좌석을 지정하거나 또는 특정 좌석을 지칭할 때 포네틱코드와 숫자를 섞어서 말하면 헷갈리지 않고 쉽게 알아 들을 수 있다. C2 좌석이면 ""찰리 투(CHARLIE TWO)"", E3 좌석이면 ""에코 트리(ECHO TREE)""라고 말하는 식이다.영어에서 'B'와 'E'는 통신상에서 전달될 때 발음의 정확도에 따라 혼동을 줄 수 있다. 특히 'N'과 'M', 'V'와 'B'는 네이티브 스피커도 무전으로 들으면 헷갈릴 때가 많다. 따라서 포네틱 코드에서는 이런 오해를 원천적으로 차단하기 위해 각 로마자의 첫 글자로 시작하는 확실히 이해하기 쉬운 단어로 부른다. 그리고 무전할 때 한 자 한 자 띄어가면서 읽는다.표를 보면서 알파벳이 포네틱 코드로는 어떻게 불리는지 숙지해보자. 개인적으로 가장 효과가 좋았던 건 아는 영어 단어들을 전부 적어놓고 포네틱코드로 읽는 연습을 하는 것이었다. 예컨대 Book을 ""브라보, 오스카, 오스카, 킬로"" 이렇게 읽는 것이다. 계속 하다보면 오히려 ""비, 오, 오, 케이""라고 읽는 것이 어색해지는 순간이 온다.◆""핫도그 삼 개 주세요""사실 미국 기준의 알파벳 포네틱코드뿐만 아니라 영국이나 독일, 러시아도 각각 이런 방식의 자신만의 코드 분류를 사용하고 있으며, 우리나라에도 우리나라만의 국문용 포네틱 코드가 있다. 아마 군대를 포병 분야로 다녀온 사람이라면 이미 익숙할 것이다.(군대뿐 아니라 아마추어 무선통신이나 선박 등 민간 영역에서도 쓰인다.)이러한 국문 숫자 포네틱 코드를 활용하면 ""핫도그 세 개 주세요""가 ""핫도그 삼 개 주세요""가 된다. 한글의 모음 중 일부인 'ㄱ' 'ㄴ' 'ㄷ' 'ㄹ' 'ㅁ' 'ㅂ' 등은 각각 '기러기' '나폴리' '도라지' '로마' '미나리' '바가지' 등으로 일컬어진다. 그렇다면 '사과'란 단어를 국문 포네틱코드로 말하고 싶다면 어떻게 하면 될까. 표를 보면서 재미 삼아 확인해보자. 참고로 '밥'을 말하고 싶다면 '바가지-아버지-바가지'라고 말하면 된다.[Flying Johan/john.won320@gmail.com]▶'지킬앤하이드' 공연 티켓 경품 이벤트▶매경 뉴스레터 '매콤달콤'을 지금 구독하세요▶뉴스 이상의 무궁무진한 프리미엄 읽을거리[ⓒ 매일경제 & mk.co.kr, 무단전재 및 재배포 금지]"
17,2018-12-14,연말 잦은 술자리…밖에서 잠들면 큰일 나요,https://news.naver.com/main/read.nhn?mode=LSD&mid=shm&sid1=103&oid=055&aid=0000696277,SBS,"많은 눈이 내린 뒤 어김없이 맹추위가 찾아왔습니다. 김이 모락모락 나는 국물에 소주 한잔 생각나는 날씨인데요. 한 해가 서서히 져가는 이맘때면 여기저기 송년 모임은 물론 '불금'을 보내기 위해 술자리 약속을 잡은 분들 많을 겁니다.이렇게 추운 날 술을 마시면, 열이 나면서 몸이 따뜻해지는 느낌도 듭니다. 그런데 연말이 되면 이렇게 술자리에서 한랭질환에 걸려 병원을 찾는 환자는 오히려 늘어납니다. 실제로 최근 5년간 발생한 한랭질환자 10명 가운데 3명은 음주 상태였던 것으로 조사되고 있습니다. 추위와 술, 도대체 무슨 관련이 있는 걸까요?■ '추운 데 오래 있다 정신 잃어'…저체온증 사망자 벌써 4명한랭질환이란, 저체온증이나 동상처럼 추위가 직접 원인으로 작용해 신체에 피해를 주는 질환을 모두 묶어 말합니다. 특히 요즘 같은 초겨울에는 우리 몸이 추위에 아직 완전히 적응하지 않은 상태라 한랭질환에 걸릴 위험성이 더 커집니다.사람의 체온이 35도 이하로 떨어지면서 나타나는 저체온증은 겨울철 가장 많이 나타나는 대표적 한랭질환입니다. 심한 경우 심장, 폐, 뇌 등 주요 신체 기능이 저하되고 정신이 혼미해지면서 사망에까지 이를 수 있습니다.질병관리본부에 따르면, 올 12월에 접어든 이후 지난 10일까지만 저체온증 환자가 44명, 동상 환자는 3명, 동창에 걸린 사람은 1명으로 집계됐는데요. 이 가운데 4명이 저체온증으로 목숨을 잃었습니다.■ ""따뜻해지는 거 같았는데""…뇌 기능 저하로 추위 못 느끼는 우리 몸술 마신 뒤 발생하는 한랭질환도 저체온증인 경우가 대부분입니다. 추운 날씨에 술을 마시면 체온이 올라가는 것은 사실입니다만 이는 일시적인 현상에 불과합니다.우리 몸은 알코올을 분해하는 과정에서 혈관을 확장시키는데, 이때 혈액이 피부 쪽으로 몰리면서 얼굴이 붉어지고 열이 나게 됩니다. 하지만 넓어진 혈관을 통해 외부로 배출되는 열이 늘어나면서 잠시 올랐던 체온은 급격히 떨어지게 됩니다.게다가 아시다시피 알코올은 뇌의 인지 기능도 떨어뜨리죠. '기온이 영하로 떨어졌으니 옷을 껴입어야겠다', '밖은 추우니 안으로 이동해야지' 등 추울 때 뇌가 내려야 하는 판단을 흐리게 만듭니다.또 과한 음주는 체온을 조절하는 중추신경계를 둔하게 만들어 추위를 느끼지 못하게 합니다. 이런 상태로 추위에 계속 노출되면, 결국 우리 몸이 버틸 수 있는 한계를 넘어서게 되고 저체온증으로 이어지는 겁니다.■ ""술 마실 때는 따뜻한 국물""…잠들면 위험음주 후 한랭질환을 예방하려면 술자리에서 의식적으로 몸을 따뜻하게 해야 합니다. 술을 마시는 도중에 따뜻한 국물이나 물을 수시로 마시는 것이 효과적인 방법 중 하나입니다. 또 술을 마시고 밖에 나올 때는 몸에서 열이 느껴져도 겉옷을 입는 게 좋습니다.과음한 경우, 혹시라도 밖에서 잠들지 않는 것이 절대적으로 중요한데요. 취한 채로 야외에서 깊은 잠에 빠지면 각종 신체 기관의 감각이 더 무뎌져 동상에 걸리고 저체온증에 의해 심각한 경우 사망에 이를 수도 있기 때문입니다.■ ""앗, 한랭질환자 발생""…올바른 처치법은?만약 저체온증이나 동상 등 한랭질환 증상이 나타났다면 어떻게 대처해야 할까요? 저체온증 환자가 의식을 잃었다면 서둘러 119에 신고하고 따뜻한 곳으로 옮겨야 합니다.겨드랑이나 배에 핫팩이나 더운물이 담긴 통을 올려 체온을 높여주는 것도 도움됩니다. 도구가 없는 경우에는 체온이 정상인 사람이 껴안는 것도 좋은 방법입니다.동상 환자는 즉시 병원에 가는 것이 가장 좋습니다. 만약 바로 갈 수 없는 상황이라면 38~42도 사이의 따뜻한 물에 20~40분 동안 동상 부위를 담그는 게 도움 됩니다. 너무 뜨거운 물에 접촉하면 오히려 상태가 악화될 수 있어 주의해야 합니다.또 통증과 부종을 줄이기 위해 동상에 걸린 부위는 약간높게 유지하고, 발이나 다리에 동상이 나타난 경우 들 것으로 이동하는 게 안전합니다. 무엇보다 과한 음주 대신 적당한 술자리가 건강에 큰 도움이 되겠죠?(기획·구성: 심우섭, 장아람 / 디자인: 감호정)장아람 PD; 심우섭 기자(shimmy@sbs.co.kr)▶[제보하기] 모든 순간이 뉴스가 됩니다▶[끝까지 판다] 뿌리 깊은 사학 비리※ ⓒ SBS & SBS Digital News Lab. : 무단복제 및 재배포 금지"
18,2018-12-14,"[일문일답]박능후 ""국민연금 4개안 장단점 비교…1~2개로 귀결될 것""",https://news.naver.com/main/read.nhn?mode=LSD&mid=shm&sid1=102&oid=003&aid=0008963003,뉴시스,"【서울=뉴시스】이영환 기자 = 박능후 보건복지부 장관과 김성주 국민연금공단 이사장이 14일 오전 서울 종로구 정부서울청사 별관 브리핑룸에서 열린 제4차 국민연금 종합운영계획안을 발표 브리핑에 참석해 자리에 앉아 있다. 2018.12.14. 20hwan@newsis.com【서울=뉴시스】강세훈 기자 = 박능후 보건복지부 장관은 14일 국민연금 개편 정부안과 관련해 4개 안을 제시한 것에 대해 ""다양한 안을 동시에 제시함으로써 본인들이 선호하는 안이 다른 안과 장단점을 비교할 수 있어서 실질적으로 하나의 합리적 안으로 귀결되는데 더 용이하다는 생각이 든다""고 말했다.박 장관은 14일 오전 정부서울청사에서 제4차 국민연금 종합운영계획안 발표 브리핑을 통해 이 같이 밝혔다.박 장관은 ""이렇게 논의를 하다 보면 한 두 가지 안으로 자연스럽게 귀결될 것이라고 본다""고 말했다.박 장관은 또 지급보장 명문화 법 개정을 추진키로 한 것에 대해서는 ""국민연금은 국가가 존재하는 한 영속적으로 운용되는 것""이라며 ""이를 위해 가장 중요한 것은 국민연금에 대한 국민의 신뢰가 기반이 돼야 한다""고 말했다.개편안에는 국민연금에 대한 신뢰도 제고를 위해 국민연금법에 연금급여 지급을 국가가 보장한다는 취지가 명확하게 나타나도록 법 개정을 추진한다는 내용이 포함됐다.정부는 대국민 설문조사 결과 응답자의 91.7%가 국가지급보장 명문화에 찬성하고 있다는 점을 근거로 제시했다.박 장관은 ""91.7%가 지급보장 명문화에 찬성하신 바 있다""며 ""이러한 국민의 의견을 수용해 지급 보장을 확실히 말씀드리고 이를 통해 국민연금에 대한 신뢰를 두텁게 하고자 한다""고 밝혔다.다음은 박능후 보건복지부 장관과 일문일답 주요내용.-국민연금 개편안을 기습 발표하게 된 배경이 무엇인가.""오늘 발표한 것은 아직 확정된 정부안은 아니다. 이 안을 기초로 이제 차관회의를 거쳐야 되고 또 국무회의를 거쳐서 최종안이 확정된다. 다만 약간의 수정은 있을지 모르겠지만 저는 거의 그대로 가리라 생각을 한다. 이렇게 빨리 발표하게 된 것은 지난번 자문위원안이 나왔을 때나 대통령께 중간보고를 드리는 과정에서도 정부가 충분히 안을 발표하기 전에 기자님들이 앞다퉈 안을 보도를 하는 과정에서 많은 국민 혼란이 초래된 점이 있었다. 그래서 이번에는 비록 초안에 불과하긴 하지만 정부안이 거의 다듬어졌기 때문에 가능한 빠른 시간 안에 언론에 브리핑을 해서 국민들에게 알리는 것이 더 마땅하다는 생각이 들어서 오늘 발표하게 됐다.""-4개 안 가운데 누가 봐도 2번 안이 가장 받아들이기 쉽지 않겠느냐.""저희들은 그렇게 예상치 않는다. 여론을 수렴해 보면 현안을 그대로 유지하자는 안도 상당히 다수가 있고, 또 기초연금만 하자는 국민의 계층도 상당수가 있고, 또 합리적으로 보험료를 높이고 부담도 높이면서 동시에 노후소득보장 강화하자는 안도 많은 분들이 지지를 하고 있다. 그래서 이렇게 다양한 안을 동시에 제시함으로써 본인들이 선호하는 안이 다른 안과 비교했을 때 어떤 위상을 가지고 있는지를 객관적으로 돌아볼 수 있고 자신들의 주장에 대한 장단점을 비교할 수 있어서 실질적으로 하나의 합리적 안으로 귀결되는데 더 용이하다는 생각이 들기 때문에 저희들은 다수안을 이렇게 발표하게 됐다.""-제도 개선안에 65세 이상으로 납입연령 상한을 제한하는 내용이 있었었는데 검토 대상에서 빠진 것인가.""납입연령에 대해서는 저희들이 전혀 고치는 것에 대해서는 생각하고 있지 않다.""-중간보고 안에는 현행제도유지라는 것은 없었던 것으로 아는데 변경된 부분인가.""현행유지방안에 대해 제시된 이유는 놀랍게도 여론 조사를 해보니 국민들의 상당히 많은 비율이, 절반 가까운 분들이 현재 그대로 유지하는 것도 좋겠다는 의견이 나왔다. 그래서 현 제도를 그대로 유지하자는 여론을 무게있게 받아들여서 그냥 담았다.""-4가지 안 별로 기금고갈시점에 대해서 추산을 해놓은 게 있나.""기금소진점 시점은 이미 계산이 돼 있다. 현행유지방안은 재정 재계산해서 나왔던 것처럼 2057년 그대로 간다. 두 번째 방안도 역시 보험료율을 변화시키지 않기 때문에 2057년 그대로 유지된다. 그에 비해서 세 번째 안은 기금소진연도가 지난번 재정계산 때 2060년이 기금소진 연도였고 이번에 재정계산해서 2057년으로 당겨졌는데, 세 번째 안은 2063년으로 2차 재정, 3차 재정 계산 때보다도 약 3년 정도 늘어나고 1안에 비해서 6년 정도 늘어나는 효과가 있다. 4안은 기금소진 시점이 2062년, 3안보다는 1년 당겨진다.-이번 안에 대해서 대통령께 보고가 됐나. 국회 반응은 어땠나.""대통령께 보고가 됐고 대통령께서도 좋은 말씀을 해주셨다. 국회에서도 이 정도 안이면 앞으로 국민들 여론을 수렴하는 데 보다 용이하겠다고 긍정적인 반응을 보여 주셨다.""-4가지 방안 중에 한 가지를 언제 어떻게 결정할 것인지 설명해 달라.""국민연금제도는 입법 사항이다. 저희들이 안을 가지고 있다 하더라도 결국은 의회에서 국민 여론을 수렴해서 최종적으로 법을 바꿔야 제도 개선이 완결되는 것이다. 이 안을 낼 때 쉽게 여론을 수렴할 수 있고 국회에서 논의가 진행될 수 있도록 여러 대안들이 어떤 효과가 있는지 보여드리는 것이다.""-개편안에 대한 재정 목표가 어떻게 고려가 됐는지 궁금하다.""재정 목표를 설정하는 것도 제도 개선 방안을 만들 때 하나의 중요한 정보 틀이 될 수 있다. 다만, 거기에 대해서는 그것의 어떤 현실적인 타당성이라 그럴까? 현실적인 실용성에 대해서는 많은 분들이 이의를 제기하고 있습니다.-국가 지급보장 내용에 '적자보전'이라는 문구가 들어가나.""입법사항이고 법률조문이니까 국회에서 논의과정에서 문구를 다 만드실 것이라고 생각한다. 다만 저희들이 가안으로 제시할 수 있는 법률안을 제시를 한다면 명확하게 '국가가 지급을 보장한다'는 문구가 들어가길 희망하고 있다.""-경제사회노동위원회(경사노위) 논의 내용이 담긴 게 뭐가 있나.""경사노위가 5차례 논의를 했다. 저희들에게 공식적으로 몇 번 요청을 했지만 아무런 내용을 주지는 못했다. 경사노위에서도 주려고 노력을 한 것 같은데 이번 주까지는 주지 못했고 다만 정부안을 제시하면 경사노위의 논의를 조금 더 촉발하는 계기는 충분히 될 것이라고 생각한다. 조금 더 구체적인 안을 가지고 논의를 하기 때문에 논의가 조금 더 활발해지고, 여론을 수렴하는 계기가 될 것으로 생각한다.""-지난번 대통령 보고 때 어떤 안을 보고했으며, 대통령은 당시에 뭐라고 말씀하셨는지 얘기해달라.""그때도 여러 가지 복수안을 제안을 드렸고 대통령께서 특정한 안에 대해서 가타부타 말씀하신 것은 아니다. 그때 하셨던 말씀은 국민 여론을 좀 더 충실히 반영한 안이 있는지, 그걸 검토해서 내용들을 보완하라고 지시했다. 그래서 여론 수렴을 적극적으로 했고 의견이 정말 다양했다. 조금 더 안을 보강을 해서 제시하게 됐다.""-지난번 대통령 보고 때와 달라진 것이 무엇인가.""크게 차이 나는 것은 아니다. 보험료율 인상은 하되 조금 더 단계적으로 인상을 하는 방안이 반영 됐다고 생각이 된다.""-당시에 보도에 나온 대통령 말씀은 '전면 재검토'였는데.""대통령께서 그때 한 번도 '전면 재검토'라는 말씀은 전혀 하시지 않았다. 제 말씀을 확인해 보셔도 된다. 대통령께서 '전면 재검토'라는 말씀을 하신 적도 없고 또 그럴 게재도 아니었다. 정확한 워딩은 '국민들 여론을 좀 더 충실히 반영할 수 있도록 안을 보충해라'는 것이었다.""-4가지 중 우선순위가 있나.""순위를 매길 수도 없다. 현 제도를 유지하자는 생각하는 분들도 나름대로 확고한 신념을 가지고 있다고 생각한다. 4가지 비교되는 안을 동시에 제시함으로써 자신들이 가지고 있는 안이 다른 안에 비해서 어떤 장단점이 있다는 것을 비교할 수 있을 것이라고 생각이 된다. 이렇게 논의를 하다 보면 한두 가지 안으로 자연스럽게 귀결될 것이라고 본다.""kangse@newsis.com▶ 뉴시스 빅데이터 MSI 주가시세표 바로가기▶ 뉴시스 SNS[페이스북][트위터]<저작권자ⓒ 공감언론 뉴시스통신사. 무단전재-재배포 금지.>"
19,2018-12-14,'독도 훈련'에 日 딴죽…'러'엔 말도 못 하면서,https://news.naver.com/main/read.nhn?mode=LSD&mid=shm&sid1=104&oid=056&aid=0010650722,KBS,"일본은 역사 왜곡 문제는 물론 영토 문제에 대해서도 이웃 나라와 항상 갈등을 빚어왔다. 그런데 공교롭게도 상대국에 따라 대응 태도가 오묘하게 엇갈리고 있다.중국과 영유권 갈등을 빚고 있지만 현실적으로 관할하고 있는 센카쿠열도(중국명 댜오위다오)에 대해서는 극도로 예민하게 반응하고 있다. 섬 탈환 작전을 위한 일본판 해병대를 창설한 배경도 이와 무관하지 않다. 우리 영토 독도와 관련해서는, 자신들의 영유권을 강변하며 내정간섭에 버금가는 트집을 마다치 않고 있다.반면, 러시아가 실질 지배하고 있는 쿠릴열도(일본명 북방영토)에 대해서는 선뜩 영유권 주장을 펴지 못하고 있다. 이런저런 역사적·군사적·외교적 배경이 있겠지만, 최근 들어 이른바 북방영토에 대해서 비굴하리만큼 모호한 태도를 보이고 있어, 일본 내에서도 논란이 커지고 있다.日외무성, 독도 방어훈련에 항의문13일부터 이틀 일정의 독도방어 훈련에 대해 일본 정부가 또 발끈했다. 외무성은 '한국군에 의한 다케시마(일본 주장 독도명) 방어 훈련에 대한 항의'라는 제목의 보도발표문을 홈페이지에 게재했다.""가나스기 겐지 아시아 대양주 국장이 김경한 주일 한국대사관 차석공사에게, 미즈시마 고이치 주한일본대사관 총괄공사는 김영길 외교부 동북아 국장에게 강력히 항의했다. 본건은 다케시마(일본 주장 독도명) 영유권에 대한 일본의 입장에 비쳐 도저히 수용할 수 없으며, 매우 유감이다. 이 훈련의 중단을 강력히 요구한다는 뜻을 전달했다""는 내용이다.외무성 발표문(2018.6.17)공교롭게도 이러한 항의문은 지난 6월 17일 외무성이 발표한 항의문 내용과 거의 일치한다. 달라진 것은 주일 한국대사관 공사 이름 정도이다. 독도 방어훈련은 우리 영토에 대한 우리 군의 통상적 활동의 일환이다. 우리의 통상적 훈련에 대해서 일본은 틀에 박힌 듯한 항의문을 낸 셈이다.日정부, 러시아엔 '쿠릴열도(북방영토)' 언급도 회피러시아가 실효 지배하고 있는 쿠릴열도(일본명 북방영토) 문제와 관련해서는, 일본 외무상의 잇단 상식 밖 대응이 논란을 불렀다. 고노 다로 외무상은 지난 11월 기자회견에서 '쿠릴열도 4개 섬이 일본 고유 영토냐'는 질문을 받자, ""협상을 앞두고 있어서 정부 생각을 말하는 것은 삼가겠다""는 모호한 답변을 내놨다.독도에 대해서는 '역사'와 '국제법' 등등을 운운하며 영유권을 강변하는 태도와는 사뭇 다른 모습이었다. 러시아 눈치 보기 아니냐는 비판이 당연히 제기됐다.지난 11일 기자회견에서는 고노 다로 외무상이 이른바 북방영토와 관련한 기자의 질문을 4차례나 잇따라 무시해 물의를 일으켰다.앞서 러시아의 세르게이 라브로프 외무장관은 러일 평화협정과 관련해 ""2차 세계대전의 결과를 인정하는 것이 전제 조건임을 일본에 전했다""면서 일본 정부를 압박했다. '2차 대전 결과로 쿠릴열도(북방영토)가 러시아 영토가 된 것을 일본이 인정하지 않으면 협상이 진행되지 않을 것'이라는 뜻을 거듭 강조하면서 강경 발언을 쏟아냈다.""다음 질문"" 반복 日외무상, 내놓고 '영토 질문' 무시11일 기자회견에서, 고노 외무상에게 이에 대한 질문이 집중됐다. 당시 상황을 재구성하면 다음과 같다.▶지지통신 기자 : 러일관계에 관해 묻겠습니다. 러시아 외무장관이 러일 평화조약 체결에 대해서는 2차 세계대전 결과를 일본이 인정하는 것이 첫걸음이 될 것이라고 말했습니다. 이 발언에 대한 장관의 입장을 부탁드립니다.▷고노 외무상 : 다음 질문 바랍니다.▶요미우리신문기자 : 러시아 외무장관과 대변인 등의 여러 가지 입장 표명이 있었습니다. 이에 대한 반론을 공개적으로 할 수 없다는 것이 맞나요?▷고노 외무상 : 다음 질문 바랍니다.▶교도통신 기자 : 장관은 좋은 환경을 정비하겠다며 발언을 억제했다고 생각합니다. 그러나 러시아 측에서 점점 지금까지처럼 발언이 나옵니다. 이런 점에서 보면 불균형 상황이 실제 회담에도 영향을 줄 우려도 나옵니다. 그 점에 대해서는 어떻게 생각합니까?▷고노 외무상 : 다음 질문 바랍니다.▶교도통신 기자 : 장관, 무슨 질문에 '다음 질문 바랍니다'라고 말합니까?▷고노 외무상 : 다음 질문 바랍니다.이례적일 만큼 집요한 질문에, 이례적일 만큼 집요한 무시. 쿠릴열도(북방영토)에 대한 질의응답은 이처럼 생뚱맞게 끝났다. 논란과 비난을 각오한 외무상의 일탈적 집념이 돋보였다면 돋보였다.""외무상으로 실격""...""앞으로도 러시아 측엔 코멘트 보류""공영방송 NHK는 회견 직후 ""협상을 위해 국회에서도 종종 발언 자제에 대한 이해를 요구했지만, 질문 자체에 대응하지 않는 태도는 비판이 나올 것""이라고 지적했다. 쓰지모토 입헌민주당 국회대책위원장은 ""기자의 질문 뒤에는 국민이 있다. 질문에 제대로 대답하지 않고 무시하는 태도는 국민을 무시하는 것과 같다. 외무상으로 실격이라고밖에 할 수 없다.""라고 비난했다.외무성 기자클럽은 '책임을 다하고 있는지 의문'이라며 기자회견에 성실히 응할 것을 요구했다. 논란이 커지자, 오스카 다케시 외무성 보도관이 이튿날 해명 기자회견을 했다. 고노 외무상이 답변하지 않은 것은 ""러일 교섭을 위한 환경을 갖추기 위해서였다""고 해명했다. 또 외무상이 기자클럽의 요구를 '순순히 받아들인다'고 답한 것으로 알다며 알듯 모를 듯한 설명을 이어갔다.그러나 '앞으로도 러시아 측 발언에 논평하지 않을 것이냐'는 질문에 대해서는 ""미디어를 통한 러시아 측 발언 하나하나에 대한 코멘트는 보류하기로 했다. 협상을 위한 환경을 제대로 갖추고 싶다는 것""이라고 답했다. 답변 태도는 바꾸겠지만, 실질적인 내용은 사실상 달라질 것이 없다는 의미로 해석된다.13일, 일본의 주요 신문들이 일제히 비판 기사를 실었다. 아사히신문은 ""질문 무시는 너무 심하다""는 제목의 사설을 통해, 고노 외무상의 회견 태도를 비판했다. 민주주의 국가의 외교는 국민의 이해를 토대로 비로소 이뤄진다고 지적했다. 마이니치신문은 ""'다음 질문'이라는 오만함'""이라는 제목의 사설을 통해, ""고노 씨는 원래 정보공개와 설명 책임의 중요성을 호소해온 정치가 아니었느냐""고 비판했다. 산케이신문도 ""일본의 입장을 버린 것인가""라는 제목의 사설을 통해, ""이대로는 교섭력이 약화될 뿐""이라고 비판했다.한국 정부에 대해서는 내정간섭 논란도 불사하는 듯한 태도, 그러나 러시아 앞에만 서면 한없이 작아지는 듯한 '아베 정권' 외교의 현주소가 상징적으로 드러난 셈이다.나신하 기자 (daniel@kbs.co.kr)[저작권자ⓒ KBS 무단복제-재배포 금지]▶ 네이버 채널 KBS뉴스 구독! 시원하게 털어드립니다▶ ‘TV보다 ㄹㅇ’ 당신의 진짜 뉴스 ‘케이야’"
20,2018-12-14,"박능후 ""국민연금 개선안, 하나의 대안 만드는 것 어려웠다""",https://news.naver.com/main/read.nhn?mode=LSD&mid=shm&sid1=101&oid=014&aid=0004144408,파이낸셜뉴스,"박능후 보건복지부 장관이 14일 오전 정부서울청사 별관에서 제4차 국민연금 종합운영계획안을 설명하고 있다. 사진=연합뉴스박능후 보건복지부 장관은 14일 국민연금 개선안을 발표하면서 ""하나의 통일된 대안을 만드는 것은 어려웠다""고 말했다.이날 박 장관은 정부서울청사 별관에서 정부의 국민연금 종합운영계획안을 네가지 방안으로 발표하면서 ""대국민의견수렴 결과 국민연금 소득대체율, 보험료율에 대해 현행 제도를 유지하자는 의견, 노후소득부담을 강화하자는 의견, 재정안정성 강화를 주장하자는 의견이 혼재하는 것으로 나타났다""며 이같이 밝혔다.박 장관은 ""소득대체율과 보험료율의 다양한 정책조합 범위 내에서 국민들의 의견을 최대한 반영하고 실현가능성 등을 고려해 여러 대안을 제시하기로 했다""고 말했다.다만 박 장관은 ""공적연금이 지향하는 목표를 분명히 하겠다. 적절 노후생활비가 약 150만원 수준이 되도록 정책적 노력을 하겠다""고 강조했다.그러면서 박 장관은 ""국민연금과 기초연금, 현 수준의 퇴직연금을 포함하는 공적연금을 통해 평균적인 국민이 25년 정도 국민연금 등 공적연금에 가입했을 때 받을 수 있는 최저노후생활보장 목표를 설정하겠다. 장기적으로는 조금 더 발전된 퇴직연금, 사적연금을 포함한 다층 체계를 통해 적절노후생활비가 약 150만원 수준이 될 수 있도록 정책적 노력을 하겠다""고 말했다.또 박 장관은 ""이것은 2018년 실시한 국민노후소득, 노후보장 패널조사에서 1인 가구의 은퇴 후 최소생활비 약 95만~108만원, 적정생활비 약 137만~154만원인 것을 고려한 것""이라고 설명했다.이어 박 장관은 ""공적연금 정책목표를 달성하기 위한 방안으로 국민연금소득대체율의 조정범위는 40~50%, 보험료율은 9~13%, 기초연금 30만~40만원 범위에서 정책대안을 고려했다""고 설명했다.skjung@fnnews.com 정상균 기자▶ 세상의 모든 골 때리는 이야기 'fn파스'▶ 속보이는 연예뉴스 fn스타※ 저작권자 ⓒ 파이낸셜뉴스. 무단 전재-재배포 금지"
21,2018-12-14,버진 갤럭틱도 우주 경계선 넘다…우주여행 3파전 가열,https://news.naver.com/main/read.nhn?mode=LSD&mid=shm&sid1=105&oid=028&aid=0002436106,한겨레,"고도 83km 지점까지 진입민간기업으론 3번째 달성대형 수송기에 실려 이륙하는 스페이스십2 우주선. 버진 갤럭틱 트위터영국의 우주항공 기업가인 리처드 브랜슨 영국 버진그룹 회장이 이끄는 버진 갤럭틱(Virgin Galactic)의 우주선이 우주 공간 진입에 성공했다. 아마존 창업자 제프 베이조스의 블루 오리진, 전기차업체 테슬라 창업자 일론 머스크의 스페이스엑스에 이어 민간기업으로선 세번째다. 이에 따라 민간 우주여행 실현을 향한 3사의 경쟁이 더욱 가열될 전망이다.버진 갤럭틱의 유인 우주선 스페이스십2 VSS 유니티는 13일(현지시간) 미국 캘리포니아주 모하비사막에서 오전 7시(한국시간 14일 0시) 이륙해 최고 51.4마일(82.7km) 고도까지 올라갔다. 고도 50마일은 우주의 가장자리로 인정되는 여러 기준 가운데 하나다. 일반적으로는 고도 62마일(100km)인 일명 `카르만 라인'을 우주의 경계선으로 보고 있지만, 미 공군에선 고도 50마일 이상 비행 경험을 한 사람이면 우주비행사로 인정한다.스페이스십2에서 본 지구.`이륙 후 공중발진' 2단계 방식4번째 시험비행만에 우주 진입이날의 비행은 `이륙후 공중발진'이라는 두 단계로 이뤄졌다. 스페이스십2는 먼저 로스앤젤레스에서 북쪽으로 145㎞ 떨어진 모하비 우주공항에서 화이트나이트투(WhiteKnightTwo)라는 이름의 대형 수송기에 실려 이륙했다. 수송기는 고도 15km 지점에서 스페이스십2를 분리했고, 스페이스십2에 탑승한 미 항공우주국 우주비행사 출신 조종사 2명은 우주선에 탑재된 로켓 엔진을 가동했다. 로켓 엔진은 60초 동안 점화하면서 최고 음속 2.9배의 속도로 우주선의 고도를 50마일 이상으로 올려놓았다. 우주 경계선을 넘어선 스페이스십2 우주선은 1시간15분 후 공항 활주로에 무사히 착륙했다. 비행고도는 ‘카르만 라인’을 무인 왕복비행한 블루 오리진, 국제우주정거장에 화물을 여러번 보낸 스페이스엑스에 아직 못 미치지만, 유일하게 사람을 태운 비행에 성공했다는 점에서 이번 비행은 적잖은 의미가 있다.이번 시험비행은 2016년 2월 버진갤럭틱이 시험비행 계획을 발표한 이후 4번째다. 첫 시험비행은 올해 4월에 있었으며 이어 5월과 7월에도 시험비행을 한 바 있다. 비행을 거듭하면서 스페이스십2는 16마일(25.7km), 21.7마일(34.9km), 32.3마일(52km)로 비행고도를 점차 높였다.우주 경계선에 이른 뒤 1시간 15분만에 무사히 착륙한 스페이스십2.다음 목표는 `카르만 라인' 도달버진 갤럭틱은 비행 직후 트위터를 통해 ""스페이스십2, 우주로 온 것을 환영합니다""라는 트윗을 날렸다. 현장에서 시험비행을 지켜본 브랜슨 회장은 ""우리는 오늘 사상 처음으로 민간 승객을 싣고 우주에 닿았다""며 ""우주개발의 새 장을 함께 연 우리 팀이 자랑스럽다""라고 말했다. 이날 버진갤럭틱의 시험비행은 2011년 미국이 우주왕복선 프로그램을 종료한 이후 처음으로 미국 내에서 유인 우주선이 우주 공간에 진입했다는 의미도 갖고 있다. 버진 갤럭틱의 다음 목표는 고도 100km의 카르만 라인에 도달하는 것이다.착륙 후 환영 인파를 향해 답례하는 두 조종사.브래드 피트 등 700여명 예약 대기중블루 오리진·스페이스엑스와 3파전버진갤럭틱은 시험비행 목표를 달성하면, 향후 1인당 약 25만달러(2억8천만원)의 비용으로 준궤도 우주여행 사업을 시작할 구상을 갖고 있다. 이 우주여행 프로그램은 승무원 2명과 승객 6명을 포함한 8명이 우주선을 타고 준궤도 지점까지 올라가 약 5분간 무중력 상태를 경험하고, 암흑 우주 속에서 빛나는 지구의 둥근 모습을 감상한 뒤 지상으로 내려오는 방식으로 진행된다. 이미 헐리우드 영화배우 브래드 피트 등 700여명이 참여 뜻을 밝한 것으로 알려져 있다. 브랜슨 회장도 직접 우주여행 1호 승객이 되겠다고 말한 바 있다. 2004년부터 우주비행 프로젝트를 시작한 버진갤럭틱은 2014년 시험비행 도중 우주비행사 1명이 숨지는 사고를 겪었다.아마존 CEO 제프 베이조스가 이끄는 블루 오리진 역시 비슷한 비용의 우주여행 사업을 추진하고 있다. 블루 오리진은 무인 상태에서 카르만 라인을 왕복 시험비행하는 데 성공했다. 일론 머스크가 이끄는 스페이스엑스는 준궤도를 넘어 달 주변을 여행하는 프로젝트를 진행하고 있다. 스페이스엑스는 달 궤도 여행 1호 승객으로 일본의 젊은 억만장자 마에자와 유사쿠를 선정했다고 발표한 바 있다.곽노필 선임기자 nopil@hani.co.kr, ▶곽노필의 미래창 바로가기[ 신뢰도 1위 ‘한겨레’ 네이버 메인 추가][블록체인 미디어 : 코인데스크][신문구독][ⓒ한겨레신문 : 무단전재 및 재배포 금지]"
22,2018-12-14,'카슈끄지의 영혼'이 살려낸 예멘의 희망,https://news.naver.com/main/read.nhn?mode=LSD&mid=shm&sid1=104&oid=001&aid=0010525522,연합뉴스,"카슈끄지 살해 뒤 위기 몰린 사우디, 평화협상 적극 나서살해된 자말 카슈끄지 추모집회[AFP=연합뉴스 자료사진](테헤란=연합뉴스) 강훈상 특파원 = 끝이 보이지 않던 예멘 내전에 희망의 불꽃이 조금씩 살아나기 시작했다.내전 당사자인 예멘 정부와 반군이 13일(현지시간) 드디어 전쟁 개시 4년 만에 항구도시 호데이다에서 휴전하고 병력을 모두 철수하기로 합의했다.예멘 국민 2천800만명을 금세기 최악의 인도적 참사로 몰아넣은 이 전쟁을 멈출 수 있는 실마리가 처음으로 마련된 셈이다.이런 급속한 진전의 원점을 되짚어보면 두 달 전 잔혹하게 살해된 사우디아라비아 언론인 자말 카슈끄지에 다다르게 된다.사우디 왕실에 비판적이었던 카슈끄지는 10월 2일 개인 용무로 터키 이스탄불 주재 사우디 총영사관을 찾았다가 사우디에서 온 이른바 '협상팀'에게 살해됐다.사우디 정부는 당시 미국에 거주하던 카슈끄지를 설득해 귀국시키는 게 이 협상팀의 목표였으나 협상이 잘 이뤄지지 않자 현장 팀장의 판단으로 살해했다고 주장했다.그러면서 이 살해는 사우디의 실세 무함마드 빈 살만 사우디 왕세자와는 전혀 관계없다고 부인했다.하지만 국제사회의 시선은 무함마드 왕세자로 향했다.중동의 젊고 개혁적인 계몽 군주로 인식됐던 무함마드 왕세자는 순식간에 비판자를 토막살해하라고 지시한 잔혹한 독재자로 전락했다.카슈끄지 살해와 연관을 부인할수록 무함마드 왕세자의 입지는 되레 좁아 들었다.그의 차기 국왕으로서의 자질과 도덕성이 심판대에 올랐다. 자연스럽게 2015년 1월 부친 살만 국왕의 즉위와 함께 실권을 쥔 그가 주도한 강경한 대외 정책도 다시 부각됐다.과감한 결단이라는 칭송은 무모하고 충동적이라는 혹평으로 급변했다.예멘 내전도 그 가운데 하나였다.13일 유엔 사무총장(가운데) 앞에서 악수하는 예멘 정부(좌)와 반군(우) 대표[AFP=연합뉴스자료사진]사우디는 무함마드 왕세자가 국방장관으로 임명된 두 달 뒤인 2015년 3월 예멘 내전에 군사 개입했다.사우디의 압도적 물량 투입으로 쉽게 끝날 것 같았던 예멘 내전은 예상보다 강한 반군과 충돌하면서 장기화했고, 예멘 국토는 폭력, 질병, 기아가 동반된 참상의 무대가 됐다.사우디는 미국과 유럽의 비호 또는 묵인 아래 예멘 내전의 원인을 반군과 우호적인 이란으로 온전히 돌릴 수 있었지만, 카슈끄지 사건으로 전세가 역전됐다.예멘 내전을 둘러싼 사우디의 책임론으로 카슈끄지 사건의 여파가 번졌다.내전을 끝내라는 국제사회의 압박이 거세졌고, 미국마저 사우디를 압박하는 상황으로 내몰렸다.이슬람권의 지도국이자 두 성지(메카, 메디나)의 수호자를 자처하는 사우디는 카슈끄지 사건으로 치명타를 입은 권위와 도덕성을 회복해야 하는 급박한 위기를 맞았다.유엔은 이 틈을 놓치지 않고 11월 중순부터 사우디로 피신한 예멘 정부와 예멘의 옛 수도 사나에 있는 반군 지도부 사이를 부지런히 오갔다.평화협상을 중재한 마틴 그리피스 예멘 파견 유엔 대사는 지난달 17일 ""모처럼 되살아난 국제적 관심과 동력을 최대한 이용해야 한다""고 말했다.사우디에 생존을 사실상 의지하는 예멘 정부가 이번에 평화협상에 나선 것은 사우디의 의중에 따랐다고 할 수 있다.이달 초 사우디는 예멘 반군이 협상을 개시하기 위한 핵심 조건으로 요구했던 부상자 해외 후송과 수감자 교환을 과감히 수용할 만큼 평화협상에 대한 강력한 의지를 보였다.사우디가 카슈끄지 사건 뒤 예멘에 구호품을 대량으로 보낸 사실을 자국 언론을 통해 부각한 것도 예멘 내전을 둘러싼 책임론을 희석하고 인도주의적 면모를 보여 도덕성을 만회하려는 맥락이라고 할 수 있다.예멘 반군의 결정에 영향을 미치는 이란도 평화협상에 반대할 이유가 없다.미국이 복원한 제재를 맞서야 하는 이란으로선 국제사회의 우호적인 여론이 절실한 형편이다.'예멘의 평화'라는 당위를 지지하는 쪽에 서는 것이 이란으로선 유리한 데다 사우디가 위기에 몰린 상황에서 평화협상이 성사되는 편이 자신과 밀접한 반군이 얻을 수 있는 이득이 더 클 수 있어서다.생전에 사우디의 예멘 내전 개입을 비판하고 조속히 이를 종식해야 한다고 했던 카슈끄지의 바람이 그의 사후에서야 비로소 이뤄지고 있는 셈이다.hskang@yna.co.kr▶뭐 하고 놀까? #흥▶네이버 홈에서 [연합뉴스] 채널 구독하기"
23,2018-12-14,'제천 참사 1년' 화재경보기ㆍ스프링클러 고장…'위험한 다중이용시설' 바뀐 게 없다,https://news.naver.com/main/read.nhn?mode=LSD&mid=shm&sid1=102&oid=016&aid=0001476267,헤럴드경제,"-화재위험시설 6곳 중 1곳 ‘불법건축’ 적발-소방관 국가직 전환도 국회에서 표류 中[사진=연합뉴스][헤럴드경제=유오상 기자] 지난달 30일, 경기 수원의 골든프라자 건물에서 대형 화재가 발생했다. 소방당국의 빠른 진화로 불은 4시간 40여 분 만에 진화됐지만, 순식간에 번진 불로 건물 안에 있던 67명은 연기를 흡입하는 등 크고 작은 부상을 입어야만 했다. 특히 한 10대 여성은 발견이 늦어지며 아직 중환자실에서 치료를 받고 있다.사고 발생 당일, 경기도 소방재난본부는 관내 다중이용시설에 대한 대대적인 소방단속을 실시하고 있었다. 본부가 248개 업소를 조사한 끝에 발견한 적발 사항만 11개에 달했다. 비상구를 아예 고장 내거나 물건으로 막아버린 경우가 가장 많았고, 불이 나도 이를 막을 수 있는 소방시설을 제대로 관리하지 않은 경우도 있었다.화재가 발생했던 수원 골든프라자도 마찬가지였다. 화재 직후 소방당국의 점검 결과, 해당 건물에서만 다수의 위반 사항이 발견됐다. 화재 상황에서 가장 중요한 화재경보기는 고의로 꺼져 있었고, 지하 내부 통로에는 지금은 사용이 금지된 가연성 내장재가 가득했다. 스프링클러 역시 아예 꺼져 있던 것으로 드러났다.29명의 목숨을 앗아간 제천 스포츠센터 화재 후 1년이 지났지만, 소방 안전에 인색한 현실은 좀처럼 변하지 않았다. 오히려 잇따른 대형 안전사고가 반복되면서 안전에 대한 불신은 더 커진 상황이다.실제로 제천 화재의 가장 큰 원인으로 지목된 불법 건축물 문제는 지금도 진행 중인 상황이다. 제천 스포츠센터는 원래 7층으로 사용 승인이 났었지만, 두 차례나 불법 증축이 이뤄지면서 천정과 벽이 막혀 있었다. 불법 증축을 했던 건물주 A(58) 씨는 지난 7월 건축법 위반 혐의로 실형을 선고받았다.문제는 다른 건물도 사정이 다르지 않다는 것이다. 지난 7월부터 충북 소방본부가 관내 화재 취약시설 3724개 동을 대상으로 진행한 화재안전특별조사에서 발견된 중대한 법령위반 사항만 569건에 달했다. 이중 대부분인 567건은 건축인허가 이후 사후관리가 제대로 되지 않아 불법 증ㆍ개축이 이뤄진 경우였다. 화재 취약시설 6곳 중 1곳은 불법 증축으로 화재가 발생해도 대피조차 어려운 상황인 셈이다.소방 장비 문제 역시 좀처럼 나아지지 않고 있다. 화재 당시 제천소방서가 갖고 있던 굴절차는 단 1대뿐이었다. 그마저도 고장이 잦아 사고 현장에서 말썽을 일으켰고, 구조 작업 지연의 주요 원인 중 하나로 지적되기도 했다. 사고 이후 소방당국은 제천소방서의 노후한 굴절차를 새로 교체하겠다며 5억5000여만원의 예산을 집행했지만, 실제 도입은 내년 5월에나 이뤄질 전망이다.근본적인 해결책으로 제시됐던 소방공무원의 국가직 전환도 국회에서 발목이 잡혀 해결은 요원한 상황이다. 현재 전국 소방 공무원 5만100여 명 중 국가직은 아직 600여 명에 불과하다. 나머지는 모두 지방직으로 지자체 재정상황에 따라 지원 차이가 심해 일부 지방에서는 노후화된 소방 장비로 힘겹게 화재진압에 나서고 있는 실정이다.이 때문에 정부는 소방공무원의 국가직 전환을 추진하고 있지만, 그러나 소방공무원의 국가직 전환을 주요 골자로 하는 소방공무원법 개정안은 아직도 국회에서 표류 중이다. 지난달 국회 행정안전위원회 법안심사소위에서 법안은 논의조차 되지 못했고, 임시국회에서 논의한다는 잠정안이 나왔지만, 실제 통과는 불투명한 상황이다.osyoo@heraldcorp.com▶헤럴드경제 채널 구독하고 신세계상품권 50만원 받자!▶헤럴드 리얼라이프 앱 받으면 전품목 10%할인▶헤럴드경제 사이트 바로가기- Copyrights ⓒ 헤럴드경제 & heraldbiz.com, 무단 전재 및 재배포 금지 -"
24,2018-12-14,"사상 초유 '무기 빅딜', 2019년부터 본격화되나",https://news.naver.com/main/read.nhn?mode=LSD&mid=shm&sid1=100&oid=022&aid=0003326585,세계일보,"KT-1, TA-50 훈련기와 스페인 대형수송기 맞교환 윤곽지난달 중순부터 제기됐던 스페인 대형수송기 A400M과 국산 KT-1, TA-50 훈련기 맞교환 거래가 윤곽을 드러내고 있다.인도네시아에 수출된 T-50i 훈련기가 훈련을 위해 이륙하고 있다. KAI 제공스페인 정부는 지난달 12~13일(현지시간) 마드리드에서 열린 한국-스페인 방산군수공동위원회에서 A400M과 KT-1, TA-50의 맞교환을 제안했다. 스페인은 유럽 에어버스 A400M 4~6대를 한국에 넘기는 대신 한국항공우주산업(KAI)의 KT-1 34대와 TA-50 20여대를 도입하는 방안을 추진하고 있다.방산군수공동위 개최로부터 한 달이 지난 상황에서 한국과 스페인 정부의 구상이 조금씩 수면 위로 올라오고 있다. 거래가 성사되면 1조원에 달하는 ‘빅딜’이 이뤄지는 셈이다. 17조원에 달하는 미 공군 고등훈련기(APT) 사업 수주 실패를 유럽 시장에서 만회할 기회를 얻게 되어 항공우주산업 발전에서 청신호가 될 수 있다. 하지만 남북 화해 분위기가 고조되면서 전력증강사업에 대한 군의 ‘과도한 눈치보기’ 등이 변수로 작용할 가능성이 있다는 지적도 나온다.스페인 공군기지 개방행사에 참가한 시민들이 A400M 수송기를 관람하고 있다. 미 공군 제공◆2단계 맞교환으로 ‘빅딜’ 진행되나지난달 한국-스페인 방산군수공동위 직후 양측은 A400M과 KT-1, TA-50 맞교환과 관련된 사항을 검토하며 추가 논의를 준비해왔다. 이 과정에서 구체적인 맞교환 방안이 거론되고 있다. 방산업계 관계자는 “스페인측에서는 두 번에 걸쳐 항공기를 맞교환하는 거래를 구상하는 것으로 안다”며 “스페인은 KT-1과 TA-50을 2023년과 2025년에 각각 도입하는 방안을 검토중”이라고 전했다.페루 공군의 KT-1P 초등훈련기가 비행하고 있다. KAI 제공이 관계자의 설명에 따르면, 한국과 스페인은 1단계로 KT-1 초등훈련기 34대와 A400M 2~3대를 맞바꾸는 거래를 진행한다. 스페인측이 파악한 KT-1의 대당 가격은 115억원 안팎으로 KT-1 34대 가격으로는 3900억~4000억원 정도다. 경쟁기종인 스위스 필라투스의 PC-9보다 다소 비싸다. 여기에 조종 시뮬레이터와 교범 등 지원체계가 더해지면 5000억원 안팎의 비용이 소요된다.A400M의 대당 가격은 3000억원 수준. 스페인은 우리측에 대당 2200억원에 A400M을 넘길 수 있으며, 추가 인하도 가능하다는 입장인 것으로 알려졌다. 스페인은 A400M 27대를 에어버스에 주문했으나 13대를 운용하지 않고 제3국에 판매할 방침이다. 일정 기간이 지나도 판매하지 못한 A400M이 있으면 대당 2000만 유로(약 256억원)의 벌금을 제작사인 에어버스에 지불해야 한다. KT-1이 PC-9보다 가격이 높은데도 스페인이 KT-1을 선호하는 이유를 짐작케 하는 대목이다.2단계 거래는 TA-50 전술입문기 20~24대와 A400M 3대의 맞교환이다. 국제 훈련기 시장에서 T-50의 대당 가격은 2500만달러(약 283억원)로 평가되고 있다. 20대를 도입한다면 5660억원, 24대를 구매한다면 약 6790억원 정도가 된다. 여기에 정비와 교육훈련 등에 필요한 지원체계가 추가된다. 양측 모두 큰 손해 없이 맞교환을 할 수 있는 수준이다.미 보잉이 개발한 BTX 훈련기. 미 공군에 이어 해외수출 가능성도 제기된다.주무부처인 방위사업청은 이달 말 스페인 정부 관계자들과 만나 훈련기-수송기 맞교환 관련 사안을 논의한 뒤 내년 초부터 본격적인 사업 추진 절차에 착수할 것으로 알려져 정부와 군의 향후 행보에 관심이 집중된다.◆‘北 눈치보기, 산업적 고려’ 변수 남아훈련기-수송기 맞교환 가능성이 제기되자 수송기 운용주체가 될 공군은 내심 반가운 기색이다. 해외 파병과 재난 시 해외 체류 국민 구조 등 수송기 소요는 늘어나고 있으나 전투기에 밀려 도입시기가 계속 미뤄져왔기 때문이다. 이러한 와중에서 국산 훈련기와의 맞교환이 성사되면, 방산수출을 지원한다는 명분과 전력 확보라는 실리를 모두 얻게 된다.군과 방산업계에서는 맞교환 계획이 본격화되는 과정에서 두 가지 요소가 변수로 작용할 가능성을 제기하고 있다.우선 ‘북한 눈치보기’다. 수송기는 살상무기가 아니며 공군에서도 지원기로 분류한다. 그런데도 방사청을 비롯한 군내에서는 북한의 반발 가능성을 의식하는 기류도 감지된다. 한반도 유사시 북한 전쟁지도부를 타격하는 ‘참수부대’ 특임여단용으로 인식될 수 있다는 것이다.이같은 인식은 적절치 않다. 무기는 군 조직이 어떻게 활용하는가에 따라 그 성격이 달라진다. 수송기는 북한이 핵실험과 탄도미사일 도발을 지속하던 시기에는 특전사 요원을 태우고 북한 내륙에 침투하는 성격이 두드러졌다. 하지만 북한이 도발을 중단하고 우발적 무력충돌 방지 조치가 취해진 현재는 재외 국민 수송과 재난 구호 등의 역할을 수행한다.지난 9월 인도네시아 술라웨시 일대에 지진과 쓰나미가 덮치자 공군 C-130 수송기가 현지로 급파, 구호물자를 수송했다. 지난 10월 사이판에 태풍 ‘위투’가 상륙, 현지에 머물던 우리 국민들이 고립되자 C-130 수송기가 출동해 국민들을 괌으로 옮기면서 구호물자를 날랐다. 재해 현장에 수송기를 보내 구호활동을 펼치는 것만으로도 우리나라의 외교력을 높이는 효과가 있는 만큼 수송기의 역할을 한정적으로 해석하는 것은 정부 대외정책을 충실히 뒷받침하지 못하는 결과를 초래할 수 있다는 지적이다.훈련기-수송기 맞교환을 안보 분야로만 해석할 경우 사업 동력이 떨어질 위험이 있다. 우리 군이 A400M 수송기를 도입하는 것은 군 전력을 증강하는 요소다. 반면 KT-1과 TA-50 훈련기를 스페인에 판매하는 것은 ‘항공우주산업 진흥’이라는 산업적 요소가 적지 않다.KT-1은 터키와 인도네시아, 페루, 세네갈에 수출됐으며 T-50 계열 훈련기도 태국, 필리핀, 인도네시아, 이라크 등에 판매됐으나 두 기종 모두 유럽연합(EU) 회원국 시장에는 접근하지 못했다. 스위스 필라투스 PC-9이나 영국 BAE 시스템스 호크 등 경쟁 기종들이 EU 시장을 장악하고 있었고, 국방예산 삭감 기조가 지속되면서 EU 회원국 공군이 운용중인 훈련기의 대체 사업이 동력을 얻지 못했기 때문이었다.하지만 EU 회원국 시장 상황도 변화가 불가피하다. 훈련기 대체가 늦어져 노후화가 심해진 국가들이 생기고 있다. F-35A와 라팔, 타이푼 등 4~5세대 전투기가 일선에 배치되는 상황에서 기존 훈련기로는 조종훈련 소요를 충족하지 못하는 셈이다. PC-9과 호크, 이탈리아 레오나르도 M-346, 체코제 L-39 훈련기 개량형이 있지만 동남아시아 등에서 수주 경쟁을 했던 ‘구면’이라는 점에서 T-50 계열 훈련기의 경쟁력은 충분하다.그러나 미 공군 고등훈련기(APT) 사업을 수주한 미국 보잉-스웨덴 사브가 개발한 BTX 훈련기가 EU 회원국 시장에 진출하면 상황은 달라진다. EU 회원국들은 미국 주도의 북대서양조약기구(NATO)에도 가입해 있어 ‘아메리카 프리미엄’ 효과를 BTX가 누릴 수 있다. BTX가 유럽에 본격 진출하면 상당수의 EU 회원국들은 BTX로 기울 가능성이 높다. BTX의 유럽 진출에 대비, T-50도 유럽에 교두보를 구축할 필요가 있다는 지적이 나오는 이유다.스페인은 T-50 개발 당시 우리 정부가 공동개발 가능성을 타진했던 국가다. CN-235 수송기 도입 및 운용과정에서 스페인과 오랜 기간 관계를 맺어왔다. 스페인은 차기전투기(F-X) 사업 과정에서도 에어버스의 타이푼 전투기 한국 판매를 지원, 한국 사정에 밝아 유럽 진출을 위한 발판이 될 수 있다.미 공군 훈련기(APT) 사업에서 탈락한 T-50A 훈련기. T-50을 T-50A 수준으로 개량해야 한다는 목소리가 나오고 있다. 록히드마틴 제공T-50 1대를 수출하는 것은 중형 자동차 1000대를 수출하는 것과 같은 경제 효과를 창출한다. 자동차의 10배가 넘는 20만~30만개 부품으로 구성되는 항공기 개발과 생산은 상당 부분 수작업으로 이뤄져 고용창출 효과도 뛰어나다. KT-1과 T-50 제작사인 한국항공우주산업(KAI)은 한국형전투기(KF-X), 소형무장헬기(LAH), 소형민수헬기(LCH) 개발을 진행중이다. 좋은 항공기를 개발해도 판매하지 못하면 소용이 없다. K-9 자주포가 북유럽 시장에 진출하면서 좋은 평가를 받는 것처럼 국산 훈련기가 스페인에 진출한다면 우리 군의 소요 감소로 어려움을 겪는 국내 방위산업계가 활로를 찾을 수 있다. 스페인 수출을 계기로 T-50을 미 공군 수출형이었던 T-50A 수준으로 개량하는 작업도 탄력을 받을 가능성이 높아진다. 훈련기-수송기 맞교환에 우리 군과 정부가 보다 적극적으로 나서야 할 이유다.박수찬 기자psc@segye.comⓒ 세상을 보는 눈, 글로벌 미디어세계일보"
25,2018-12-14,[현장영상] 국민연금 개편안 발표…보험료-소득대체율 연계 상향 조정,https://news.naver.com/main/read.nhn?mode=LSD&mid=shm&sid1=102&oid=052&aid=0001228830,YTN,"* 아래 텍스트는 청각장애인 자막 방송 속기록을 바탕으로 작성된 내용입니다. 실제 방송 내용과 차이가 있을 수 있으니 보다 정확한 내용은 방송으로 확인하시기 바랍니다.[박능후 / 보건복지부 장관]반갑습니다. 안녕하십니까. 보건복지부 장관 박능후입니다. 지금부터 정부에서 준비한 국민연금 종합운영 계획안을 말씀드리겠습니다.먼저 정부의 국민연금 종합운영 계획안 발표가 당초 일정보다 늦게 된 점에 대해 국민들께 죄송하다는 말씀을 드립니다.이번에 마련한 제4차 국민연금 종합운영 계획안은 지난 8월 발표한 국민연금 4차 제정 추계 결과 및 제도 개선 방안을 기초로 다양한 방식으로 국민 의견을 수렴하여 마련하였습니다.특히 지난 9월부터 10월 동안 노동계, 사용자, 노인층, 청년층 등 주요 집단별 간담회, 전국 17개 시도별 순회 토론회, 온라인, 전화 설문에서 많은 국민 여러분들께서 우리의 노후소득보장제도에 대한 아낌없는 비판과 조언을 해 주셨습니다.그동안 소중한 의견을 주신 국민 여러분께 이 자리를 빌려 감사의 말씀을 드립니다.이번에 마련하는 국민연금 종합운영 계획은 과거 1, 2, 3차 재정 계산 당시의 종합운영과 비교할 때 몇 가지 특징이 있다고 생각합니다.첫째, 논의의 틀 면에서 기존의 국민연금 중심을 노후소득보장 강화 논의에서 이번에는 기초연금. 퇴직연금 등공적 연금 전체를 포괄하는 다층연금체계 차원으로 논의를 확장하였습니다.기초연금이 계속 증가하고 있고 퇴직연금과 주택농지연금도 노후소득보장의 한 틀로 발전해 나가고 있는 상황에서 국민의 노후를 더욱 두텁게 보장하기 위해서는 국민연금제도뿐만 아니라 다양한 공적 연금제도를 함께 고려하는 것이 더욱 효과적이기 때문입니다.둘째, 내용 면에서 기존 1, 3차 국민연금 종합계획과는 달리 이번 제 4차 종합운영 계획은 노후 소득 보장과 재정안정화를 균형 있게 하기 위해 노력하였습니다.과거 두 차례의 연금 개혁은 모두 재정안정화에 초점을 두었으나 이번의 제4차 국민연금종합계획은 국민연금 사각지대 해소, 급여 내실화, 다층 노후소득보장체계를 통한 노후소득보장 강화를 추진하고 기금운용의 수익성 제고 등 재정안정화 방안도 함께 제시하였습니다.셋째, 계획 수립 방식 면에서 정부 주도의 일방적 연금 계획이 아니라 지역별, 연령별, 일반 국민 이해관계자 및 전문가 등 다양한 국민들의 의견을 바탕으로 수립되었습니다.그간 1, 3차 종합운영 계획 마련 과정은 전문가위원회 논의 결과를 바탕으로 정부가 전문가 중심으로 진행되어 그 과정에서 국민들의 의견을 수렴하여 반영하려는 노력이 부족한 측면이 있었습니다.그러나 영국 등 많은 선진국은 국민들 의견을 직접 수렴하고 이를 제도 개선 방안에 반영토록 노력하여 국민연금 계획을 추진한 바 있습니다.제4차 국민연금 종합운영 계획에서 추진한 주요 제도를 말씀드리겠습니다.먼저 국민연금에 대한 신뢰도 제고를 위해 국민연금 급여를 국가가 보장한다는 취지가 명확하게 드러나도록 법 개정을 추진할 계획입니다.국민연금은 국가가 존재하는 한 영속적으로 운영되는 것이며 이를 위해 가장 중요한 것은 국민연금에 대한 국민의 신뢰가 기반이 되어야 합니다.또한 대국민 설문조사 결과에서도 응답자의 91.7%가 지급보장 명문화에 찬성하신 바 있습니다.이러한 국민의 의견을 수용하여 지급 보장을 확실히 말씀드리고 이를 통해 국민연금에 대한 신뢰를 두텁게 하고자 합니다.다음으로 국민연금 가입 급여 제도의 주요 개선 방안을 말씀드리겠습니다. 저소득 지역가입자 보험료 지원 방안을 신설하겠습니다.국민연금에 가입하였으나 사업 중단, 실직 등으로 보험료 납부가 어려운 지역가입자분들에게 보험료 50%를 지원해드리겠습니다.이를 통해 약 350만 명의 납부 예외자가 보험료 지원을 통해 국민연금 가입기간과 실질소득대체율을 증가시킬 수 있을 것으로 예상됩니다.지역가입자 지원제도 신설과 함께 기존의 사업장 가입자 및 농어민 보험료 지원을 확대하겠습니다.내년도에 190만 원에서 210만 원으로 인상하고 농어업인 연금 보험 지원사업의 기준 소득 금액을 91만 원에서 97만 원으로 인상할 계획입니다.출산 크레딧 제도는 당초 둘째아에서 확대하여 첫째아 이상부터 지급하도록 개선하겠습니다.유족연금은 그간 배우자 사망시 발생하는 유족연금과 본인의 노령연금이 중복으로 발생하는 경우 당초 유족연금의 30%만 중복하여 수급할 수 있었으나 40%로 인상하여 배우자 사망시 발생할 수 있는 생계의 어려움을 완화시키겠습니다.분할연금제도를 개선하겠습니다. 현재 노령연금수급식하고 분할하던 방식에서 이혼 시점에 소득 이력을 분할하는 방식으로 변경하여 부부 양측의 연금 수급 강화에 기여할 수 있도록 하고 최종 혼인 기간을 5년에서 1년으로 단축하여 이혼한 배우자의 연금수급권을 강화하겠습니다.기초연금은 소득 하위 노인에게 30만 원 지원을 목표로 이를 차질없이 추진하겠습니다.내년도에 소득하위 20%, 2020년에는 소득하위 40%, 2021년에는 소득 하위 70% 노인분들에게 기초연금 30만 원을 지급하여 현재 노인 세대의 높은 빈곤율을 완화시킬 수 있도록 노력하겠습니다.아울러 기초연금과 함께 퇴직연금, 주택연금의 각 연금제도 간 유기적인 연동과 함께 다층 노후소득보장체계 강화를 위한 범정부 협의체를 구성할 계획입니다.다음으로 노후소득 보장과 재정 안정을 위한 소득대체율 및 보험료율 조정 방안을 말씀드리겠습니다.대국민 의견수렴 결과 국민연금 소득대체율, 보험료율에 대해 현행 제도를 유지하자는 의견, 노후소득보장을 강화하자는 의견, 재정안전성 강화를 주장하는 의견이 혼재하는 것으로 나타났습니다.따라서 하나의 통일된 대안을 만드는 것은 어려웠고 소득대체율과 보험요율의 다양한 정책종합 범위 내에서 국민들 의견을 최대한 반영하고 실현 가능성 등을 고려해 여러 대안을 제시하기로 하였습니다.다만 공적 연금이 지향하는 목표를 분명히 하겠습니다.국민연금과 기초연금 그리고 현 수준의 퇴직연금을 포함하는 공적 연금을 통해서 평균적인 국민이 25년 정도 국민연금 등 공적연금에 가입했을 때 받을 수 있는 최저노후생활 목표금을 설정하고 장기적으로는 조금 더 발전된 퇴직연금 사적연금을 포괄한 다층 체계를 통해 적정 노후생활비 약 150만 원 수준이 될 수 있도록 정책적 노력을 하도록 하겠습니다.이것은 2018년 실시한 국민노후보장편을 조사해서 1인가구의 은퇴 후 최소생활비 약 95~108만 원, 적정생활비 약 137~154만 원인 것을 고려한 것입니다.이러한 공적 연금 정책 목표를 달성하기 위한 방안으로 국민연금 소득대체율의 조정 범위는 40~50%, 보험료율은 9~13%, 그리고 기초연금 30~40만 원 범위에서 정책 대안을 고려하였습니다.이러한 종합 속에서 국민들의 네 가지 방안을 제안할 계획입니다. 이와 관련하여 먼저 말씀드리고 싶은 것은 국민연금을 포함한 공적 연금 개혁은 정부나 전문가의 논의로 이뤄지지는 않는다는 것입니다.현재 진행 중인 경제사회노동위원회의 연금개혁특위 그리고 향후 국회를 중심으로 한 논의 등을 통해 국민들 의견이 모아지고 합의를 이룬 다음에야 가능할 것입니다.이번에 발표하는 정부의 초안은 앞으로 있을 사회적 논의와 국민 의견 수렴의 기초 자료이자 논의의 출발점이라고 볼 수 있습니다.먼저 현행 유지안입니다. 국민들의 의견 수렴 결과 국민 여러분의 절반 정도가 현행 수준 유지를 원하는 것으로 나타났습니다.현행 소득대체율 40% 및 보험요율 9% 체계를 유지하되 앞서 말씀드린 급여가입제도 개선을 위한 정책을 우선 추진하여 실질소득대체율을 제고시키는 방안입니다.다음은 기초연금 강화안입니다. 현재 유지안과 같이 현행 소득대체율 및 보험료율 체계를 유지하되 기초연금을 40만 원으로 인상하는 방안입니다.현행 유지안에 비해 현재 노인의 노후수당부담을 더욱 두텁게 하여 노인빈곤율 해소에 초점을 맞춘 것입니다. 다음은 노후소득보장 강화안입니다.노후소득을 강화하기 위해 소득대체율 인상이 필요하다는 의견을 반영하여 이와 함께 소득대체율을 45%로 인상하고 이와 함께 재정안정성 제고를 위해 보험요율을 5년마다 1%포인트씩 인상하여 31년 12%까지 인상하는 안입니다.노후소득보장을 강화하기 위한 추가적인 강화안도 마련하였습니다.보다 노후소득보장을 강조한 안으로 소득대체율을 50%로 인상하고 보험료율을 2021년부터 5년마다 1%씩 인상하여 2036년 13%까지 인상하는 방안입니다. 노후소득보장 강화안의 경우 보험요율을 5년에 1%씩 인상하여 국민들이 체감하는 보험료 부담을 최소화시키고자 하였습니다.이는 현재의 어려운 경제사회적 여건을 고려하여 보험료율의 단계적 조정을 통해 민생 경제에 미치는 부정적 영향을 최소화하고 국민 여러분의 수용성을 감안하여 설정한 것입니다.소득대체율과 보험료율은 국민의 노후소득보장과 경제적 부담이라는 측면에서 즉각적으로 국민들의 의견을 반영하는 것이 무엇보다 중요한 부분입니다.이번 연금제도 개선은 지난 2007년 계획이래 약 10년 만에 논의되는 것으로 국민이 중심이 되어 사회적 합의를 거쳐 진행되어야 한다고 생각합니다.다른 선진국도 오랜 기간 사회적 논의를 거쳐 공적 연금 개혁을 이룬 바가 있습니다.오늘 정부가 제시한 안을 기초로 하여 향후 사회적 논의를 통해 개혁방안이 선택될 수 있기를 바라며 정부는 사회적 논의를 위한 지원 역할을 충실히 수행할 것이며 연금개혁 논의 과정에서 적극적으로 논의에 참여하고 지원할 예정임을 말씀드립니다.이상으로 국민연금 종합운영 계획안에 대한 설명을 마치겠습니다. 감사합니다.▶ YTN 개편 구독하면 총 300만원의 행운이!▶ 네이버 메인에서 YTN을 구독해주세요![저작권자(c) YTN & YTN PLUS 무단전재 및 재배포 금지]"
26,2018-12-14,"바나나, 정말 멸종할까?",https://news.naver.com/main/read.nhn?mode=LSD&mid=shm&sid1=105&oid=277&aid=0004375633,아시아경제,"농장에서 수확한 바나나를 다듬고 있는 일꾼들. [사진=유튜브 화면캡처][아시아경제 김종화 기자]1870년 캘리포니아에 거주하는 한 미국인이 자메이카에서 바나나를 들여오면서 바나나는 미국인의 입맛을 사로잡습니다.1870~1880년대 캘리포니아주는 과일·채소의 주요 생산지로 떠오르면서 지금은 '치키타(Chiquita)'로 바뀐 '유나이티드프루트컴퍼니(UFC)'와 '델몬트(Del Monte)'의 전신인 '캘리포니아포장회사'가 설립되는 것도 이 시기입니다.바나나의 맛에 빠진 미국인들은 UFC와 델몬트, 돌(Dole) 등을 앞세워 지구촌 곳곳의 열대우림을 밀고 대규모 바나나 농장을 세워 바나나를 대량으로 들여오기 시작합니다. 이후 바나나는 세계를 지배하는 과일이 됩니다. 지금도 전 세계에서 가장 많이 생산되는 과일은 바나나입니다. 2015년 말 기준 세계 바나나 생산량은 1억1790만톤(t)이었습니다.1991년 수입 자유화 이후 우리나라에 들어온 이후에는 한국인도 바나나의 매력에 푹 빠집니다. 지난해 우리나라가 수입한 바나나양은 43만1848t으로 약 1조5000억원 규모로 수입과일 중 1위였는데, 이 가운데 80%는 필리핀에서 수입합니다. 바나나는 하나만 먹어도 포만감을 느낄 수 있어 다이어트 과일로 인기입니다. 싫어하는 사람이 거의 없는 과일이기도 하지요.그런데 이 바나나가 멸종 위기에 처했다는 소식 들으셨나요? 2014년 4월21일(현지시각) 미국의 CNBC가 바나나 전염병인 '파나마시들음병(TR4)가 세계로 퍼져 나가고 있어 바나나가 지구상에서 사라질 가능성이 있다고 최초로 보도한 이후 바나나 멸종설은 확산됐습니다.사실 바나나 멸종설을 가장 먼저 주장했던 사람은 미국의 저널리스트인 댄 쾨펠입니다. 그는 2005년 과학잡지 '파퓰러사이언스(Popular Science)'에 실린 'Can this fruit be saved?(이 과일 구할 수 있을까?)'라는 르포와 5년 뒤 발간한 자신의 저서 '바나나: 세계를 바꾼 과일의 운명'에서 1950년대 파나마시들음병으로 멸종한 '그로미셀(Gros Michel)' 품종을 예로 들어 바나나 멸종설을 주장합니다.농장에서 수확한 바나나를 차량에 옮겨싣고 있는 모습. [사진=유튜브 화면캡처]사람들에게 불치병이 있듯이 식물에게도 불치병이 있는데 바나나의 경우 줄여서 파나마병이라고 부르는 파나마시들음병이 불치병입니다. 파나마병을 일으키는 원인균은 '푸사리움 옥시스포룸(Fusarium oxysporum)'이라는 곰팡이균입니다. 이 균은 바나나 뿌리나 잎을 통해 침입해 나무를 1~2년 만에 고사시킵니다. 지금은 여기서 더 발전한 '변종 파나마병'이 지구촌을 휩쓸고 있습니다.1950년대 파나마에서 파나마병이 발병해 수출되는 바나나를 통해 전 세계로 퍼지면서 당시 바나나의 주력 품종이던 그로미셀은 1960년대에 완전히 사라집니다. 멸종까지 불과 10년 정도 걸린 셈이지요. 다시 바나나가 멸종될 수 있다는 주장이 나온 이유는 바나나의 특성 때문입니다.바나는 한 번 열매가 열린 이후에는 같은 개체에서 상품성이 있을 만큼 큰 바나나가 열리지 않습니다. 그래서 바나나 열매가 한번 열리면 수확 후 새로운 묘목을 다시 재배합니다. 바나나는 씨가 없기 때문에 밑동을 잘라내고 땅속줄기에서 어린 줄기가 성체로 자라기를 기다렸다 열매가 열리면 다시 수확합니다. 1년 주기로 다시 열매가 열립니다.그러니까 바나나는 묘목이라기보다 풀입니다. 새 풀을 심는 것이 아닌, 같은 유전자를 가진 동일한 줄기에서 새순이 자라 다시 열매를 맺는 것이지요. 다시 말해서 사람이 재배하는 바나나는 모두 유전적으로 동일한 열매여서 병충해가 한 번 휩쓸면 전멸당할 수밖에 없기 때문에 바나나 멸종설은 나름 설득력이 있다고 할 수 있습니다.그러나 바나나는 멸종하지 않을 것으로 보입니다. 다만, 현재 바나나의 대명사인 '캐번디시(Cavendish)'는 멸종될 가능성이 높습니다. 그로미셀 멸종 이후 주력 품종이 된 캐번디시는 현재 우리가 먹는 대부분의 바나나로 1960년 중반 전세계로 전파됐습니다. 1840년대 잉글랜드의 캐번디시 공작이 발견한 품종입니다. 사실은 그의 정원사였던 조셉 팍스톤(Joseph Paxton)이 발견한 것이지요. 당시 파나마병을 이길 수 있도록 개량된 개량종이지만, 지금의 변종 파나마병은 이겨낼 수 없습니다.대규모 바나나 농장과 연구소 등에서 바나나의 품종개량을 위해 노력하고 있습니다. 지금 나온 1000여 종의 품종 가운데 캐번디시를 능가하는 품종이 나올 수 있을까요? [사진=유튜브 화면캡처]바나나는 1년 내내 대량으로 수확할 수 있고, 쉽게 껍질을 벗겨 먹을 수 있으며, 덜 익은 상태로 수확해 천천히 익힐 수 있어 수출도 쉽습니다. 이는 곧 캐번디시 품종의 장점이라고 할 수 있습니다. 그러니까 바나나 멸종의 열쇠는 캐번디시 대체종에 달린 셈이지요.세계 150개국에 1000여 종의 바나나가 있는데 구우면 감자와 비슷한 맛이 나는 플랜틴 바나나, 빨간색 바나나 등 그 종류도 다양합니다. 그러나 캐번디시를 대체할 만한 매력적인 품종은 아직 나타나지 않고 있다고 합니다. 사실은 그로미셀도 완전히 멸종한 것은 아닙니다. 일부 지역에서 소규모로 생산되고 있지만 캐번디시에 비해 품질이 떨어져 경쟁이 되지 않는 것이지요.지금 세계인은 캐번디시의 입맛에 길들여져 있습니다. 만약 캐번디시가 멸종한다면, 그 이후 경쟁할 품종 가운데 캐번디시를 능가하는 바나나가 없다면 어떻게 될까요? 바나나는 사람들에게서 잊혀진 과일이 되고 말겠지요, 그로미셀처럼. 결국 멸종과 크게 다를 바 없게 되지 않을까요?김종화 기자 justin@asiae.co.kr▶ 네이버 홈에서 '아시아경제' 뉴스 확인하기▶ 재미와 신기 '과학을읽다'▶ 놀라운 '군사이야기'<ⓒ경제를 보는 눈, 세계를 보는 창 아시아경제 무단전재 배포금지>"
27,2018-12-14,"사상 초유 '무기 빅딜', 내년부터 본격화되나",https://news.naver.com/main/read.nhn?mode=LSD&mid=shm&sid1=100&oid=022&aid=0003326585,세계일보,"KT-1, TA-50 훈련기와 스페인 대형수송기 맞교환 윤곽지난달 중순부터 제기됐던 스페인 대형수송기 A400M과 국산 KT-1, TA-50 훈련기 맞교환 거래가 윤곽을 드러내고 있다.인도네시아에 수출된 T-50i 훈련기가 훈련을 위해 이륙하고 있다. KAI 제공스페인 정부는 지난달 12~13일(현지시간) 마드리드에서 열린 한국-스페인 방산군수공동위원회에서 A400M과 KT-1, TA-50의 맞교환을 제안했다. 스페인은 유럽 에어버스 A400M 4~6대를 한국에 넘기는 대신 한국항공우주산업(KAI)의 KT-1 34대와 TA-50 20여대를 도입하는 방안을 추진하고 있다.방산군수공동위 개최로부터 한 달이 지난 상황에서 한국과 스페인 정부의 구상이 조금씩 수면 위로 올라오고 있다. 거래가 성사되면 1조원에 달하는 ‘빅딜’이 이뤄지는 셈이다. 17조원에 달하는 미 공군 고등훈련기(APT) 사업 수주 실패를 유럽 시장에서 만회할 기회를 얻게 되어 항공우주산업 발전에서 청신호가 될 수 있다. 하지만 남북 화해 분위기가 고조되면서 전력증강사업에 대한 군의 ‘과도한 눈치보기’ 등이 변수로 작용할 가능성이 있다는 지적도 나온다.스페인 공군기지 개방행사에 참가한 시민들이 A400M 수송기를 관람하고 있다. 미 공군 제공◆2단계 맞교환으로 ‘빅딜’ 진행되나지난달 한국-스페인 방산군수공동위 직후 양측은 A400M과 KT-1, TA-50 맞교환과 관련된 사항을 검토하며 추가 논의를 준비해왔다. 이 과정에서 구체적인 맞교환 방안이 거론되고 있다. 방산업계 관계자는 “스페인측에서는 두 번에 걸쳐 항공기를 맞교환하는 거래를 구상하는 것으로 안다”며 “스페인은 KT-1과 TA-50을 2023년과 2025년에 각각 도입하는 방안을 검토중”이라고 전했다.페루 공군의 KT-1P 초등훈련기가 비행하고 있다. KAI 제공이 관계자의 설명에 따르면, 한국과 스페인은 1단계로 KT-1 초등훈련기 34대와 A400M 2~3대를 맞바꾸는 거래를 진행한다. 스페인측이 파악한 KT-1의 대당 가격은 115억원 안팎으로 KT-1 34대 가격으로는 3900억~4000억원 정도다. 경쟁기종인 스위스 필라투스의 PC-9보다 다소 비싸다. 여기에 조종 시뮬레이터와 교범 등 지원체계가 더해지면 5000억원 안팎의 비용이 소요된다.A400M의 대당 가격은 3000억원 수준. 스페인은 우리측에 대당 2200억원에 A400M을 넘길 수 있으며, 추가 인하도 가능하다는 입장인 것으로 알려졌다. 스페인은 A400M 27대를 에어버스에 주문했으나 13대를 운용하지 않고 제3국에 판매할 방침이다. 일정 기간이 지나도 판매하지 못한 A400M이 있으면 대당 2000만 유로(약 256억원)의 벌금을 제작사인 에어버스에 지불해야 한다. KT-1이 PC-9보다 가격이 높은데도 스페인이 KT-1을 선호하는 이유를 짐작케 하는 대목이다.2단계 거래는 TA-50 전술입문기 20~24대와 A400M 3대의 맞교환이다. 국제 훈련기 시장에서 T-50의 대당 가격은 2500만달러(약 283억원)로 평가되고 있다. 20대를 도입한다면 5660억원, 24대를 구매한다면 약 6790억원 정도가 된다. 여기에 정비와 교육훈련 등에 필요한 지원체계가 추가된다. 양측 모두 큰 손해 없이 맞교환을 할 수 있는 수준이다.미 보잉이 개발한 BTX 훈련기. 미 공군에 이어 해외수출 가능성도 제기된다.주무부처인 방위사업청은 이달 말 스페인 정부 관계자들과 만나 훈련기-수송기 맞교환 관련 사안을 논의한 뒤 내년 초부터 본격적인 사업 추진 절차에 착수할 것으로 알려져 정부와 군의 향후 행보에 관심이 집중된다.◆‘北 눈치보기, 산업적 고려’ 변수 남아훈련기-수송기 맞교환 가능성이 제기되자 수송기 운용주체가 될 공군은 내심 반가운 기색이다. 해외 파병과 재난 시 해외 체류 국민 구조 등 수송기 소요는 늘어나고 있으나 전투기에 밀려 도입시기가 계속 미뤄져왔기 때문이다. 이러한 와중에서 국산 훈련기와의 맞교환이 성사되면, 방산수출을 지원한다는 명분과 전력 확보라는 실리를 모두 얻게 된다.군과 방산업계에서는 맞교환 계획이 본격화되는 과정에서 두 가지 요소가 변수로 작용할 가능성을 제기하고 있다.우선 ‘북한 눈치보기’다. 수송기는 살상무기가 아니며 공군에서도 지원기로 분류한다. 그런데도 방사청을 비롯한 군내에서는 북한의 반발 가능성을 의식하는 기류도 감지된다. 한반도 유사시 북한 전쟁지도부를 타격하는 ‘참수부대’ 특임여단용으로 인식될 수 있다는 것이다.이같은 인식은 적절치 않다. 무기는 군 조직이 어떻게 활용하는가에 따라 그 성격이 달라진다. 수송기는 북한이 핵실험과 탄도미사일 도발을 지속하던 시기에는 특전사 요원을 태우고 북한 내륙에 침투하는 성격이 두드러졌다. 하지만 북한이 도발을 중단하고 우발적 무력충돌 방지 조치가 취해진 현재는 재외 국민 수송과 재난 구호 등의 역할을 수행한다.지난 9월 인도네시아 술라웨시 일대에 지진과 쓰나미가 덮치자 공군 C-130 수송기가 현지로 급파, 구호물자를 수송했다. 지난 10월 사이판에 태풍 ‘위투’가 상륙, 현지에 머물던 우리 국민들이 고립되자 C-130 수송기가 출동해 국민들을 괌으로 옮기면서 구호물자를 날랐다. 재해 현장에 수송기를 보내 구호활동을 펼치는 것만으로도 우리나라의 외교력을 높이는 효과가 있는 만큼 수송기의 역할을 한정적으로 해석하는 것은 정부 대외정책을 충실히 뒷받침하지 못하는 결과를 초래할 수 있다는 지적이다.훈련기-수송기 맞교환을 안보 분야로만 해석할 경우 사업 동력이 떨어질 위험이 있다. 우리 군이 A400M 수송기를 도입하는 것은 군 전력을 증강하는 요소다. 반면 KT-1과 TA-50 훈련기를 스페인에 판매하는 것은 ‘항공우주산업 진흥’이라는 산업적 요소가 적지 않다.KT-1은 터키와 인도네시아, 페루, 세네갈에 수출됐으며 T-50 계열 훈련기도 태국, 필리핀, 인도네시아, 이라크 등에 판매됐으나 두 기종 모두 유럽연합(EU) 회원국 시장에는 접근하지 못했다. 스위스 필라투스 PC-9이나 영국 BAE 시스템스 호크 등 경쟁 기종들이 EU 시장을 장악하고 있었고, 국방예산 삭감 기조가 지속되면서 EU 회원국 공군이 운용중인 훈련기의 대체 사업이 동력을 얻지 못했기 때문이었다.하지만 EU 회원국 시장 상황도 변화가 불가피하다. 훈련기 대체가 늦어져 노후화가 심해진 국가들이 생기고 있다. F-35A와 라팔, 타이푼 등 4~5세대 전투기가 일선에 배치되는 상황에서 기존 훈련기로는 조종훈련 소요를 충족하지 못하는 셈이다. PC-9과 호크, 이탈리아 레오나르도 M-346, 체코제 L-39 훈련기 개량형이 있지만 동남아시아 등에서 수주 경쟁을 했던 ‘구면’이라는 점에서 T-50 계열 훈련기의 경쟁력은 충분하다.그러나 미 공군 고등훈련기(APT) 사업을 수주한 미국 보잉-스웨덴 사브가 개발한 BTX 훈련기가 EU 회원국 시장에 진출하면 상황은 달라진다. EU 회원국들은 미국 주도의 북대서양조약기구(NATO)에도 가입해 있어 ‘아메리카 프리미엄’ 효과를 BTX가 누릴 수 있다. BTX가 유럽에 본격 진출하면 상당수의 EU 회원국들은 BTX로 기울 가능성이 높다. BTX의 유럽 진출에 대비, T-50도 유럽에 교두보를 구축할 필요가 있다는 지적이 나오는 이유다.스페인은 T-50 개발 당시 우리 정부가 공동개발 가능성을 타진했던 국가다. CN-235 수송기 도입 및 운용과정에서 스페인과 오랜 기간 관계를 맺어왔다. 스페인은 차기전투기(F-X) 사업 과정에서도 에어버스의 타이푼 전투기 한국 판매를 지원, 한국 사정에 밝아 유럽 진출을 위한 발판이 될 수 있다.미 공군 훈련기(APT) 사업에서 탈락한 T-50A 훈련기. T-50을 T-50A 수준으로 개량해야 한다는 목소리가 나오고 있다. 록히드마틴 제공T-50 1대를 수출하는 것은 중형 자동차 1000대를 수출하는 것과 같은 경제 효과를 창출한다. 자동차의 10배가 넘는 20만~30만개 부품으로 구성되는 항공기 개발과 생산은 상당 부분 수작업으로 이뤄져 고용창출 효과도 뛰어나다. KT-1과 T-50 제작사인 한국항공우주산업(KAI)은 한국형전투기(KF-X), 소형무장헬기(LAH), 소형민수헬기(LCH) 개발을 진행중이다. 좋은 항공기를 개발해도 판매하지 못하면 소용이 없다. K-9 자주포가 북유럽 시장에 진출하면서 좋은 평가를 받는 것처럼 국산 훈련기가 스페인에 진출한다면 우리 군의 소요 감소로 어려움을 겪는 국내 방위산업계가 활로를 찾을 수 있다. 스페인 수출을 계기로 T-50을 미 공군 수출형이었던 T-50A 수준으로 개량하는 작업도 탄력을 받을 가능성이 높아진다. 훈련기-수송기 맞교환에 우리 군과 정부가 보다 적극적으로 나서야 할 이유다.박수찬 기자psc@segye.comⓒ 세상을 보는 눈, 글로벌 미디어세계일보"
28,2018-12-14,"美전역 학교·기업들에 폭탄위협 이메일…FBI ""신빙성 없어""",https://news.naver.com/main/read.nhn?mode=LSD&mid=shm&sid1=102&oid=001&aid=0010525595,연합뉴스,"(로스앤젤레스=연합뉴스) 옥철 특파원 = 미국 샌프란시스코, 뉴욕, 시애틀, 마이애미, 워싱턴DC 등 주요 대도시 소재 학교·기업·기관에 13일 오후(현지시간) 돈을 요구하며 폭탄 폭발 위협을 가하는 이메일이 동시에 발송돼 미 연방수사국(FBI)이 수사에 나섰다.CNN에 따르면 10여 개 기업이 폭탄 위협과 관련된 이메일을 받았으며, FBI와 주류담배화기류 단속국(ATF)이 여러 이메일 간의 연계 여부를 조사 중이다.미 전역에 배달된 이메일 폭탄 위협[EPA=연합뉴스]FBI는 ""늘 그렇듯이 공중의 안전을 위협할 만한 수상한 행동을 발견하면 즉시 신고해달라""고 당부했다.CNN은 문제가 된 이메일이 비트코인으로 2만 달러를 요구하는 내용이라고 전했다.CNN의 오클라호마 지역 제휴사 KOCO TV가 관련된 이메일을 받았다.아이오와 경찰국은 소셜미디어에 돈을 요구하며 폭발물 협박을 하는 내용의 이메일을 공개했다.아이오와 경찰국은 ""현재로서는 이 이메일이 진짜 위협이라고 믿을 만한 증거는 없다""면서 ""금전 사기를 치기 위해 로봇 이메일을 활용했을 가능성이 있다""라고 말했다.시애틀에서는 현지 워싱턴대학 캠퍼스에서 협박 이메일을 받아 캠퍼스 내에 경고령을 내렸다.워싱턴주 올림피아의 서스턴 카운티 법원과 유타주 파크시티 신문사 등에서도 유사한 폭탄 협박 이메일을 받았다.캘리포니아주에는 로스앤젤레스(LA) 동부 리버사이드 경찰국에 수십 건의 이메일이 쏟아졌다.미국에 이어 캐나다 서부 밴쿠버에도 비슷한 유형의 이메일이 여러 건 전달됐다고 CNN은 전했다.미 콜로라도주 리틀턴의 한 고교에서는 학교 캠퍼스 안에 폭발물이 설치됐다는 수상한 전화가 걸려와 학생들이 조기 하교하고 내부 수색이 이뤄졌다.미 콜로라도주 고교 폭발물 위협 [AP=연합뉴스]oakchul@yna.co.kr▶뭐 하고 놀까? #흥▶네이버 홈에서 [연합뉴스] 채널 구독하기"
29,2018-12-14,4년 만의 악수…예멘 정부·반군 호데이다 휴전 합의,https://news.naver.com/main/read.nhn?mode=LSD&mid=shm&sid1=104&oid=001&aid=0010525508,연합뉴스,"물류요충지 항구도시 호데이다에서 14일 휴전 뒤 철군최악의 인도적 참사 해결 실마리 마련13일 안토니우 구테흐스 유엔 사무총장(가운데) 앞에서 예멘 호데이다 휴전 합의 뒤 악수하는 예멘 정부(좌)와 반군 대표(우)[ AFP=연합뉴스](테헤란=연합뉴스) 강훈상 특파원 = 예멘 정부와 반군 후티(자칭 안사룰라)가 13일(현지시간) 예멘 남서부 항구도시 호데이다에서 휴전하기로 합의했다.이날 예멘 평화협상이 열린 스웨덴을 방문한 안토니우 구테흐스 유엔 사무총장은 ""호데이다의 모든 지역에서 즉각 휴전이 선언됐다""며 ""(정부군과 반군 양측의) 모든 병력과 무기가 호데이다 항구와 시내에서 철수할 것""이라고 발표했다.주예멘 사우디아라비아 대사는 호데이다 지역의 휴전은 14일부터 발효된다고 밝혔다.예멘 정부와 반군 양측 대표는 구테흐스 사무총장이 보는 앞에서 내전 개시 4년 만에 처음으로 서로 악수하고 합의를 축하했다.이날 양측은 ▲호데이다 지역에서 즉각 휴전 ▲휴전 개시 뒤 최장 21일 이내에 양측 병력 재배치(철군) ▲호데이다 시 외곽의 합의된 초소 제한적 설치 ▲ 병력 재배치와 지뢰 제거를 감시하기 위한 유엔이 통제하는 공동위원회 구성 ▲공동위원회의 유엔 안전보장이사회 주간 보고 ▲호데이다 항구 유엔주도 운영·검색 강화 ▲호데이다 항구 수익 예멘중앙은행 입금 등에 합의했다.홍해 변 항구도시 호데이다는 예멘으로 들어오는 구호품과 생활필수품의 70%를 차지하는 물류요충지다.2015년 초 반군이 장악했으며, 사우디아라비아가 주도하는 아랍동맹군과 예멘 정부군은 6월 탈환 작전을 개시해 전투가 격렬하게 벌어지고 있다.이날 합의에 따라 반군은 곡물과 연료를 수입했던 살리프 항, 라스이사 항에서 병력을 빼고, 정부군과 아랍동맹군은 호데이다 시 외곽에 주둔한 병력을 철수하기로 했다.아울러 예멘의 세 번째 도시인 타이즈에 구호품과 인력이 도착할 수 있도록 통로를 마련하고 이를 점검하는 유엔 중심의 공동위원회도 설립된다.내전의 향방을 가를 호데이다의 휴전과 중립적 통제권은 이번 평화협상에 가장 중요한 쟁점 중 하나였던 만큼 이날 합의가 실제로 이행된다면 예멘 내전을 종식하는 중요한 시금석이 마련되는 셈이다.2015년 3월 내전이 본격화한 이후 번번이 실패했던 예멘 평화협상이 처음으로 성과를 냈다는 점에서 중요한 전환점이 될 것으로 기대된다.영양실조에 걸린 예멘 어린이[AFP=연합뉴스자료사진]그러나 호데이다 휴전 뒤 치안을 유지하는 '현지 병력'의 해석을 놓고 정부와 반군이 모두 자신에 유리한 쪽으로 해석해 향후 유엔이 이견을 중재해야 하는 과제가 남았다.반군이 통제하는 예멘 옛 수도 사나의 국제공항 재개 여부도 결론 내지 못했다.칼리드 빈 살만 주미 사우디 대사는 ""이번 합의로 원유 수송로인 홍해의 안전이 확보될 것""이라고 말했다.사우디와 함께 예멘 내전에 깊숙이 개입한 아랍에미리트(UAE) 정부도 이날 휴전 합의를 지지하면서 ""반군에 대한 압력이 결과를 맺었다""고 평가했다.앞서 12일 예멘 정부와 반군 대표단은 양측의 수감자 1만5천명을 45일 안으로 교환하기로 합의하고 명단을 상대방에 전달했다.지난 6일부터 시작된 이번 예멘 평화협상은 내년 1월 말 2차 협상으로 이어질 것이라고 구테흐스 총장은 덧붙였다.2차 협상에서는 예멘 내전을 끝내고 예멘을 평화적으로 통치하기 위한 정치적 과정이 논의될 예정이다.4년 가까이 이어진 내전으로 2천800만명의 예멘 국민 가운데 2천200만명이 긴급 구호가 필요할 만큼 예멘이 금세기 들어 최악의 인도적 참사에 처했고 유엔 집계로는 그간 1만여명이 죽었다.[로이터제공]hskang@yna.co.kr▶뭐 하고 놀까? #흥▶쇼미더뉴스! 오늘 많이 본 뉴스영상▶네이버 홈에서 [연합뉴스] 채널 구독하기"
30,2018-12-14,"""발전소 멈추면 하청이 보상""…계약이 족쇄됐나",https://news.naver.com/main/read.nhn?mode=LSD&mid=shm&sid1=102&oid=079&aid=0003175769,노컷뉴스,"태안화력발전소 용역계약서 단독입수동료들 ""회사, 계약 부담 탓에 책임 뒷전""수십억 보상금 우려에 합의 종용 의혹까지최근 20대 청년이 홀로 일하다 숨진 충남 태안화력발전소에는 하루라도 시설을 멈추면 하청업체가 상당한 액수를 보상해야 한다는 계약이 맺어져 있던 것으로 드러났다.숨진 청년의 동료들은 회사가 책임규명보다 사고은폐에 급급한 배경에는 이런 계약이 족쇄가 됐다고 지적하고 있다.지난 11일 숨진 김용균(24)씨가 근무하던 작업현장 건물. 입구에는 고용노동부에서 붙인 작업중지명령서가 붙어 있고 경찰이 설치한 폴리스라인으로 출입이 통제돼 있다. (사진=공공운수노조 제공)14일 CBS노컷뉴스가 단독입수한 용역계약서에는 사고 발생 시 숨진 청년이 소속됐던 운전정비업체 한국발전기술에서 원청인 발전소 운영업체 한국서부발전에 내야 할 벌금이 구체적으로 규정돼 있다.""계약 상대자(하청)의 귀책으로 발전 지장을 초래하였을 경우에는 아래 내용에 따라 산출한 지체상금(지연 배상금) 및 벌과금을 계약일반조건에 준하여 발주자(원청)에게 납부하여야 한다""라는 내용이다.보상액은 가동중단시간이 길어질수록 늘어나고, 용수·전기·연료 등 복구 과정에 드는 유지비용도 모두 하청업체가 부담하게 돼 있었다. 다른 업체에 안전진단을 받는 비용도 마찬가지다.(사진=용역계약서 캡처)원청인 서부발전은 지난 2015년 7월 태안화력발전소 9·10호기 운전정비 등의 안전업무 용역계약을 한국발전기술과 206억여원에 체결했다. 계약기간은 3년. 이달 말까지다.지난 11일 새벽 컨베이어 벨트에 끼어 숨진 하청업체 소속 김용균(24)씨 동료들은 이 계약의 부담이 결국 발전소에서 산업재해 축소·은폐가 일상화되는 배경이 됐다고 주장했다.같은 발전소에서 20년 이상 근무한 이태성씨는 ""중대 사고가 나도 원청은 산재 책임을 하나도 지지 않고 외려 감면 보상금까지 받는다""며 ""사고가 은폐되는 구조에는 이런 전형적인 갑질이 있다""고 성토했다.다만 한국발전기술 관계자는 ""그런 주장을 할 수는 있다고 생각하는데 실제로 회사에서 불합리한 지시를 내린 적은 없는 것으로 알고 있다""고 해명했다.(사진=용역계약서 캡처)이런 가운데 회사 측이 이 계약의 따라 수반되는 수십억대 보상금을 우려해 피해자 측에 합의를 종용했다는 의혹도 제기되고 있다.복수의 노조 관계자는 ""임원들이 노조를 찾아와 '회사도 자칫 문 닫게 생겼고 청년의 경우 산재 보상금도 얼마 나오지 않을 것 아니냐'고 했다""며 ""회사가 도의적 책임을 지는 선에서 합의하자고 했지만 거부했다""고 전했다.원청과 하청업체 답변은 엇갈렸다.서부발전 측은 ""저희는 모르겠고 하청업체에서 합의하려고 한다고 듣긴 했다""고 밝혔고, 한국발전기술 측은 ""합의는 아직 내부 검토중이다. 조의를 표하러 갔던 게 와전된 것 같다""고 했다.한편 13일 밤 서울 광화문광장과 태안에서 열린 추모제에서는 비정규직 안전업무 직원들을 위험으로 내모는 이른바 '죽음의 외주화'를 하루빨리 멈추라는 요구가 끊이지 않았다.(사진=박희원 기자)▶ 확 달라진 노컷뉴스▶ 진실지킴이 노컷뉴스를 지켜주세요▶ CBS가 만든 동영상 뉴스 구경하기ogeerap@cbs.co.kr저작권자 © CBS 노컷뉴스 무단전재 및 재배포 금지"
31,2018-12-14,헌옷수거함 탐하는 사람들 장발장이냐 전문절도범이냐,https://news.naver.com/main/read.nhn?mode=LSD&mid=shm&sid1=102&oid=469&aid=0000349659,한국일보,"거리에서 흔히 볼 수 있는 각종 헌옷수거함. 국민권익위 제공갑작스러운 한파가 닥친 6일 늦은 밤 서울 관악구 신림동 골목. 해진 가죽점퍼 남성의 손과 머리가 초록색 통에 빨려 들어가듯 움직였다. 헌옷수거함이라고 적힌 통을 벗어난 남성의 얼굴은 연신 주위를 두리번거렸다. 한참을 그러더니 손끝에 딸려 나온 구부러진 철사엔 겨울 옷들이 걸려 있었다. ‘임무’ 완수한 남성은 어둠 너머로 사라졌다.요즘에도 겨울에 옷이 없어 헌옷을 탐내는 사람이 있을까 싶지만 엄동설한에 빵만큼 귀한 외투를 훔치는 ‘헌옷 장발장’들이 적지 않다. 관계 기관과 복지단체들이 앞다퉈 집도 절도 없는 노숙인의 방한용 의류를 챙겨 주는 시대지만, 여전히 사각지대에 놓인 독거노인들, 소외된 이웃들은 지원받는 방법을 모른다는 방증이다. 혹한이 밀려오면 임시방편으로 헌옷수거함을 탐하는 노숙인들도 있다. 야음을 틈타 은밀하게 한두 벌 훔쳐가는 일은 표도 나지 않아 통계에도 잡히지 않는다.문제는 돈벌이 목적으로 가져가는 경우다. 최근 전북 정읍시에서는 아파트 단지 내 헌옷수거함을 돌며 의류 500㎏을 훔친 50대 남성이 절도 혐의로 붙잡혔다. 그는 경찰에서 “버린 옷인 줄 알고 고물상에 내다 팔려고 했다”는 이유를 댔다. 대구 주택가에선 파지를 주워 생활하던 60대와 70대 노인이 수거함에서 옷을 훔쳐 팔아 생활비에 보태려다 경찰에 붙잡히기도 했다.{저작권 한국일보}박구원 기자헌옷수거함은 1997년 외환위기 당시 어려운 이웃들을 돕기 위해 비영리단체 또는 개인이 설치하면서 널리 퍼졌지만 지금은 사업 수단이 된 탓이다. 헌옷수거함 대부분은 개인사업자가 개당 15만원 상당에 구매해 관리되고 있다. 이렇게 수거된 의류는 국내에서 다시 판매되거나 동남아시아 아프리카 등으로 수출된다. 분해 후 기름걸레로 다시 태어나기도 한다.이런 사정이라 당장의 추위를 피하기 위한 장발장 행각도 절도가 되는 셈이다. 실제 2016년 몽골 유학생들이 헌옷수거함에서 바지 등 옷 세 벌을 꺼내 입었다가 절도죄로 입건됐다. 영하 6도까지 떨어진 강추위에, 수거함 근처에 쓰레기가 버려져 있어 함 안에 있는 옷도 쓰레기라고 생각했다는 점 등이 참작됐지만 3명이 함께 행동했다는 이유로 특수절도 혐의가 적용됐다. 헌옷 수거함 옷들은 버려진 옷이 아니라 재활용을 전제로 하는 만큼 주인 없는 물건이 아니라는 게 법률적인 판단이다.조상희 아름다운가게 간사는 “아름다운가게를 비롯해 굿윌스토어, 구세군 행복나누미, 서울노숙인복지시설협회 등 널리 알려진 자선단체나 사회적기업에 문의하면 겨울외투를 받을 수 있다”고 말했다.한소범 기자 beom@hankookilbo.com▶한국일보[페이스북][카카오 친구맺기]▶네이버 채널에서 한국일보를 구독하세요!"
32,2018-12-14,4년전에도 똑같은 '비정규직 참변'…변한 게 없다,https://news.naver.com/main/read.nhn?mode=LSD&mid=shm&sid1=102&oid=028&aid=0002436059,한겨레,"2014년 보령화력 발전소에서홀로 밤근무하던 아기 아빠도컨베이어에 끼여 숨진 채 발견안전 위한 2인1조 도입은 외면사고 사망자 10%가 ‘기계 협착’지난 11일 새벽 홀로 일하다 숨진 태안화력 비정규직 노동자 김용균씨 추모 문화제가 13일 밤 서울 광화문광장에서 열려 참석자들이 고인을 추모하는 촛불과 손팻말을 들고 있다. 김명진 기자 littleprince@hani.co.kr화력발전소 안에서 야간 근무를 하던 젊은 비정규직 노동자가 컨베이어벨트에 몸이 끼여 숨졌다. 한 사람은 2018년 12월11일 충남 태안화력발전소에서 숨진 김용균(24)씨, 또 다른 사람은 2014년 11월18일 충남 보령화력발전소에서 숨진 30대 초반 박아무개씨다. 박씨는 태어난 지 100일도 안 된 딸아이를 둔 아빠였다.날짜와 장소만 달랐을 뿐, 두 사고는 닮은꼴이었다. 두 발전소는 직선거리로 60㎞ 떨어져 있을 정도로 가깝다. 박씨의 죽음 뒤 4년이 흘렀지만, 위험에 내몰린 비정규직 노동자의 처지는 달라지지 않았다. 비상정지장치(풀코드)만 설치됐을 뿐이다. 그조차 2인1조 근무 체제가 도입되지 않아 무용지물이었다. 그렇게 억울한 죽음이 반복됐다.13일 <한겨레>는 국회 환경노동위원회 이용득 더불어민주당 의원실이 고용노동부로부터 받은 2014년 보령화력발전소 사고 조사보고서를 입수했다. 보령화력발전소(한국중부발전 보령화력본부) 내 탈황설비에서 현장운전원으로 일하던 박씨는 2014년 11월18일 밤 9시20분께 건물 3층에서 김용균씨처럼 컨베이어에 끼여 숨진 채 발견됐다. 박씨도 김씨처럼 발전소 운전·정비 업무를 하청받은 한전산업개발 소속 비정규직이었다. 그도 김씨처럼 담당구역 순찰, 설비 운전상태 점검 등을 했다. 둘 다 4조2교대로 일했다.사고가 일어난 당일 박씨는 야간 근무였다. 저녁 6시30분에 출근해 다음날 아침 7시에 퇴근할 예정이었다. 탈황설비는 화력발전소에서 나오는 오염물질인 황산화물을 제거하는 곳이다. 컨베이어벨트가 황산화물 제거 때 쓰이는 석고를 운반한다. 김용균씨가 컨베이어에서 낙탄(떨어진 석탄)을 제거하듯이, 박씨도 중간중간 컨베이어벨트 위 석고의 움직임을 바로잡아줘야 했다.박씨도 김씨처럼 홀로 죽음을 맞았다. 사고 목격자도 없었다. 폐회로텔레비전(CCTV)은 고장나 있었다. 박씨는 컨베이어벨트 바로 옆 통로의 안전난간을 넘어 벨트 위로 올라갔다가 넘어져 기계 안으로 말려들어간 것으로 사고 조사보고서는 추정했다. 김용균씨와 달리 주변에는 ‘풀코드’(레버를 당겨 기계를 정지시키는 장치)도 없었다.2014년 11월 18일 충남 보령화력발전소에서 박아무개씨가 미끄러진 것으로 추정되는 컨베이어벨트 모습. 고용노동부의 사건 조사보고서에 실린 사진이다. 한겨레 자료사고가 일어난 이후 조사를 맡았던 근로감독관 등은 문제점을 지적했다. 정비 등의 작업을 할 때는 기계 운전을 정지해야 하고(산업안전보건기준에 관한 규칙 92조), 비상정지용 장치를 설치해야 하며(규칙 192조), 이상을 발견하면 제어실 담당자에게 연락해 설비 가동을 중지해야 한다는 내용이었다. 회사 쪽은 산업안전보건법(산안법)을 위반한 혐의로 기소됐지만 1·2심 모두 무죄 판결을 받았다. 고용노동부 관계자는 “컨베이어벨트 모든 곳에 비상정지용 장치를 설치할 수는 없다는 등의 이유로 무죄가 되었을 것 같다”고 말했다. 산안법상 사업주가 안전·보건 의무를 소홀히 해서 노동자가 숨지면 ‘7년 이하의 징역 또는 1억원 이하의 벌금’에 처하도록 돼 있지만, 실제 징역형을 선고받는 경우는 피의자의 1%도 되지 않는다.박씨와 친하게 지냈다는 이태성 발전비정규직연대회의 간사는 “사고 뒤에 안전난간과 비상정지장치가 추가 설치됐지만 석고나 석탄을 제거할 때마다 컨베이어벨트를 멈출 수는 없는 일이고, 분진 때문에 폐회로텔레비전으로 작업자 안전을 모니터링하기도 어렵다”며 “2인1조로 일해야 안전을 확보할 수 있다”고 말했다. 하지만 보령화력발전소 박씨의 죽음이, 태안화력발전소 김씨의 죽음을 막는 교훈이 되지는 못했다.박씨와 김씨처럼 컨베이어벨트에 몸이 끼여 숨지는 이는 해마다 7~8명에 이른다. 지난해 기계·기구에 몸과 옷이 끼여 숨진 노동자는 102명이었다. 해마다 100명 이상의 노동자가 이렇게 숨진다. 전체 산업재해 사고 사망자 가운데 끼임(협착) 사고 사망자는 10명에 1명꼴로 ‘추락’ 다음으로 많다.2014년 11월 18일 충남 보령화력발전소에서 박아무개씨가 넘어져 말려 들어간 컨베이어벨트 모습. 고용노동부의 사건 조사보고서에 실린 사진이다. 한겨레 자료이용득 의원은 “경제적 효율만 따진 민영화와 외주화로 노동자의 안전은 뒷전으로 밀렸다. 수익구조가 열악한 하도급 업체들은 인력을 줄이고, 안전 설비에도 충분히 투자하지 못하는 것”이라며 “노동자의 생명과 안전을 지키기 위해 이런 구조를 바꾸는 것이 우선”이라고 말했다.박기용 기자 xeno@hani.co.kr[ 신뢰도 1위 ‘한겨레’ 네이버 메인 추가][블록체인 미디어 : 코인데스크][신문구독][ⓒ한겨레신문 : 무단전재 및 재배포 금지]"
33,2018-12-14,사랑이 사랑을 낳고…,https://news.naver.com/main/read.nhn?mode=LSD&mid=shm&sid1=102&oid=023&aid=0003416026,조선일보,"[아너소사이어티 2000명 눈앞]지인의 10만원 덕에 재기한 부부, 그 부부의 기부 덕에 재기한 임경순씨… 나란히 1억 기부자에대한민국이 외환 위기 직격탄을 맞은 1997년 12월, 충남 예산 한 재래시장에서 30대 부부가 아홉 살 딸내미 손을 잡고 어물전을 기웃거렸다. 끼니를 때워야 하는데 동태 한 마리 살 돈이 없었다. 며칠 전 수확 마친 배추밭에서 남은 이파리를 줍다 걸려 파출소에 다녀온 뒤라, 어물전 쓰레기통에서 그냥 집어 가기 겁났다. 부부가 어물전 주인에게 ""팔고 남은 생선 머리 토막 하나 달라""고 하자, 주인이 ""생선 대가리를 왜 찾느냐""고 물었다. '우리 먹으려고 그런다'는 말이 차마 안 나와 ""강아지 먹일 거""라고 대답하는데, 딸이 끼어들었다. ""우리 집에 강아지 없는데? 나 모르는 데 숨겨놨어?""지난 11일 오후 충남 청양군 남양면 비료 공장 '신기산업'에서 김동복(57) 대표가 비료를 양손에 담은 채 환하게 웃고 있다(왼쪽). 충남 아산시에서 '북한강 쭈꾸미' 식당을 운영하는 임경순(48) 사장(오른쪽)은 11년 전 어려울 때 김 대표 도움을 받아 일어선 후 어려운 이들을 위해 기부하며 살고 있다. /손호영 기자·임경순씨 제공그날 재래시장에서 끼닛거리 찾던 부부가 부도를 딛고 재기해 지난해 '아너소사이어티'에 1억원씩 기부했다. 충남 청양에서 연매출 99억원짜리 비료 회사 '신기산업'을 운영하는 신정용(62)·김동복(57)씨다. 부부가 그해 연말 충남 지역 아너 회원들 모임에 나갔더니, 40대 남성이 ""저 모르시겠느냐""고 했다. 아산에서 대형 식당을 하는 임경순(48)씨였다.아너소사이어티는 2008년 사회복지공동모금회가 설립한 1억원 이상 고액 기부자 모임이다. 모금회는 ""13일까지 총 1973명이 2169억원을 냈다""면서 ""지난 한 달 동안만 회원이 39명 늘었다""고 했다. '2000명 돌파'가 목전에 왔다.창립 초기 3~4년은 어렵게 성공한 갑부가 통 큰 기부를 하는 경우가 많았다. 이후 3~4년은 초기 기부자들에게 공감한 이들이 자신도 지갑을 여는 단계였다. 이젠 남의 기부로 위기를 넘긴 이들이 '저도 갚겠다'고 나서는 단계다. 고액 기부 연구자 구지윤 광운대 외래교수는 ""나눔의 혜택이 다시 사회로 환원되는 선순환""이라고 했다.그날 모임에서 임경순(48) '북한강주꾸미' 대표는 신씨 부부에게 ""10년 전 저희 애가 희소병에 걸렸을 때 모금회 직원이 '신기산업'이라고 적힌 봉투에 100만원을 주셨다""고 했다. ""가족 동반 자살을 생각하던 때였는데…. 이 돈 갚으려고 주꾸미집 차려서 죽어라 일해 저도 1억원 기부했습니다.""신씨 부부도 한때 임씨만큼 어려웠다. 1997년 공장이 부도나 37억원을 빚졌다. 당시 아내 김씨는 예산군청 공무원이었다. 검은 양복 입은 장정들이 군청에 찾아와 빚 독촉을 했다. 17년 일한 군청을 떠나 남편과 공장을 돌리기로 결심했다.하지만 종잣돈이 없었다. 공장이 경매에 넘어간 지 한 달 만이라, 퇴비 원료 살 돈이 없어 쩔쩔맸다. 이때 군청 옛 동료와 지역 장애인 단체 직원이 선뜻 빚보증을 서줬다. 부부가 장애인 고용하고 사비 들여 결혼식까지 시켜준 일을 기억하고 있다가 ""돕겠다""고 나선 것이다. 대출 보증 서준 날 10만원도 건넸다.김씨는 ""그 10만원으로 원료 사서 비료 만들고, 그 돈으로 다시 원료 샀다""며 ""6~7년간 쪽잠 자며 남편은 24시간 생산 라인 돌리고, 저는 밥하고 경리 봤다""고 했다. 차 살 돈이 없어 지인이 넘겨준 낡은 소형차를 몰았다. 히터 기능이 없어 겨울이면 앞유리에 따뜻한 수건을 올려놓고 서리를 녹였다. 부도난 지 15년 만에 국세 5억원을 포함해 모든 빚을 턴 날, 남편 신씨는 평생 피운 담배를 끊었다.신기산업 17년 차 직원 김모(42)씨가 ""사장님은 지금도 매일 새벽 4시에 일어나 6시 반이면 나오신다""고 했다. ""저보다 늦게 오신 날이 하루도 없어요.""성공하기 전부터 부부는 그렇게 번 돈 10~15%를 매년 소문 안 내고 기부했다. 이웃이 ""땅 팔아서 자식 서울 보내야 하는데…"" 하면, 오르지도 않을 땅을 부르는 값에 사줬다. 소년·소녀 가장에게 6년 넘게 생활비를 대줬다. 공장에서 나오는 병·캔·폐지도 모아뒀다 어려운 어르신에게 넘겼다. 김씨가 ""이것도 누군가에겐 일당""이라고 했다.""거창한 생각 안 했어요. 제가 처참한 시간을 겪었기에 어렵게 사는 고통을 가슴으로 알았어요. 저희가 폐품 드리는 어르신도 그 돈을 모아 기부합니다.""김씨 지갑에서 나온 돈이 2007년 아산에서 유통업 하다 부도난 임씨에게 가 닿았다. 그때 임씨는 수억원 빚이 있는데 갓난 막둥이까지 '대혈관전위병'이라는 병에 걸려 '죽고 싶다'는 생각을 하루에 몇 번씩 하고 있었다.""후원 방송하자는 제안을 자존심 때문에 거절했어요. 100만원도 처음엔 안 받으려다 '도저히 안 되겠다. 일단 받고 나중에 열 배든 백 배든 갚자' 다짐했어요. 그게 제 인생의 동력이 됐어요.""임씨는 2년 뒤 지인 도움을 받아 주꾸미집을 냈다. '다시는 병원비 걱정하지 않겠다'는 마음으로 악착같이 주꾸미를 버무리고 구웠다. 이 집이 연매출 20억원을 올리는 맛집이 됐다.임씨는 신기산업 창업자 부부와 작년까지 연락 없이 살았다. 잊은 것과는 달랐다. 신씨 부부처럼, 임씨도 지금만큼 식당이 붐비기 전부터 돈이 좀 모이면 면사무소에 100만원씩 갖다줬다. 소년·소녀 가장에게도 매월 50만원씩 꼬박꼬박 부쳤다.1억원 기부를 결심했을 때 아내는 ""잘했다""고 했다. 임씨가 ""힘들 때나 잘될 때나 제가 뭐 하자고 할 때 반대한 적 없는 사람""이라고 했다. 임씨는 ""저도 인생 밑바닥까지 가보고야 알았다""고 했다. ""제가 이렇게 돈 내면 누군가가 그때 저처럼 도움받을 수 있어요. 아깝지 않죠."" 건강하게 자란 아들(11)이 내년 3월 6학년에 올라간다.※후원=사회복지공동모금회[청양=손호영 기자 muse@chosun.com][네이버 메인에서 조선일보 받아보기][조선닷컴 바로가기][조선일보 구독신청하기]- Copyrights ⓒ 조선일보 & chosun.com, 무단 전재 및 재배포 금지 -"
34,2018-12-14,땅 온도 10도 치솟은 16곳…인근엔 대규모 아파트 단지,https://news.naver.com/main/read.nhn?mode=LSD&mid=shm&sid1=102&oid=437&aid=0000198327,JTBC,"[앵커]이렇게 조사한 결과 긴급 조치가 필요한 곳이 모두 16군데라고 어제(12일) 보도를 해드렸습니다. 저희 취재진이 수도권에 있는 3군데에 직접 가봤습니다. 대부분 아파트 단지가 밀집한 지역인데, 아직 보수 작업을 시작하지 못한 곳도 있었습니다.박준우 기자입니다.[기자]< 경기 고양시/오늘 오후 >땅 밑에 묻혀 있던 온수관이 모습을 드러냈습니다.돌리고, 조이는 작업이 한창입니다.땅의 온도가 10도 이상 높은 것으로 나타나 온수관 긴급 보수에 들어간 것입니다.[현장 작업자 : 열 공급 중단 없이 배관을 유지, 보수할 수 있게끔 배관 내부를 막는 작업입니다.]지금 온수관에서 물이 새고 있는 모습을 보실 수가 있습니다.20년 이상 된 노후 배관이기 때문에 문제가 생긴 것인데, 이 배관은 지금 저기에 놓인 신형 배관으로 교체될 예정입니다.인근에 있는 아파트 단지에는 약 1300가구가 살고 있습니다.주민들도 고양시 백석역 사고가 떠올라 마음이 편치 않습니다.[인근 주민 : (온수관이) 노후가 됐으니까 또 어느 지점에서 터질지 모르니까…]+++< 경기 성남시 분당구/오늘 오후 >이번에는 금이 간 온수관 틈 사이로 하얀 수증기가 새어 나옵니다.온수관을 둘러싼 보온재 등에 균열이 생긴 것입니다.이 온수관 주변에는 2만 세대에 달하는 아파트 단지가 모여 있습니다.+++< 서울 강남구/오늘 오후 >이곳에서도 온수관이 묻힌 곳의 땅 온도가 다른 지역보다 10도 이상 높게 나타났습니다.아직 굴착 작업은 시작하지 못하고, 구청의 허가를 기다리고 있습니다.[인근 주민 : 1970년대 여기가 개발됐으니까 불안하죠. 저기는 굉장히 오래됐어요.]긴급 보수가 필요한 16곳 가운데 보수가 완료된 곳은 2곳이고, 나머지는 보수가 진행 중이거나 굴착 작업을 위해 대기 중입니다.난방공사 측은 ""구청과 최대한 빨리 협의해 보수를 마치겠다""고 밝혔습니다.(영상디자인 : 김석훈·이지원)◆ 관련 리포트전국 노후 온수관 203곳 '이상징후'…'위험한 발밑' 현실로→ 기사 바로가기 : http://news.jtbc.joins.com/html/609/NB11741609.html◆ 관련 리포트'온도차 10도' 당장 파내야 할 땅 16곳…수도권 '밀집'→ 기사 바로가기 : http://news.jtbc.joins.com/html/608/NB11741608.html◆ 관련 리포트안산서도 온수관 파열…곳곳 '끓는 물폭탄'에 난방공사 사과→ 기사 바로가기 : http://news.jtbc.joins.com/html/161/NB11742161.html박준우(park.junwoo1@jtbc.co.kr) [영상취재: 홍승재,이완근 / 영상편집: 박수민]▶ 라이브 시청은 JTBC 뉴스앱!,제보는 뉴스룸으로!▶ 뉴스룸 뒤 이어지는 취재후기는 '소셜라이브'Copyright by JTBC(http://jtbc.joins.com)and JTBC Content Hub Co., Ltd. All Rights Reserved. 무단 전재 및 재배포 금지"
35,2018-12-14,소득공제에 늘어난 기부…절반 이상은 '폐기',https://news.naver.com/main/read.nhn?mode=LSD&mid=shm&sid1=102&oid=437&aid=0000198349,JTBC,"[앵커]오늘(13일) 밀착카메라는 연말에 특히 많이 전해드리게 되는 기부에 대한 이야기입니다. 현물기부도 소득공제가 가능해지면서 쓰던 물건을 기부하는 사례가 늘고 있는데 버리는 것인지 기부한 것인지 잘 모르겠는 것들도 있습니다.정원석 기자입니다.[기자]100평 정도 되는 공간에 의류와 생활잡화 등 5만 여점이 빼곡하게 전시되어 있는 가게입니다.사실 새 물건들은 아니고 시민들이 기부한 중고물품들을 파는 가게인데요.이곳에서 나온 수익금은 여기에서 일하는 장애인 직원들을 고용하는 데 쓰입니다.이곳 서울 송파구의 사회적 기업에는 52명의 장애인들이 일하고 있습니다.[정해미/직원 : 저축도 하고 학비도 내고, 엄마 용돈도 드리고 연말 되면 기증이 많이 들어와서 기분이 좋아요.]물건을 파는 매대 관리부터, 매장 청소, 기증품 분류 등 다양한 일을 합니다.[김영학/직원 : 출고차 많이 들어오잖아요. 즐겁게 일하고 재미있게 놀고…]직접 기부할 물건을 갖고 매장을 찾아오는 시민들도 있고, 정기적으로 기증품을 보내는 단체와 기업도 있습니다.기부물품이 박스 3개나 50L 봉투 2개 이상일 경우에는 직접 수거하러 나가는데요.오늘은 저도 수거에 동참하도록 하겠습니다.[이환선/기부자 : 보통 아이 작아진 신발, 작아진 옷들 그런 걸 기부해요.]이렇게 수거가 끝나면 이 중 팔 수 있는 물건을 골라내는 작업을 거칩니다.오늘 들어온 기부물품들을 분류하는 작업이 한창인데요.이쪽에 폐기할 물건들을 모아놨는데 한 번 보시죠.일단 이 옷들은 오염 상태가 굉장히 심한 것 같고요.이 외투들은 너무 낡아서 도저히 입을 수 있는 상태가 아닌 것 같습니다.이쪽에는 생활 잡화 폐기물들을 모아놨는데요.한 번 보시면요.누군가가 먹고 마시고 남은 빈 캔도 있고 이것은 고장난 수도꼭지 수전 같은데 사실상 재활용 쓰레기로 분류됐어야 할 물건들인 것 같습니다.[김경희/직원 : 곡식 그런 것들은 유통기한이 2~3년 지난 거, 예전에 홍삼 엑기스 같은 건 거의 20~30년 된 것도 굉장히 많이 들어왔거든요.]버려야 할 쓰레기가 기부로 둔갑한 것입니다.겉보기에는 문제가 없더라도 돈을 주고 살 수준이 아닌 경우도 많습니다.해당 사회적 기업이 올해 받은 기증품 160여만 점 중 실제 판매가 가능했던 제품은 40%에 불과한 60여만 점정도였습니다.경기도 군포시의 또 다른 사회적기업, 하루 평균 1t 트럭 10대 분량의 기부 물건이 들어오지만, 60~70% 정도는 판매할 수 없는 물건으로 분류합니다.폐기대상인 기부품들이 쌓이고 있는 모습인데 이 물건들이 그대로 다 버려지는 것은 아닙니다.보시면 상태에는 문제가 없지만 이 물건들이 다시 판매되기가 좀 어렵기 때문에 폐기대상으로 분류가 된 것인데요.이런 물건들은 노숙인이나 불우이웃들에게 전달이 되거나 해외로 판매되기도 한다고 합니다.비교적 비싼 겨울용품들은 수요에 비해 매년 부족합니다.[서울시 다시서기지원센터 직원 : 두꺼운 옷, 그리고 장갑이나 목도리가 많이 모자라고…]지난 2012년부터 이 사회적기업에 물건을 기부하고 기부영수증을 받을 경우 소득공제가 적용되기 시작하자, 기부건수는 860만 건에서 지난해 2,150만 건으로 크게 늘었습니다.하지만 같은 기간 폐기되는 물건의 비율도 36.4%에서 67.7%로 대폭 늘었습니다.[정낙섭/아름다운가게 사무처장 : (초창기엔) 예쁘게 손편지를 써서 보내는 기증자분들이 상당히 많았어요. 최근에는 기부금 영수증을 목표로 하거나 이사를 하면서 물품을 처분하기 위한 목적으로…]16년 전 기부자가 남긴 손편지입니다.'챙겨서 보낸 것들이 행여 쓰레기가 되지는 않을까, 수고만 더하게 되는 것은 아닌지 걱정이 된다'고 쓰여 있습니다.반드시 비싸고 팔릴 만한 물건 만을 내놓으라고 강요할 수는 없지만, 내가 버릴 물건을 내놓는 것이 진정한 기부는 아니겠죠.(영상디자인 : 최수진)[영상취재: 김상현 / 영상편집: 최다희]▶ 라이브 시청은 JTBC 뉴스앱!,제보는 뉴스룸으로!▶ 뉴스룸 뒤 이어지는 취재후기는 '소셜라이브'Copyright by JTBC(http://jtbc.joins.com)and JTBC Content Hub Co., Ltd. All Rights Reserved. 무단 전재 및 재배포 금지"
36,2018-12-14,'생명·안전업무' 오락가락 기준에 공공부문 정규직 전환 배제,https://news.naver.com/main/read.nhn?mode=LSD&mid=shm&sid1=101&oid=056&aid=0010650638,KBS,"[앵커]김용균 씨의 사망 사고에서 보듯, 발전소에서 일하는 하청업체 직원들은 항상 안전 사고 위험에 노출돼 있습니다.열악한 작업 환경 속에서 건강이 상하기도 하고 생명을 위협받기도 하는데요.발전소 업무는 국민의 생명, 안전에 관련된 필수 업무로 볼 수도 있는데, 공공부문 정규직 전환에선 아예 배제되고 있습니다.왜 그런지 이승철 기자가 취재했습니다.[리포트]석탄 덩어리가 실려 있는 컨베이어 벨트가 굉음을 내며 돌아갑니다.자칫, 롤러에 빨려들기라도 하면 대형 사고로 이어질 수도 있습니다.숨진 김용균 씨가 일했던 태안 발전소 내부도 비슷합니다.산처럼 쌓인 석탄 더미에서는 일산화탄소 같은 유해가스도 뿜어져 나옵니다.[최준성/한국서부발전 하청업체 소속/지난 8월 : ""80ppm 이렇게까지 올라갈 때도 있는데 그때도 여기서 일을 하고 작업을 하고 그러다 보니까 저희 건강에 위험성이 좀 있는 것 같습니다.""]정비 업무 역시 위험을 무릅써야 합니다.타고 남은 석탄이  눈처럼 쏟아지는 뜨거운 보일러실 안에서, 일하기 때문입니다.황 가루와 석회가 뭉쳐 콘크리트처럼 굳은 걸 떼어낼 때는 낙석에 맞을 수도 있습니다.이런 업무를 해온  하청업체 직원들은  지난해부터 시작된  공공부문 정규직 전환에 희망을 걸었습니다.자신들의 업무가 공중의 생명·안전과 밀접한  '필수유지업무'이기 때문에 직접고용 대상이라고 생각한 겁니다.하지만 발전소 측은 그렇지 않다며,  정규직 전환 대상에서 배제했습니다.[유향열/한국남동발전 사장/지난 10월/국정감사 : ""한 업체에서 용역으로 하다가 그것이 잘 안되면은 다른 업체로 대체할 수 있기 때문에 그 법의 기준에 따라서 필수(업무는 아니라는)...""]지난 10년 가까이는 '필수유지업무' 종사자라며 파업도 할 수 없다고 하더니 정규직으로 전환해 달라니깐 말을 바꾼 겁니다.한국전력 자회사인  5개 발전사에는 숨진 김 씨처럼 운전·정비를 맡는  하청업체 직원  5천 명이 일하고 있습니다.발전사들은  이달 말쯤 나오게 될 노동부 연구용역 결과를 보고 정규직 전환 여부를 논의할 계획입니다.KBS 뉴스 이승철입니다.이승철 기자 (bullseye@kbs.co.kr)[저작권자ⓒ KBS 무단복제-재배포 금지]▶ 네이버 채널 KBS뉴스 구독! 시원하게 털어드립니다▶ ‘TV보다 ㄹㅇ’ 당신의 진짜 뉴스 ‘케이야’"
37,2018-12-14,"오락가락 폭설예보, 혼란 키웠다…애먼 시민들만 '골탕'",https://news.naver.com/main/read.nhn?mode=LSD&mid=shm&sid1=102&oid=055&aid=0000696095,SBS,"<앵커>아침에 눈이 온 뒤 기온이 뚝 떨어지고 있습니다. 내일(14일) 서울은 영하 8도, 체감온도는 더 낮을 거라는데 오늘 출근길에 쏟아진 눈과 관련해서는 기상청이 당초 예보를 잘못 수정해 오히려 혼란스러웠다는 시민이 많았습니다.배정훈 기자가 보도합니다.<기자>삽시간에 쏟아진 눈에 오르막을 가던 차량이 오도 가도 못 한 채 헛바퀴만 돌립니다.내리막길을 가던 차는 속절없이 미끄러진 듯 가로수를 들이받고야 멈춰 섰습니다.[목격자 : 난 여기서 눈 치우려고 있었지. (미끄러지는) 차가 여기로 와서 여기 그대로 있잖아요.]기상청의 폭설 예보에 행정안전부는 어제저녁 출근길 대중교통 이용을 당부하는 안내 문자를 발송했습니다.하지만 새벽부터 쏟아질 거라던 눈은 예상보다 약했고, 기상청은 눈이 적게 내릴 것 같다며 예보를 수정했습니다.하지만 9시쯤 갑자기 굵어진 눈발은 도로 위를 순식간에 덮었습니다.대설예비특보 해제에 차를 몰고 나온 운전자들이 미끄러지고 막히는 눈길에 골탕을 먹어야 했습니다.[이은혜/서울 신림동 : 아침에 눈이 덜 온다고 그래서 차를 끌고 나왔는데, 그냥 안 나올 걸 그랬어요, 너무 불편해서.]실제 적설량은 어제 예보와 비슷했지만 기상청의 오락가락 예보가 오히려 혼란만 키운 겁니다.[우진규/기상청 예보분석관 : 서울은 1.7cm, 인천은 4.2cm를 기록하는 등 애초의 예상과 크게 다르지 않았으나, 9시 이후 체감하는 눈의 양이 많게 느껴졌을 수 있습니다.]사전 안내 문자를 믿고 대중교통을 탄 사람도, 수정 예보를 믿고 차를 몰고 나온 사람도 괜한 불편에 시달린 하루였습니다.(영상취재 : 김학모·박진호·김남성·최대웅, 영상편집 : 김준희)배정훈 기자(baejr@sbs.co.kr)▶[제보하기] 모든 순간이 뉴스가 됩니다▶[끝까지 판다] 뿌리 깊은 사학 비리※ ⓒ SBS & SBS Digital News Lab. : 무단복제 및 재배포 금지"
38,2018-12-14,"靑 전 특감반원 ""與중진 비위 보고해 쫓겨나""…靑 ""사실 아냐""",https://news.naver.com/main/read.nhn?mode=LSD&mid=shm&sid1=100&oid=001&aid=0010527591,연합뉴스,"前 특감반원 ""임종석 실장에게 보고했으나 조치 없어""…언론사에 제보靑 ""일방적 주장일 뿐…해당 첩보 조사했으나 사실 아닌 것 확인""특감반 비리 관련한 문 대통령 지시사항 발표하는 김의겸 대변인(서울=연합뉴스) 황광모 기자 = 청와대 김의겸 대변인이 5일 오전 청와대 춘추관에서 문재인 대통령의 청와대 특별감찰반 비리와 관련한 지시사항을 발표하고 있다. 김 대변인은 문 대통령이 4일 귀국 직후 임종석 비서실장, 조국 민정수석에게 특감반 비리를 보고받았다고 밝혔다. 문 대통령은 특별감찰반 비위 문제와 관련해 조국 민정수석에게 특감반 개선방안을 조속히 마련하라고 지시했다. 2018.12.5 hkmpooh@yna.co.kr(서울=연합뉴스) 임형섭 기자 = 청와대 특별감찰반에서 일하다 비위 연루 정황이 포착돼 검찰로 복귀 조치된 김모 수사관이 14일 자신이 여권 중진의 비리 의혹을 조사해 청와대 상부에 보고했으나 이에 대한 조치는 이뤄지지 않고 오히려 자신이 징계를 받았다는 의혹을 제기했다.이날 한 언론은 김 수사관으로부터 제보 이메일을 받았다면서 이런 내용을 보도했다.이에 대해 청와대는 김 수사관의 일방적인 주장일 뿐이며, 김 수사관이 제기한 의혹은 사실이 아닌 것으로 밝혀졌다고 반박했다.사법부 70주년 기념식 입장하는 임종석과 조국(서울=연합뉴스) 황광모 기자 = 임종석 대통령 비서실장과 조국 청와대 민정수석이 13일 오전 서울 서초구 서초동 대법원 중앙홀에서 열린 사법부 70주년 기념식에 입장하고 있다. 2018.9.13 hkmpooh@yna.co.kr김 수사관은 이 언론에 보낸 이메일에서 여권 중진 의원이 과거 한 사업가로부터 채용 청탁과 함께 1천만원의 현금을 받았다는 의혹을 자신이 조사했다고 밝혔다.이런 조사 내용을 임종석 대통령 비서실장 및 조국 민정수석에게 보고했으나 청와대는 이 여권 중진에 대해 어떤 조치도 하지 않았다는 주장을 김 수사관이 폈다고 이 언론은 전했다.김 수사관은 이 언론에 계좌 내역 및 녹취파일도 보내왔다고 한다.이와 관련, 김의겸 청와대 대변인은 기자들에게 문자 메시지를 보내 ""김 수사관이 해당 보고 때문에 쫓겨났다는 것은 일방적인 주장일 뿐 전혀 사실이 아니다""라고 부인했다.김 대변인은 ""민정수석실이 이 첩보를 보고받은 것은 사실""이라며 ""그러나 청와대 내 검증 시스템을 통해 첩보 내용과 여권 고위인사를 비롯한 관련자들을 상대로 철저히 조사한 결과 의혹은 사실이 아닌 것으로 확인됐다""고 밝혔다.그러면서 ""그 결과에 따라 공정하고 투명하게 업무를 처리했다""며 ""김 수사관의 주장은 한 쪽의 일방적인 주장임을 거듭 밝힌다""고 강조했다.hysup@yna.co.kr▶뭐 하고 놀까? #흥▶쇼미더뉴스! 오늘 많이 본 뉴스영상▶네이버 홈에서 [연합뉴스] 채널 구독하기"
39,2018-12-14,고발장에 없던 '삼성물산 담당' 회계법인 수사…배경 주목,https://news.naver.com/main/read.nhn?mode=LSD&mid=shm&sid1=102&oid=055&aid=0000696378,SBS,"<앵커>삼성바이오로직스가 일부러 회계를 조작한 의혹을 수사하고 있는 검찰이 어제(13일)에 이어 오늘도 강도 높은 압수수색을 벌였습니다.특히 금융당국의 고발 대상에서는 빠져있던 회계법인 2곳도 압수수색 했는데 그 배경을 김기태 기자가 설명해드리겠습니다.<기자>서울중앙지검 수사팀은 어제에 이어 오늘도 삼성물산 본사 등에 대한 압수수색을 실시했습니다.특히 이번 압수수색에는 회계법인 4곳이 포함됐는데 삼일과 한영 회계법인 2곳은 증권선물위원회의 고발 대상이 아니었습니다.삼일회계법인은 삼성바이오의 지주회사 격인 통합 삼성물산에 대한 회계 감사를, 한영회계법인은 삼성바이오의 자회사였던 삼성바이오에피스의 기업가치 평가에 각각 관여한 것으로 알려졌습니다.삼성바이오에피스의 기업가치 평가 조작이 삼성바이오 분식회계의 출발점으로 의심받고 있지만, 앞서 증선위는 기업가치 평가에 대한 감리는 자신들의 감독 범위가 아니라며 조사하지 않았습니다.그런데도 검찰이 압수수색에 나선 건 증선위의 고발 내용만 들여다보지 않겠다는 뜻으로 풀이됩니다.한 회계 전문가는 ""합병과 분식회계의 연결고리라 할 수 있는 기업가치 평가에 대한 수사는 분식회계의 전반적인 과정을 밝혀 이재용 부회장의 승계 과정을 밝혀내겠다는 검찰의 적극적인 의지""로 풀이했습니다.검찰 관계자는 컴퓨터 자료를 복사하는 등 포렌식 작업이 많이 필요해 한동안 압수수색이 진행될 것이라고 설명했습니다.(영상취재 : 김세경, 영상편집 : 이승열)김기태 기자(KKT@sbs.co.kr)▶[제보하기] 모든 순간이 뉴스가 됩니다▶[끝까지 판다] 뿌리 깊은 사학 비리※ ⓒ SBS & SBS Digital News Lab. : 무단복제 및 재배포 금지"
40,2018-12-14,낮부터 추위 풀려요…곳곳 미세먼지 '나쁨',https://news.naver.com/main/read.nhn?mode=LSD&mid=shm&sid1=103&oid=055&aid=0000696392,SBS,"추위는 내일(15일) 아침까지 이어집니다.한파경보가 이어지고 있는 강원과 충북 북부 지방은 내일 아침 영하 10도를 밑도는 곳이 많겠는데요, 하지만 낮부터는 날이 점차 풀리면서 한파 특보도 해제될 가능성이 높습니다.이번 주말 동안 추위 걱정은 없겠습니다.내일 서울의 한낮기온은 영상 3도, 일요일인 모레는 아침 기온이 영하 2도 선까지 오르겠습니다.다만 일요일인 모레는 전국 곳곳에 눈과 비가 내리겠습니다.중부내륙지역은 또다시 1에서 3㎝ 안팎의 눈이 쌓일 것으로 보이니까요, 주말 계획 세우실 때 참고하셔야겠습니다.내일 미세먼지는 경기 남부와 충북 지방만 '나쁨 수준'을 보이겠습니다.기온은 오늘보다 올라서 남부 대부분 지방은 10도 가까이 오르겠습니다.다음 주에도 추위 걱정은 안 하셔도 좋겠습니다.(이여진 기상캐스터)▶[제보하기] 모든 순간이 뉴스가 됩니다▶[끝까지 판다] 뿌리 깊은 사학 비리※ ⓒ SBS & SBS Digital News Lab. : 무단복제 및 재배포 금지"
41,2018-12-14,'더 내고 더 받는' 노후보장안…연금 재정 안정화 방안 숙제로,https://news.naver.com/main/read.nhn?mode=LSD&mid=shm&sid1=102&oid=032&aid=0002911390,경향신문,"ㆍ“소득대체율·보험료율 같이 올렸다고 하지만 기존 재정 문제는 개선 안돼”ㆍ“최소 노후소득 보장 목표 설정에 의미”…아쉬움 속 ‘공감 목소리’도 나와박능후 보건복지부 장관(왼쪽)이 14일 오전 정부서울청사 별관에서 제4차 국민연금 종합운영계획안에 대해 설명하고 있다. 권도현 기자 lightroad@kyunghyang.com정부가 14일 내놓은 국민연금 제도 개편안은 지난 8월 국민연금제도발전위원회가 발표한 개편안에 비해 가입자들의 보험료 부담을 낮추고, 연금 소득을 늘리는 방향으로 구성됐다. 하지만 연기금의 불안한 재정 문제를 근본적으로 개선하는 방법을 삭제해 향후 논란이 예상된다.■ 연금, 얼마나 더 내고 더 받나정부 개편안 중 가입자들의 혜택이 가장 크게 늘어난 것은 국민연금을 현행 그대로 두되 기초연금만 올리는 방법이다. 기초연금이 2022년 40만원까지 늘어날 경우, 연금 가입자들은 보험료를 더 내지 않으면서 노후 소득을 늘릴 수 있다. 가입기간 월소득이 250만원가량이었던 연금 가입자라면 추가 보험료 부담 없이 기초연금과 국민연금을 합해 101만7000원가량 받을 수 있다. 현재 받을 수 있는 급여가 월 86만7000원가량임을 감안하면, 연금 소득이 15만원가량 늘어나는 셈이다.소득대체율을 45%나 50%로 올리는 개편안도 가입자들의 혜택을 늘린다. 소득대체율을 45%로 높이는 안의 경우 보험료율이 2031년 12%까지 단계적으로 오르게 된다. 월소득 250만원의 직장가입자라면 2년 뒤부터 보험료로 한 달 1만5000원씩, 2031년에는 4만원씩 더 내야 한다. 반면 급여로 받는 금액은 91만9000원으로 현재보다 5만2000원가량 더 늘어난다.소득대체율을 50%까지 올리는 안도 마찬가지다. 이 경우 보험료율은 2021년부터 단계적으로 높아져 2036년 13%로 올라간다. 가입자들은 2년 뒤부터 연금 보험료로 월 1만5000원씩 더 내고, 2031년 이후엔 월 5만원씩 더 내야 한다. 반면 급여는 97만1000원으로 이는 현재보다 10만4000원 늘어난 금액이다.정부는 이번 개편안이 연기금의 지속 가능성에 긍정적인 영향을 줄 수 있다고 설명했다. 기초연금만 올리는 방안의 경우 국민연금의 재정에 전혀 영향을 주지 않는다. 소득대체율을 45%나 50%로 높이는 방안도 정부 계산대로라면 기금 소진 예상 시점이 현재의 2057년에서 2063년으로 연장되는 것으로 나타났다. 정부는 “추가적인 개혁이 가능한 충분한 시간”이라고 밝혔다.■ 재정 안정화 대책은 빠져이번 개편안에선 연기금 재정을 튼튼히 할 수 있는 강력한 방안들을 선택지에서 제외한 게 특징이다. 제도발전위는 앞서 소득대체율을 현재처럼 유지하고, 보험료율을 10년 내에 13.5%까지 단계적으로 올리는 개편안을 제시했다. 여기에 2029년 이후엔 연금받는 나이를 올리고, 기대여명이 길어지면 연금으로 받는 금액을 줄이는 ‘기대여명계수’를 도입하는 등 연금을 지속 가능하게 하는 다양한 방법을 제시했다. 하지만 이날 발표된 정부안에는 소득대체율을 그대로 두고 보험료를 올리는 안은 아예 포함되지 않았다.연금 재정의 지속 가능성을 강조하는 이들은 정부안에 우려를 보였다. 오건호 ‘내가만드는복지국가’ 공동위원장은 “정부가 겉으로는 소득대체율을 올리면서 보험료율도 같이 올렸다고 하지만, 이는 연금을 더 주는 데 필요한 비용을 메워줄 뿐이지 기존에 있던 재정 불안 문제는 개선할 수 없는 수준”이라고 말했다. 이어 “국민들이 불편하게 여길 수 있다고 정부가 애초부터 재정 안정화를 제시하지 않는 것은 책임 회피”라고 지적했다.그는 소득대체율을 올려서 연기금 소진 시점이 늦춰지는 것은 ‘착시 효과’라고 했다. 오 위원장은 “연금 급여를 올려줘도 이로 인한 지출은 수십년 뒤부터 시작되기에 기금 소진 시점은 오히려 늦춰지는 현상이 발생할 수 있다”며 “하지만 이 경우 연기금이 소진된 뒤 필요한 돈을 걷으려면 보험료율을 급격히 올려야 한다. 정부는 이를 알리지 않고 있다”고 말했다.윤석명 보건사회연구원 연구위원도 “중요한 건 소진 시점이 아니라 그 이후”라면서 “후세대 부담을 덜어줄 필요가 있다는 측면에서 현재의 개편안은 문제가 있다”고 말했다.■ 국민 우려 반영했다는 평가도 나와연금의 노후소득 보장 기능을 강조하는 측은 개편안에 긍정적인 반응을 보였다. 주은선 경기대 교수는 “이번 개편안은 ‘최소한 이 정도는 노후소득으로 보장해야 한다’는 목표가 보인다는 점에서 의미가 있다”며 “다만 기초연금과 국민연금을 동시에 강화하는 안이 빠져 있고, ‘적정 수준’이 아니라 최소 수준에 맞춰 방안들이 제시된 것은 아쉽다”고 말했다.정용건 ‘공적연금강화국민행동’ 위원장은 “이번 개편안은 지난 8월 국민연금 4차 재정추계 결과를 발표한 뒤에 나온 국민들의 우려를 잘 담았다”며 “다만 보험료율 인상을 국민들이 받아들일 수 있을지, 기금을 많이 쌓아놓는 것이 반드시 답일까 하는 의문은 든다”고 말했다.정부 개편안에 강력한 재정 안정화 대책이 빠진 것은 불가피했다는 지적도 있다. 주 교수는 “이번 정부 개편안은 현재의 경제 상황이라든지 가입자들이 느끼는 경제적 부담을 반영해 절충한 것으로 합리적”이라며 “현재는 연기금이 많이 쌓여 있는 상태이고, 한동안 기금 규모가 커질 것이라 재정 문제는 장기적으로 다룰 필요가 있다. 2030년 이후 상황 변화에 따라 추가적으로 논의할 필요는 있을 것”이라고 말했다.박용하·노도현 기자 yong14h@kyunghyang.com▶ 경향신문 SNS[트위터][페이스북]▶[인기 무료만화 보기]©경향신문(www.khan.co.kr), 무단전재 및 재배포 금지"
42,2018-12-14,'하청 노동 사망' 원청의 6배…5년간 실형 처벌은 단 1건,https://news.naver.com/main/read.nhn?mode=LSD&mid=shm&sid1=100&oid=056&aid=0010651042,KBS,"[앵커]지난 5년 동안 산업재해로 숨진 하청업체 노동자 수는 원청의 6배가 넘습니다.이런 사고에 대해서 사법부는 원청보다 하청업체의 책임이 더 크다고 판단했는데요.5년 간 발생한 노동자 사망 사고에서 원청 사업자에 실형이 선고된 건 1건뿐이었습니다.김연주 기자가 취재했습니다.[리포트]5명의 사상자를 낸 2013년 삼성 반도체 불산 누출 사고.원청인 삼성전자 법인과 고위급 임원도 기소됐지만, 지난 10월, 대법원에서  무죄가 확정 됐습니다.원청의 임원이 사고에 대해 직접적인 주의 의무를 부담한다 보기 어려우니, 삼성전자에 대한  산업안전보건법 위반 혐의도 인정될 수 없다는 게 이유였습니다.반면 하청 업체는 벌금형을 선고받았습니다.[이종란/노무사/'반올림' 활동가  : ""라인 가동 권한이 삼성전자 측에 있는데 그 삼성전자가 아무런 책임이 없다, 무죄판결이 난 것에 대해서는 납득할 수가 없죠.""]2016년 구의역 사고도 하청업체 대표는 징역형 집행유예를, 원청 대표는 벌금형을  선고받는데 그쳤습니다.2011년부터 5년 동안 주요 50대 기업에서 산업재해로 숨진 노동자는 245명.이 가운데 하청 소속 사망자는  원청 소속보다 6배 넘게 많았습니다.그런데 사망사고 중 원청 관리자가  실형을 선고받은 경우는 단 1건,  징역형 집행유예가 7건이었습니다.절반 이상인 110건이 벌금형, 67건은 혐의없음으로 종결되거나 기소가 유예됐습니다.위험도 하청으로 넘어가고, 책임도 하청이 더 지는 현실.원청에 대한 처벌 강화가 필요하다는 문제가 제기되는 이유입니다.실제 영국에서는 사망 사고시 원청처벌을 강화한 기업 살인법 시행 이후 노동자 만명 당 사망률이 절반 가까이 줄었습니다.[김철/사회공공연구원 연구실장 : ""(이런 법이 생기면) 원청이 거기에 경각심을 가지고 주의의무를 갖게 되고 산업뿐 아니라 국민들 안전도 보장될 수 있는 가능성이 생기는 것이죠.""]국회 산업위는 오늘(14일) 서부발전을 상대로  긴급 현안 질의를 열었습니다.위험의 외주화는 안된다, 대책을 마련하라는 주문을 쏟아냈습니다.[정유섭/자유한국당 의원 :  ""반복적으로 하청 사고 안 나도록 대처를 강구해야지...""][김삼화/바른미래당 의원 : ""적정 용역비 산정이 제대로 안 돼서 이렇게 하청업체 직원들한테 (혼자서 하게 했는지)...""]다음주 초부터 임시국회를 열기로 합의한 여야.국회가 '위험의 외주화 방지법'을 이번에는 어떻게 처리할지,  여론은 주시하고 있습니다.KBS 뉴스 김연주입니다.김연주 기자 (mint@kbs.co.kr)[저작권자ⓒ KBS 무단복제-재배포 금지]▶ 다문화 교실 가보셨습니까?▶ 네이버 채널 KBS뉴스 구독! 시원하게 털어드립니다▶ ‘TV보다 ㄹㅇ’ 당신의 진짜 뉴스 ‘케이야’"
43,2018-12-14,아침까지 추위 계속 '서울 영하 6도'…일요일 전국 눈·비,https://news.naver.com/main/read.nhn?mode=LSD&mid=shm&sid1=103&oid=056&aid=0010651055,KBS,"12월 중순으로 접어들면서 한파가 자주 찾아오고 있습니다.오늘 서울의 아침 기온은 영하 8도 가까이 떨어졌고 체감 온도는 영하 10도를 밑돌았는데요.이번 추위는 내일 아침까지 이어진 뒤 낮부터는 기온이 점차 오를 것으로 보입니다.모레는 평년 기온을 회복하겠습니다.내일은 전국이 대체로 맑겠지만 경기 남부와 충북은 미세먼지 농도 '나쁨' 단계가 예상됩니다.일요일은 전국에 눈이나 비가 내릴 전망입니다.눈과 비가 오기 전까지는 대기가 건조하겠습니다.현재 서울에는 건조주의보가 발효 중입니다.강원도의 아침 기온은 오늘과 비슷하겠고 낮 기온은 오늘보다 2,3도 높겠습니다.영남 지역, 아침에는 영하권이겠지만 한낮에는 부산이 10도까지 오릅니다.호남은  광주의 아침 기온 영하 5도, 낮 기온은 8도 예상됩니다.바다의 물결은 동해 먼바다에서 최고 2.5m로 다소 높게 일겠습니다.일요일, 중부 지방은 아침에 서해안부터 눈이 오기 시작하겠고 남부는 오후 한때 눈이나 비가 오는 곳이 있겠습니다.다음 주에는 기온이 예년보다 다소 높을 것으로 보입니다.기상정보였습니다.KBS[저작권자ⓒ KBS 무단복제-재배포 금지]▶ 다문화 교실 가보셨습니까?▶ 네이버 채널 KBS뉴스 구독! 시원하게 털어드립니다▶ ‘TV보다 ㄹㅇ’ 당신의 진짜 뉴스 ‘케이야’"
44,2018-12-14,"中, 내년 1~3월 미국산 차량에 추가관세 부과 중단",https://news.naver.com/main/read.nhn?mode=LSD&mid=shm&sid1=101&oid=001&aid=0010527502,연합뉴스,"시진핑-트럼프 '휴전' 합의에 따른 후속 조치미·중 무역전쟁[연합뉴스TV 제공](선양=연합뉴스) 차병섭 특파원 = 중국 정부가 내년 1월 1일부터 3개월간 미국산 차량과 부품에 대해 추가관세 부과를 중단하기로 했다.중국 국무원 관세세칙위원회는 14일 미국산 차량과 부품 211개 세목에 대해 중국 관련법과 국제법의 기본 원칙에 따라 이같이 결정했다고 펑파이(澎湃) 등 중국 매체들이 보도했다.이는 시진핑(習近平) 중국 국가주석과 도널드 트럼프 미국 대통령이 지난 1일(현지시간) 아르헨티나 부에노스아이레스에서 정상회담을 갖고 추가관세 부과를 멈추고 3개월간 협상을 벌이는 '휴전'에 합의한 뒤 나온 구체적인 조치다.트럼프 대통령이 지난 2일 트위터를 통해 ""중국이 미국에서 중국으로 들어가는 자동차에 대한 현 40%의 관세를 줄이고 없애는(reduce and remove) 데 동의했다""고 언급한 데대한 답이기도 하다.관세세칙위원회는 ""중국은 올해 7월부터 자동차와 부품에 대해 자발적으로 관세를 낮췄다""면서 ""대외 개방을 확대해 중국인들의 다양한 수요를 만족시키기 위한 것""이라고 말했다.이어 ""미국산 차량과 부품에 추가관세를 부과한 것은 미국의 보호무역주의에 대응해 어쩔 수 없는 조치였다""고 불가피성을 강조했다.관세세칙위원회는 또 ""모든 추가관세를 취소하는 방향으로 논의에 박차를 가하고, 균형 있고 포용적이며 함께 이익을 얻는 미·중 경제무역의 새 질서를 적극적으로 세우자""고 덧붙였다.한편 중국 상무부는 지난 6일 자동차를 포함해 농산물, 에너지 등 분야와 관련한 미국과의 합의사항을 즉각 이행할 것이라고 밝힌 바 있다.중국 상무부는 당시 양국이 지식재산권, 기술 협력, 시장 접근, '공정 무역' 문제를 논의할 것이라고도 말했다.bscha@yna.co.kr▶뭐 하고 놀까? #흥▶쇼미더뉴스! 오늘 많이 본 뉴스영상▶네이버 홈에서 [연합뉴스] 채널 구독하기"
45,2018-12-14,'특권의식' 이름에서부터 지운다…그냥 '감찰반'으로,https://news.naver.com/main/read.nhn?mode=LSD&mid=shm&sid1=102&oid=214&aid=0000900072,MBC,"[뉴스데스크]◀ 앵커 ▶비위 행위로 물의를 일으키면서 전원 원대 복귀라는 진통을 겪은 청와대 특별감찰반에 대한 쇄신책이 나왔습니다.특별이라는 간판을 내리고 그냥 감찰반으로 하고 상호 견제를 위해서 구성원도 다양한 부처에서 받기로 했습니다.보도에 이덕영 기자입니다.◀ 리포트 ▶지난 2003년 만들어진 청와대 민정수석실 특별감찰반은 고위 공무원을 감찰하는 막강한 권한때문에 부작용도 적지 않았습니다.[박관천 전 경정]""장·차관이나 공공기관장을 수시로 만나는 특별감찰반원이 어떤 해당 부처 간부에게 무엇을 부탁했을 때 그것을 소홀히 들을 수 있을까요?""오늘 청와대가 내놓은 대책도 특감반원들이 권한이상의 위세를 부리는 걸 막아 비리소지를 차단하는데 초점을 맞췄습니다.우선 이름에서 고압적인 느낌을 주는 '특별'이란 단어부터 뺐습니다.또, 감찰반장이 감찰개시 여부를 승인하도록 했고 장·차관이나 공공기관장 등을 만날 땐 사전 또는 사후에 보고하도록 했습니다.감찰반 인력은 검찰과 경찰뿐 아니라 감사원과 국세청에서도 파견을 받아 한 기관 출신이 전체의 3분의 1을 넘지 않도록 했습니다.[박관천 전 경정]""여러 부처에서 오다 보면 서로가 서로를 쳐다보는 경향이 있습니다. 나쁜 의미에서는 상호 감시인데, 어떤 좋은 의미에서 본다면 견제와 균형이죠.""감찰반원에게는 부당한 지시를 받으면 거부할 수 있는 권한을 부여했습니다.야권의 사퇴요구를 받았던 조국 민정수석은 쇄신책을 내놓으며 비리근절을 다짐했지만, 야당은 특감반 이름이 아니라 조국 수석을 바꾸라며 공세를 이어갔습니다.MBC뉴스 이덕영입니다.이덕영 기자 (deok@mbc.co.kr)[저작권자(c) MBC (http://imnews.imbc.com) 무단복제-재배포 금지]▶ [엠빅비디오] 난민으로 인정받은 제주 예멘인 인터뷰▶ [바로간다] 운송업체 돌며 돈 챙긴 노조간부…'비리' 제보 잇따라▶ [14F] 퇴사한다고 다 받는 게 아니더라, 실업급여의 오해와 진실Copyright(c) Since 1996,MBC&iMBCAll rights reserved."
46,2018-12-14,"노후 소득 확대 위해 재정 안정 포기?…""미래 세대 부담 가중""",https://news.naver.com/main/read.nhn?mode=LSD&mid=shm&sid1=102&oid=056&aid=0010651032,KBS,"[앵커]이번 정부 개편안의 핵심은 국민연금 재정의 안정성보다는 가입자들 노후소득 보장에 방점을 찍고 있습니다.정부 개편안의  주요내용과 문제점을 계속해서 김진호 기자가 전해드립니다.[리포트]재정 안정과 소득 보장, 연금 개편의 두 마리 토끼 중에 정부는 소득 보장 강화를 택했습니다.보험료는 올리지 않거나 조금만 올리면서도, 기초연금과 묶어 해법을 내놨습니다.문제는 재정입니다.4가지 개편안 모두 현재보다 기초연금을 올립니다.월 30만 원씩 주려면, 2030년에는 한 해 32조 원이 필요합니다.두 번째 안처럼 40만 원으로 올리려면 43조 원이 있어야 합니다.기초연금은 세금으로 지급하는 돈입니다.결국 미래의 젊은 세대에게 부담을 더 떠넘기는 꼴이라는 비판이 나옵니다.[김용하/순천향대 금융경영학과 교수 : ""노후소득보장 강화와 함께 미래세대의 부담을 함께 고려해야 하는데 이번 개혁안에는 인구 고령화에 따른 미래세대 부담 가중 문제에 대해서 거의 대책이 없다고 해도 과언이 아닙니다.""]기초연금 인상이 저소득층의 국민연금 가입을 망설이게 할 수도 있습니다.기초연금을 많이 받으면 국민연금에 기댈 필요성이 그만큼 줄기 때문입니다.출산율 감소와 기금 고갈 시점 등을 고려해 정부 스스로 연금 개혁의 필요성을 주장해놓고, 정작 현행 유지안까지 포함해 제시한 점도 모순이라는 지적이 나옵니다.[김남희/참여연대 복지조세팀장 : ""4가지 방안을 냈다는 것은 정부가 국민연금 개혁과 관련되서 어떤 방향성을 갖고 있는지를 명확하게 보여줬다고 보기는 어려울 것 같습니다.""]전문가들은 가입 기간과 소득에 따라 수급액에 큰 차이가 나는 문제에 별 해법을 내놓지 못한 것도 한계라고 평가했습니다.KBS 뉴스 김진호입니다.김진호 기자 (hit@kbs.co.kr)[저작권자ⓒ KBS 무단복제-재배포 금지]▶ 다문화 교실 가보셨습니까?▶ 네이버 채널 KBS뉴스 구독! 시원하게 털어드립니다▶ ‘TV보다 ㄹㅇ’ 당신의 진짜 뉴스 ‘케이야’"
47,2018-12-14,'한미 방위비 협상' 연내 타결 불발…쟁점 못 좁힌 이유는?,https://news.naver.com/main/read.nhn?mode=LSD&mid=shm&sid1=100&oid=056&aid=0010651045,KBS,"[앵커]주한미군 주둔비용 가운데 해마다 한국 정부가 낼 분담금 규모를  결정하는 한미 방위비 분담금 특별협정 체결이 이번에는 해를 넘길 것으로 보입니다.미국 측이 대폭 인상을 요구하고 있지만 우리 정부가 난색을 표하고 있어, 입장 차가 좀처럼 좁혀지지 않고 있기 때문입니다.김영은 기자입니다.[리포트]올해 3월부터 어제(13일)까지 한국과 미국을 오가며 이어졌던 한미 방위비 협상.10차례나 회의를 했지만 결국 연내 타결에 이르지 못했습니다.외교부 당국자는 ""대부분의 사안에 대해서는 합의가 이뤄졌지만, 총액과 한 두가지 쟁점에서는 입장 차이를 좁히는 게 여의치 않다고 설명했습니다.현재 우리나라는 인건비와 군사시설 개선비, 군수지원비 등으로 한 해 9,602억 원을 분담하고 있는데, 미국 측은 이 금액을 1.5배에서 두 배로  올릴 것을 원하고 있다고 미국 언론들이 보도하기도 했습니다.[트럼프/미국 대통령/지난 3월 : ""미군이 한국의 휴전선을 지키고 있는데, 대가를 제대로 받지 못하고 있습니다.""]평택 미군기지 부지 등을 무상 제공한 우리 정부로서는 받아들이기 힘든 인상폭입니다.여기에 급변하는 한반도 안보 상황 등도 고려해야 합니다.[신범철/아산정책연구원 안보통일센터장 : ""한반도에서 군사적 긴장이 완화된다면  (협정 갱신 주기) 5년 기간 이전에도 새로운 협상이 가능한 조건을 마련하는 것이 필요하다고 생각합니다.""]이런 가운데 주한미군 측은 협상이 결렬될 경우 미군부대에서 일하는 한국인 근로자들이 무급휴직을 해야할 것이라는 내용의 공문을 발송했습니다.[손지오/주한미군한국인노조 사무국장 : ""쓰지 못하는 돈에 대해서는 인건비로 쓸 수 있게 투명성을 높이고, 한국인 노동자를 지키는 협상이 되기를 간절히 바랍니다.""]현재 한미간 다양한 채널을 통한 접촉이 이뤄지고 있지만 결국 관건은 방위비 분담금이 사상 최초로  1조 원이 넘느냐 아니냐에  달려있다는 분석이 나오고 있습니다.KBS 뉴스 김영은입니다.김영은 기자 (paz@kbs.co.kr)[저작권자ⓒ KBS 무단복제-재배포 금지]▶ 다문화 교실 가보셨습니까?▶ 네이버 채널 KBS뉴스 구독! 시원하게 털어드립니다▶ ‘TV보다 ㄹㅇ’ 당신의 진짜 뉴스 ‘케이야’"
48,2018-12-14,"'붕괴 위험' 대종빌딩, 19일부터 보강공사…36%만 이사마쳐",https://news.naver.com/main/read.nhn?mode=LSD&mid=shm&sid1=102&oid=001&aid=0010527480,연합뉴스,"강남구 ""건물주가 비용 부담하기로""…임차인도 17일 대책 회의붕괴위험으로 출입 통제된 대종빌딩(서울=연합뉴스) 이지은 기자 = 13일 오전 붕괴 위험이 발견된 서울 삼성동 대종빌딩에 출입통제선이 설치돼 있다. 관할구청인 강남구는 우선 입주자들에게 건물을 비우도록 했고, 이후 건물주와 협의해 정밀안전진단을 벌일 계획이다. 2018.12.13 jieunlee@yna.co.kr(서울=연합뉴스) 고현실 기자 = 붕괴 위험이 발견된 서울 강남구 삼성동 대종빌딩이 19일 응급보강공사에 돌입한다.14일 강남구에 따르면 건물주 대표, 응급안전진단업체 센구조연구소, 강남구는 이날 오후 대책회의에서 조속히 응급보강공사와 정밀안전진단을 하기로 합의했다.구 관계자는 ""다만 자재수급 문제로 실질적인 공사는 19일부터 순차적으로 진행될 것으로 보인다""며 ""공사 비용은 원칙에 따라 건물주가 부담하기로 했다""고 말했다.강남구는 우선 지하 1층, 지상 5층 등 총 6개층에 지지대를 설치하고, 2층 주기둥 2개의 단면적을 확대하는 방식으로 보강공사를 진행할 계획이다.애초 강남구는 출입제한 조치 이틀째인 이날 본격적인 보강공사에 들어갈 예정이었으나 건물주와 비용 분담을 두고 의견이 엇갈려 공사에 착수하지 못했다.보강공사가 끝나면 보강, 철거 여부 등을 결정하기 위한 정밀안전진단이 이뤄진다. 정밀진단 결과 정확한 안전등급을 판정할 수 있을 것으로 강남구는 보고 있다.'붕괴 위험'  삼성동 대종빌딩 폐쇄…최종 출입 곧 예고 / 연합뉴스 (Yonhapnews)대종빌딩 입주업체는 최종 76개로 확인됐다. 이 중 28곳(36.8%)이 현재까지 이사를 마쳤다. 이사를 마치지 못한 업체들은 현재 강남구의 허가를 받아 건물 출입을 하고 있다.대종빌딩[연합뉴스TV 제공]구 관계자는 ""전날 일일이 건물 내부를 확인한 결과 입주업체 수가 기존 79개에서 다소 줄었다""며 ""이사를 마치지 못한 업체에는 짐 반출 기한을 통지할 예정이며, 이후에는 출입을 완전히 통제할 방침""이라고 말했다.임차인들은 17일 오후 2시 대치4동주민센터에서 대책 회의를 열고 향후 대응 방안을 논의할 예정이다.김형복 임차인 임시대표는 ""갑자기 퇴거 조치가 내려지다 보니 임대료뿐 아니라 그동안 들어간 인테리어 비용을 고스란히 날리게 생겼고, 영업 피해도 크다""며 ""다른 임차인들과 함께 법률적으로 손해배상을 받을 수 있는지 검토할 계획""이라고 말했다.강남구는 우선 임차인에게 저렴한 가격에 임대할 수 있는 사무실이나 공유공간을 안내하고 있다.[연합뉴스TV 제공]대종빌딩은 지하 7층 지상 15층에 연면적 1만4천799㎡ 규모로 1991년 준공됐다.작년 상·하반기와 올해 3월 강남구가 실시한 육안 검사에서는 각각 B등급과 A등급이 나왔으나 지난달 말 2층 인테리어 공사 중 기둥에서 균열이 발견됐고, 11일 긴급안전진단 결과 최하 등급인 E등급으로 추정됐다. 이에 강남구는 12일 대종빌딩을 구가 직접 관리하는 3종시설물로 지정하고 13일 0시부터 출입제한 조치를 했다.okko@yna.co.kr▶뭐 하고 놀까? #흥▶쇼미더뉴스! 오늘 많이 본 뉴스영상▶네이버 홈에서 [연합뉴스] 채널 구독하기"
49,2018-12-14,"""여론 무마용"" vs ""갈등 부추겨""…갈라진 '난민 판단'",https://news.naver.com/main/read.nhn?mode=LSD&mid=shm&sid1=102&oid=437&aid=0000198435,JTBC,"[앵커]오늘(14일) 난민 인정을 두고 여론은 엇갈리고 있습니다. 인권위는 고작 2명만 인정한 것은 여론을 무마하기 위한 결정이라고 비판한 반면, 반대 측은 제주에 난민이 몰려서 사회 갈등만 커질 것이라고 우려하고 있습니다.백민경 기자입니다.[기자][김준혁/서울시 아현동 : (유럽에) 테러도 좀 많고 그러니까. 우리나라에 들어오면 그러지 않을까.][최유진/경기도 광명시 : 난민을 받아주는 것도 좋은 의도지만 경제적으로 소외당하는 약자를 먼저 도와주는 게…]제주에서 난민이 인정됐다는 소식이 전해지자 적지 않은 우려의 목소리도 함께 나오고 있습니다.서로 다른 문화로 충돌할 수 있고 국가의 경제적 부담도 피하기 어렵다는 것입니다.특히 제주도가 무비자 지역이고 항공과 해상 교통까지 좋아 난민 신청이 몰릴 것이라는 전망입니다.하지만 이제 달라져야 한다는 목소리도 나옵니다.최영애 인권위원장은 ""난민에 대한 일부 국민의 부정적 인식 때문에 인정 요건을 엄격하게 하는 것은 불안감을 강화할 뿐""이라며 2명을 인정한 것은 ""부정적 여론을 무마하기 위한 일률적 결정""이라고 비판했습니다.일부 전문가들도 난민이 국가 경제에 부담을 준다는 것은 편견이라고 주장합니다.[마리아 느네트 모투스/유엔 국제이주기구 아태지역 대표 : (난민들이) 교육을 잘 받고 일하면서 경제에 기여할 수 있고요. 많은 나라에서 이민은 긍정적인 사례가 많은 것으로…]'아직은 시기상조다', '편견을 이제 거둬야 한다' 난민 인정을 둘러싼 현격한 시각차가 풀어야 할 숙제로 남았습니다.(영상디자인 : 신재훈)백민경(baek.minkyung@jtbc.co.kr) [영상취재: 김장헌,문석빈,이주원 / 영상편집: 오원석]▶ 라이브 시청은 JTBC 뉴스앱!,제보는 뉴스룸으로!▶ 뉴스룸 뒤 이어지는 취재후기는 '소셜라이브'Copyright by JTBC(http://jtbc.joins.com)and JTBC Content Hub Co., Ltd. All Rights Reserved. 무단 전재 및 재배포 금지"
50,2018-12-14,"KCGI ""단기차입금 증액 중단"" 요구에 한진칼 ""정상적 경영활동"" 반박",https://news.naver.com/main/read.nhn?mode=LSD&mid=shm&sid1=101&oid=008&aid=0004147412,머니투데이,"[머니투데이 김명룡 기자, 최석환 기자] [(종합)KCGI ""이사의 선관주의무 반하는 것"" 지적..한진칼 ""금융시장 불확실성 대비 차원"" 선그어  ]강성부 대표지난달 15일 한진칼 지분 9%를 매입했다고 밝힌 KCGI 펀드, 일명 강성부펀드가 14일 최근 한진칼의 단기차입금 증액은 독립적인 감사 선임을 저지하기 위한 조치로 보인다며 증액관련 행위를 즉각 중단하라고 요구했다. 강성부펀드는 이날 이 같은 내용이 담긴 공문을 조양호 회장을 비롯한 한진칼 이사에게 보냈다고 밝혔다.한진칼은 지난 5일 단기차입금의 규모를 1650억원에서 3250억원으로 두배 가까이 늘렸다. 강성부 펀드는 이와 관련 ""올해 말 기준 자산총액을 인위적으로 2조원 이상 늘려 독립적인 감사의 선임을 저지하기 위한 조치로 보인다""고 주장했다.이에 대해 한진칼은 ""정상적인 경영활동""이라고 선을 그은 뒤 ""올해 12월 700억원, 내년 2월과 3월에 각각 400억원, 750억원의 만기 도래 차입에 대한 상환자금을 조달하기 위한 것""이라고 설명했다.그러면서 ""과거와는 달리 금융 시장의 불확실성이 커질 것이 예상돼 차입금을 증액하게 된 것""이라며 ""시장 변동에 대비해 유동성을 최우선적으로 고려하는 것은 회사와 주주 이익을 위한 경영진의 가장 중요한 활동""이라고 강조했다.강성부펀드 측은 ""올해 중으로 만기가 도래하는 채무액은 700억원에 불과하고, 기존 단기차입금 1650억원은 만기연장이 충분히 가능한 상황""이라고 반박했다. 한진칼이 기존 단기차입금총액을 무려 두배 가까이 증액하는 이사회결의를 한 것은 정상적인 경영판단으로 보기 어렵다는 주장이다.강성부펀드 측은 ""내년에 만기도래하는 단기차입금의 상환에 대비하기 위한 것이라면 금융기관들로부터 신용한도만 받아 놓아도 된다""며 ""단기차입금을 미리 조달해 총액을 증액시키는 것은 이해할 수 없다""고 주장했다.결국 한진칼의 단기차입금 증액이 자산총액를 인위적으로 2조원이상으로 늘려 현행 감사제도를 감사위원회로 대체하고 최대주주의 의결권이 제한되는 감사선임을 봉쇄하기 위한 것이라는 주장이다.강성부펀드 측은 ""감사는 경영권과 관련 없이 회사의 경영활동을 감시하는 기능을 수행할 뿐인데, 이러한 감사의 선임조차 편법적인 수단으로 원천봉쇄하고자 한다면 투명경영과 책임경영에 관한 한진칼의 의지에 의구심을 품지 않을 수 없다""고 주장했다.이어 ""한진칼의 발행주식 총수의 1% 이상을 보유한 주주로서 상법 제402조에 따라 이사의 위법행위를 중지할 것을 요구할 수 있다""며 ""이번 단기차입금 증액 결정이 독립적인 감사의 선임을 저지하고 지배주주의 지배력을 강화하기 위한 방편으로 감사위원회를 도입하는 차원에서 이루어진 것이라면 이사로서의 선관주의의무와 충실의무에 반하는 것""이라고도 주장했다.지배주주의 이익을 위해서 회사에 손해를 가하는 행위로서 형사상 배임의 소지가 있는 만큼 위법행위 유지청구로서 이번 단기차입금 증액 관련 행위의 중지를 요구한다는 게 강성부펀드 측의 입장이다.▶마사지 뭐가 달라요? Q&A▶팰리세이드, 숨겨진 기능이 있다?▶뉴스는 머니투데이김명룡 기자 dragong@, 최석환 기자 neokism@mt.co.kr<저작권자 ⓒ '돈이 보이는 리얼타임 뉴스' 머니투데이, 무단전재 및 재배포 금지>"
51,2018-12-14,한파 내일 낮부터 누그러져…일요일 눈·비,https://news.naver.com/main/read.nhn?mode=LSD&mid=shm&sid1=102&oid=449&aid=0000163301,채널A,"중부에서는 한파가 울릉도에는 폭설이 기승을 부린 하루였습니다.오늘 울릉도 나리분지 인근 도로의 광경입니다.하얗게 뒤덮인 설경 속 마치 스켈레톤을 타듯 눈썰매를 즐기는 모습입니다.이번 한파는 내일 오후부터 차츰 누그러지겠습니다.중부와 경북을 중심으로는 한파특보가 발효 중입니다.강원과 충북 곳곳에서는 영하 15도 안팎까지 내려갈 것으로 보여서 한파경보 지역도 확대됐습니다.내일 아침 서울은 영하 6도,철원 15도로 오늘만큼 춥겠고요.낮부턴 기온이 오름세로 돌아서며 일요일에는 예년 이맘때 수준을 회복하겠습니다.주말인 내일도 하늘은 맑겠습니다.다만 대기정체로 경기 남부와 충북 지역은 미세먼지 농도가 높아지겠습니다.일요일엔 전국에 또 눈, 비 소식이 있는데요.중부 지역에 1~3cm의 꽤 많은 눈이 예상돼 대비가 필요합니다.다음 주에는 심한 추위는 없을 전망입니다.실내에 가습기를 틀면 공기 순환이 수월해져 빠르게 난방을 돕고 온도 유지에도 도움이 됩니다.지금까지 채널A 뉴스 남혜정입니다.▶'채널A' 홈페이지▶'채널A 뉴스 페이스북' 친구 추가꿈을 담는 캔버스 채널A  ⓒCHANNEL A(www.ichannela.com), 무단 전재 및 재배포 금지"
52,2018-12-14,12월국회 합의했지만 선거제 개혁은 더 꼬였다…연말정국 냉랭,https://news.naver.com/main/read.nhn?mode=LSD&mid=shm&sid1=100&oid=001&aid=0010527466,연합뉴스,"유치원법·탄력근로제 확대·고용세습 국조 등 쟁점도 수두룩손학규·이정미, '선거제 개혁 촉구' 9일째 단식농성국회의장-5개 정당 원내대표 회동(서울=연합뉴스) 최재구 기자 = 문희상 국회의장이 14일 오전 국회에서 더불어민주당 홍영표, 자유한국당 나경원 원내대표 등 5개 정당 원내대표들과 회동하고 있다. 원탁 왼쪽부터 정의당 윤소하 원내대표, 민주평화당 장병완 원내대표, 더불어민주당 홍영표 원내대표, 문희상 의장, 자유한국당 나경원 원내대표, 바른미래당 김관영 원내대표. 2018.12.14 jjaeck9@yna.co.kr(서울=연합뉴스) 김남권 기자 = 여야가 12월 임시국회 소집에 전격 합의하면서 대화의 끈을 이어갔다.다만 바른미래당과 민주평화당, 정의당 등 야 3당이 사활을 건 선거제도 개혁에 접점을 찾지 못한 데다, 12월 임시국회에서 다뤄질 현안을 둘러싼 극명한 입장차로 냉랭한 연말 정국이 예상된다.여야 5당 원내대표들은 14일 오전과 오후 두 차례 회동을 통해 오는 17일부터 12월 임시국회를 열되 개회 기간과 안건에 대해선 협의를 지속한다는 데 합의했다.12월 임시국회는 정국 최대 이슈인 선거제 개혁의 분수령이라고 할 수 있다.여야 선거제 개혁(PG)[이태호, 최자윤 제작] 사진합성·일러스트오는 2020년 4월 21대 총선을 앞두고 선거제 개혁을 하려면 여야는 연말까지 큰 틀의 합의를 해야 하는 상황이다.바른미래당 손학규·정의당 이정미 대표가 이날로 9일째 단식농성을 이어가는 등 야 3당은 줄기차게 선거제 개혁을 요구하지만, 더불어민주당의 반응은 미적지근하고 자유한국당의 태도는 싸늘한 형국이다.민주당은 연동형 비례대표제(정당득표율에 정비례하는 의석배분 방식) 도입의 기본방향에 동의하면서 '내년 1월 국회 정치개혁특위에서의 합의, 내년 2월 임시국회 처리'라는 시간표를 제시한 상태다.그러나 야 3당이 희망하는 '100% 완전한 연동형'에 민주당은 미온적이라는 의심을 받을 뿐 아니라 선거제 개혁에 부정적인 한국당을 설득할 자세를 전혀 보이지 않는다.여기에 한국당은 '권력구조 개편을 위한 원포인트 개헌의 동시 논의'를 들고나와 선거제 정국은 더욱 꼬이는 모양새다.그런 흐름 속에 여야 5당 원내대표들은 이날 회동에서 선거제 개혁을 논의했지만, 진전을 보지 못했다.다만 여야 모두 올해 말로 끝나는 정개특위 활동 기간 연장에는 뜻을 같이해 이를 고리로 선거제 개혁을 위한 논의를 지속할 것으로 예상된다.손학규, 이정미 대표의 계속된 단식 농성도 민주당과 한국당에 갈수록 큰 부담을 안길 것으로 보인다.단식농성 이어가는 손학규와 이정미(서울=연합뉴스) 김주형 기자 = 선거제 개혁을 요구하며 단식농성에 돌입한지 5일째인 바른미래당 손학규 대표(왼쪽)와 정의당 이정미 대표가 10일 오전 국회 로텐더홀에서 자료를 살피고 있다. 2018.12.10 kjhpress@yna.co.kr선거제뿐 아니라 12월 임시국회에서 여야가 격돌할 쟁점은 적지 않다. 사립유치원 공공성 강화를 위한 유치원 3법과 김상환 대법관 후보자 임명동의안, 탄력근로제 단위기간 확대, 고용세습 의혹 국정조사가 대표적이다.여야는 그러나 12월 임시국회에서 다룰 의제의 우선순위를 달리해 안건 정리를 위한 이번 주말·휴일 협상도 순탄하지 않을 전망이다.여당인 민주당과 제1야당인 한국당은 예산안 처리 과정에서 보인 '더불어한국당' 공조를 뒤로하고 12월 임시국회에선 치열하게 다툴 공산이 크다.민주당은 유치원 3법과 최근 태안화력발전소 비정규직 노동자의 사망으로 주목받는 산업안전보건법 개정안 처리에 주력한다는 방침이다.김 대법관 후보자의 임명동의안 처리도 민주당에 시급한 과제지만, 의결정족수 확보를 위해 선거제 정국에서 등을 돌린 평화당과 정의당을 다시 '우군'으로 돌려세우는 일이 무엇보다 필요하다.반면 한국당은 탄력근로제 확대 논의와 고용세습 의혹 국정조사 성사에 당력을 집중할 태세다.한국당은 여야가 합의한 대로 연말까지 탄력근로제 단위 기간 연장 문제를 매듭지어야 한다는 입장이나, 민주당은 내년 1월 경제사회노동위원회의 논의가 끝나는 대로 처리하자는 시간표를 내놓았다.정기국회 이후에 하기로 여야가 지난달에 합의한 고용세습 의혹 국정조사에선 내용과 범위를 놓고 민주당과 한국당 간 충돌이 예상된다.한국당은 2015년 1월 1일 이후 발생한 비리에 대해서만 국정조사를 하기로 합의했다고 강조하는 반면 민주당은 조사하다 보면 시기를 제한하기 어렵다는 입장을 나타내고 있다.한국당 권성동·염동열 의원이 관여했다는 의혹이 제기된 2012~2013년 강원랜드 채용비리 사건도 당연히 포함해야 한다는 게 민주당의 시각이다.나경원·홍영표자유한국당 나경원 원내대표(왼쪽)와 더불어민주당 홍영표 원내대표 [연합뉴스DB]kong79@yna.co.kr여야, 17일 임시국회 열기로…안건 선정은 추후 논의 / 연합뉴스 (Yonhapnews)▶뭐 하고 놀까? #흥▶쇼미더뉴스! 오늘 많이 본 뉴스영상▶네이버 홈에서 [연합뉴스] 채널 구독하기"
53,2018-12-14,'과기계' 손들어준 카이스트…신성철 총장 거취 내년초 재논의,https://news.naver.com/main/read.nhn?mode=LSD&mid=shm&sid1=105&oid=421&aid=0003741105,뉴스1,"차기 이사회로 안건 넘겨…위상추락 업무공백 우려한듯신성철 한국과학기술원(KAIST) 총장이 14일 오전 서울 서초구 엘타워에서 열린 'KAIST 제261차 정기이사회'에 자리하고 있다. 2018.12.14/뉴스1 © News1 황기선 기자(서울=뉴스1) 최소망 기자 = 한국과학기술원(KAIST) 이사회가 14일 신성철 카이스트 총장 '직무정지' 결정을 차기 이사회에서 논의하기로 결정하면서 카이스트 위상추락과 총장 공백에 따른 업무차질은 피하게 됐다.앞서 과학기술정보통신부는 신 총장이 대구경북과학기술원(DGIST) 총장으로 재직하던 당시 미국 로렌스 버클리 국립연구소(LBNL)와 부당한 계약을 체결했고, 제자를 특혜 채용했다는 비위 의혹을 제시하며 학교 측에 직무정지를 요청하는 한편 검찰 고발을 진행했다. 이날 직무정지안이 논의된 것도 과기정통부 요구에 따른 것이다.카이스트 이사회 간사인 김보원 카이스트 기획처장은 ""이사회에서 최고 지상의 전당인 카이스트 총장의 직무를 정지시키는 것은 매우 신중하게 처리해야 한다는 의견이 많았다""면서 ""이사회는 좀더 심도있는 논의를 위해 직무정지 안건을 차기 이사회에서 심의하기로 결정했다""고 '유보'한 배경을 설명했다. 카이스트 이사회가 총장 직무정지 안건을 논의한 것은 개교 47년 이래 처음이다.카이스트 차기 이사회는 내년 초에 열린다. 정기 이사회는 오는 2019년 3월로 예정돼 있지만 그 중간에 필요한 긴급 이사회를 개최할 수 있다.이날 이사회에 참석한 신성철 총장을 제외한 9명의 이사 가운데 6명은 '유보'를 결정했다. 가장 큰 이유는 카이스트의 국제적 위상에 흠집을 우려한 때문으로 보인다. 전세계적인 과학전문지 네이처는 지난 13일 한국 과학기술계가 정권교체 시기마다 수장이 교체되는 등 수난을 겪고 있다는 내용을 집중보도한 영향도 적지않았다.무엇보다 대학에서 졸업과 입학 등을 진행해야 하는 가장 중요한 시기에 총장의 직무를 정지시켜 손발을 묶어두는 것은 업무공백이 너무 크다는 판단도 뒤따른 것으로 보인다. 과기정통부가 제기하는 비위 의혹에 대한 명확한 검찰수사를 지켜보자는 의도도 숨어있는 것으로 풀이된다.김보원 기획처장은 ""과기정통부가 관련 법령과 사안의 중대성에 따라 적절한 법적조치를 이행했을 것으로 보고 과기정통부의 판단을 존중하지만 카이스트 명예와 그 구성원의 자긍심을 지켜야 할 시점""이라면서 ""한국과학기술의 긍지인 카이스트가 타 기관(DGIST)의 감사결과에 의해 국게적 위상 혼란이 야기되는 현실에 심각한 우려를 표한다""고 밝혔다.신성철 총장은 유보 결정이 나자 ""이사진 결정에 감사드린다""면서 ""겸허한 마음으로 대학을 경영하도록 하겠다""는 소감을 피력했다.앞서 과학기술계에서는 과기정통부가 신 총장의 직무정지를 요구한 것에 대해 '정치적 색출작업', '찍어내기'라며 강도높게 비판했다. KAIST 교수들도 이에 대해 반대 성명서를 내며 신 총장 감싸기에 나선 바 있다.국가 연구비 횡령 등의 의혹을 받고 있는 신 총장은 과학기술정보통신부로부터 직무 정지 요청을 받았다.  2018.12.14/뉴스1 © News1 황기선 기자somangchoi@news1.kr▶ 진짜 블록체인을 만나는 곳 '크립토허브' 오픈!▶ [페이스북] 바로가기!▶ 에어팟&스타벅스 커피 경품(~12/25)[© 뉴스1코리아(news1.kr), 무단 전재 및 재배포 금지]"
54,2018-12-14,"국민연금 개편안에 與 ""합리적 대안"" vs 野 ""혼란 가중""",https://news.naver.com/main/read.nhn?mode=LSD&mid=shm&sid1=100&oid=001&aid=0010527397,연합뉴스,"민주 ""다층연금체계로 확대…사회적 대타협으로 결실 맺어야""한국 ""국민에 폭탄"", 바른미래 ""재원조달 방안 부족"", 정의 ""정부 철학 의심""국민연금 개편 ""노후소득 보장""vs""재정안정 우선"" (CG)[연합뉴스TV 제공](서울=연합뉴스) 김보경 설승은 기자 = 정치권은 14일 정부가 발표한 국민연금 개편안에 엇갈린 반응을 보였다.정부는 이날 소득대체율(평생 평균소득 대비 국민연금 수령액 비율) 40∼50%, 보험료율 9∼13%, 기초연금 월 30만∼40만원의 조정 범위에서 조합한 4개 방안을 국민연금 개편안으로 제시했다.여당인 더불어민주당은 정부의 이 같은 개편안을 '합리적 대안'이라고 평가했지만 자유한국당, 바른미래당, 정의당 등 야 3당은 정부가 4개 방안을 제시해 오히려 혼란을 가중했다고 비판했다.더불어민주당 이해식 대변인[연합뉴스 자료사진]민주당 이해식 대변인은 논평에서 ""정부의 국민연금 개혁안은 국민의 노후소득 보장을 더욱 강화해야 한다는 대원칙 아래 기초연금, 퇴직연금, 주택농지연금 등 다양한 공적연금 제도를 함께 고려하는 다층연금체계 차원으로 확장된 것""이라고 밝혔다.이 대변인은 ""국민 노후소득 보장 강화와 재정 지속가능성 높이기라는 상호 충돌하는 난제를 균형 있게 조화시키기 위해 각각의 목표에 부합되는 다양한 제도개혁안과 재정 안정화, 기금운용 수익성 제고 방안도 함께 제시됐다""며 ""국민 우려를 불식시키는 합리적인 대안""이라고 평가했다.그는 ""정부안은 경제사회노동위원회에서 보다 깊이 있는 토론과 국민 여론 수렴 과정을 통해 하나의 안으로 확정돼 국회에 제출될 것""이라며 ""경사노위가 더 충실하게 국민 여론을 수렴하고 치열하게 토론해 사회적 대타협이라는 귀한 결실을 맺어주길 희망한다""고 말했다.한국당 보건복지위원 기자회견(서울=연합뉴스) 정래원 기자 = 자유한국당 보건복지위원들이 14일 오후 국회에서 국민연금 개편안과 관련해 기자회견을 하고 있다. 왼쪽부터 자유한국당 김승희, 김명연 의원, 김순례 의원.  jrwmon@yna.co.kr국회 보건복지위원회 소속 한국당 의원들은 성명서를 내고 ""이번 개편안은 문재인정부가 얼마나 무책임하고 무능한 정권인지 보여준다""며 ""여러 안을 나열하며 국민에게 폭탄을 던지고, 제시된 안도 핵심은 빠진 속 빈 강정에 불과했다""고 깎아내렸다.이들은 기금고갈에 대한 구체적 대안 미비, 4개 복수안에 따른 혼란 가중, 충분한 재정검토 없는 기초연금 40만원 인상안 등을 정부 개편안의 문제로 지적했다.그러면서 ""한국당의 단일안 제시 요구를 철저하게 무시하고, 복수안을 제시한 것에 대해 보건복지부 장관의 사과와 사퇴를 촉구한다""며 ""미래세대를 생각하지 않는 장관은 존재의 가치가 없음을 강조한다""고 덧붙였다.바른미래당 김삼화 수석대변인[김삼화 의원실 제공]바른미래당 김삼화 수석대변인은 논평에서 ""이번 개선안에는 국민의 혈세로 3조원의 적자를 메우고 있는 특수직 연금과의 통합 등 국민연금과의 형평성 문제를 해결할 방안이 빠졌다""며 ""노후소득 보장에 월 100만원 정도가 든다고 해도 이를 국민연금과 기초연금만으로 달성하겠다는 목표도 바람직하지 않다""고 했다.김 수석대변인은 ""정부는 4개의 국민연금 개선안을 제시하여 사회적인 갈등 뒤에 숨는 비겁한 모습을 보였다""며 ""무엇보다 재원조달 방안이 여전히 부족하다. 정부는 납부한 만큼은 최소한 보장받길 원하는 국민의 연금개선 요구에 답해야 한다""고 촉구했다.정의당은 정책위원회 명의의 논평을 통해 ""가장 쟁점이 되는 국민연금 소득대체율과 보험료율 인상에 대해 정부는 4가지 정책조합 방안을 제시해 책임을 비껴갔다""며 ""현재까지 각계가 제기한 주요 정책 방안을 모아 놓은 것으로, 혼란만 더 가중됐다""고 지적했다.또한 ""'최저수준 이상의 적정 노후 생활비는 장기적으로 사적연금을 포괄한 다층체계를 통해 달성하겠다'는 부분은 공적연금에 대한 정부 철학을 의심케 하는 대목""이라며 ""일반 서민들이 노후 양극화를 겪지 않으려면 공적연금만으로 기본적인 노후 생활이 보장돼야 한다""고 강조했다.vivid@yna.co.kr▶뭐 하고 놀까? #흥▶쇼미더뉴스! 오늘 많이 본 뉴스영상▶네이버 홈에서 [연합뉴스] 채널 구독하기"
55,2018-12-14,내일 아침까지 강추위…충북ㆍ강원 한파경보,https://news.naver.com/main/read.nhn?mode=LSD&mid=shm&sid1=103&oid=422&aid=0000352035,연합뉴스TV,"[날씨] 내일 아침까지 강추위…충북ㆍ강원 한파경보오늘 밤 사이 또 기온 크게 떨어집니다.특히 충북과 강원지역들은 연이틀 영하 15도 안팎까지 떨어질 걸로 보여서 한파경보로 격상된 곳들이 늘어났고요.서울도 영하 6도, 전주와 대구 등 남부지방도 영하 6도로 내일 아침은 남부도 중부만큼 상당히 추운 날씨를 보이겠습니다.그래도 내일 낮부터는 서서히 영상권에 들면서 특보가 차츰 해제될 것으로 보이고요.일요일은 평년수준을 회복하겠습니다.하지만 내일은 일부 중부내륙을 중심으로 미세먼지농도가 높을 가능성이 커보이고요.일요일은 아침에 서해안을 시작으로 전국에 또 눈이나 비가 내리겠습니다.이번에도 기온이 낮은 중부지방 중심으로 눈이 내려 쌓이겠습니다.경기동부와 강원도, 일부 충북북부지방에는 최고 3cm 가량 예상되고요.그 밖에 서울 등 중부와 전라북도 동부내륙, 경북북부 지방에도 1cm 내외 가량 예상됩니다.미리 참고하시고 대비를 해주시기 바랍니다.내일은 맑고 건조합니다.기온은 아침에 서울 영하 6도, 춘천 영하 12도, 대구와 전주 영하 6도까지 떨어져 춥다가 낮에는 서울의 기온 3도, 대구가 7도까지 올라서 서서히 누그러지겠습니다.전해상 물결은 최고 2.5m로 오늘보다 낮아지겠습니다.날씨 전해드렸습니다. (김지은 기상캐스터)연합뉴스TV 기사문의 및 제보 : 카톡/라인 jebo23▶ 연합뉴스TV 네이버 채널 구독▶ 생방송 시청▶ 대한민국 뉴스의 시작, 연합뉴스TV 앱 다운받기"
56,2018-12-14,KAI-방사청 '의무후송헬기' 양산 계약 체결…2020년 전력화,https://news.naver.com/main/read.nhn?mode=LSD&mid=shm&sid1=100&oid=421&aid=0003741138,뉴스1,"""골든타임 내 응급조치 능력 강화…군 전력 크게 기여""지난해 12월6일 국회의 국방예산 통과로 내년부터 양산되는 '의무후송 전용헬기'.  (한국항공우주산업 제공) 2017.12.6/뉴스1(서울=뉴스1) 문대현 기자 = 의무후송 전용헬기가 군 장병의 소중한 생명을 지키는 임무를 수행하게 됐다.한국항공우주산업(KAI)은 14일 방위사업청과 2000여억원 규모의 의무후송 전용헬기 양산계약을 체결했다고 밝혔다. 국내에서 의무후송 전용헬기가 도입되는 것은 이번이 처음이다.KAI는 2020년까지 전력화를 완료할 계획이다.의무후송 전용헬기가 도입되면 앞으로 재난시 골든타임 내 신속한 환자후송과 국군 장병들의 의료복지 강화에 도움이 될 것으로 판단된다.KAI는 지난 2014년 의무후송 전용헬기 체계개발에 착수해 2016년 12월 전투용적합판정을 받고 국방규격제정을 승인받아 개발을 완료했다.의무후송 전용헬기는 국산헬기 수리온(KUH-1)을 기반으로 다양한 의무장비를 추가해 전시 및 평시 응급환자의 신속한 후송과 응급처치가 가능하도록 개발됐다고 KAI측은 강조했다.KAI에 따르면 의무후송 전용헬기는 중증환자 2명의 응급처치가 가능하며 최대 6명의 환자를 동시에 후송할 수 있다.여기에는 자동 높이조절 기능을 가진 '들것받침장치'를 비롯해 '산소공급장치' '의료용흡인기' '심실제세동기' '인공호흡기' '환자감시장치' 등 첨단 응급의료장비가 장착돼 골든타임 내 신속한 환자후송과 응급조치 능력이 강화될 전망이다.또한 '외장형 호이스트'를 장착해 산악지형에서도 원활한 구조임무가 가능하며, 장거리 임무수행을 위한 '보조연료탱크'도 추가 장착했다는 것이 KAI측의 설명이다.KAI 관계자는 ""의무후송 전용헬기로 골든타임 내 응급조치 능력이 강화되면 군 전력에 크게 기여할 것""이라며 ""수리온 및 파생형 헬기의 국내 운용실적을 바탕으로 동남아시아 등 해외 수출도 추진하고 있다""고 말했다.eggod6112@news1.kr▶ 진짜 블록체인을 만나는 곳 '크립토허브' 오픈!▶ [페이스북] 바로가기!▶ 에어팟&스타벅스 커피 경품(~12/25)[© 뉴스1코리아(news1.kr), 무단 전재 및 재배포 금지]"
57,2018-12-14,"""사학자유 침해"" vs ""고교 서열화""…자사고 우선선발 헌재 공방",https://news.naver.com/main/read.nhn?mode=LSD&mid=shm&sid1=102&oid=001&aid=0010527414,연합뉴스,"""자사고 궤멸 뜻 분명해""…""교육 생태계 파괴 외면 못해"" 팽팽 설전홍성대 이사장 ""억장이 무너진다…나라의 미래도 걱정"" 호소헌재, '자사고·외고 우선선발 폐지' 헌법소원 공개변론(서울=연합뉴스) 이동환 기자 = 14일 서울 종로구 헌법재판소에서 자사고 학교법인 등이 청구한 초·중등교육법 시행령 80조 1항 등에 대한 헌법소원심판 사건 공개변론이 열리고 있다. 이는 자율형사립고와 일반고를 동시 선발하고 중복지원을 금지한 것이 학교선택권 침해인지 여부를 가리기 위한 변론이다.   dhlee@yna.co.kr(서울=연합뉴스) 고동욱 기자 = 자율형사립고(자사고)가 일반고와 같은 시기에 학생을 선발하도록 한 것이 사립학교 운영의 자유와 학생의 학교 선택권을 침해한 것인지를 두고 헌법재판소에서 치열한 논쟁이 벌어졌다.헌법재판소는 14일 대심판정에서 자사고 이사장들과 자사고 지망생 등이 초·중등교육법 시행령 제80조 1항과 제81조 5항에 대해 낸 헌법소원 사건의 공개변론을 열었다.자사고 이사장들과 자사고 지망생 등으로 구성된 청구인 측에서는 ""해당 조항은 평등권과 사립학교 운영의 자유 및 학교선택권을 침해하고, 신뢰 보호의 원칙 등에도 위배되므로 위헌""이라고 주장했다.반면 이해관계인인 교육부 측에서는 ""이는 기존에 자사고가 누려오던 특혜를 제거한 것에 불과하고, 파괴되는 교육생태계를 살리려는 공익이 더 크다""고 맞섰다.[연합뉴스TV 제공]고등학교는 입시 일정에 따라 통상 8∼11월에 학생을 뽑는 전기고와 12월에 뽑는 후기고로 나뉜다. 그간 과학고·외국어고·국제고·자사고 등은 전기에, 일반고는 후기에 입시를 치러 왔다.그러나 교육부는 자사고 등이 우수한 학생을 선점해 고교서열화를 심화시킨다고 보고 시행령을 고쳐 이들 학교가 일반고와 같이 후기에 신입생을 뽑도록 했다. 또 자사고 등 지원자는 일반고에 중복 지원하지 못하도록 했다.이를 두고 청구인 측에서는 ""교육부의 개정 이유는 허구에 불과하다""고 했다.또 ""학생들이 자사고에 불합격할 경우 일반고에 받을 불이익을 두려워해 지원을 기피하게 되고, 그 결과 대규모 정원미달로 운영난을 맞는 자사고를 궤멸시키겠다는 저의가 분명하다""고 주장했다.이에 대해 교육부를 대리하는 박성철 변호사는 ""시행령 개정으로 우선 선발이라는 특혜가 제거되는 것뿐""이라며 ""궤멸론까지 내세우는 것은 지나친 과장""이라고 반박했다.박 변호사는 ""자사고의 건학 이념이던 다양성, 특성화 교육이 퇴색됐다""며 ""자사고가 우선 선발권을 토대로 우수 학생을 선점해 입시 위주의 교육과정을 꾸리고 고교서열화와 불평등을 심화시켜 교육생태계가 파괴되는 현상을 더는 외면할 수 없다는 절박한 인식에 따라 시행령을 개정한 것""이라고 설명했다.그는 ""사학의 자유가 사회와 동떨어진 일방적 자유일 수 없는 만큼 공교육 정상화라는 목적을 위해 합리적으로 제한할 수 있다""고 덧붙였다.헌재, '자사고·외고 우선선발 폐지' 헌법소원 공개변론(서울=연합뉴스) 이은정 기자 = 14일 서울 종로구 헌법재판소에서 자사고 학교법인 등이 청구한 초·중등교육법 시행령 80조 1항 등에 대한 헌법소원심판 사건 공개변론이 열리고 있다. 이는 자율형사립고와 일반고를 동시 선발하고 중복지원을 금지한 것이 학교선택권 침해인지 여부를 가리기 위한 변론이다. 왼쪽 부터 서기석, 유남석, 조용호, 이종석, 김기영 재판관.   zjin@yna.co.kr반면 청구인 측 김용균 변호사는 ""자사고의 본래 설립 목적을 제대로 구현하려면 자유롭게 학생 지원을 받아 건학 이념에 맞는 소질과 적성을 가진 학생을 일반고보다 우선 선발하도록 자율성을 보장하는 것이 최소한의 요건""이라며 ""이는 결코 특혜에 따른 반사적 이익이 아니라 엄연히 사학 운영의 자유에 속한다""고 주장했다.'수학의 정석'의 저자이기도 한 홍성대 전주 상산고 이사장도 이날 법정에 나와 ""부담을 무릅쓰고라도 내 손으로 뽑은 학생을 건학 이념에 따라 길러보자는 생각으로 15년간 460억원을 투자했는데 이제 다 필요 없게 돼 억장이 무너진다""고 호소했다.그는 ""평준화 교육의 획일성을 보완하려면 취지에 맞게 뽑을 수 있는 전형 기간 등은 줘야 하는데 그것도 주지 않고 무슨 자율성이냐""며 ""나라의 미래도 걱정""이라고 말했다.재판관들도 양측을 향해 날카로운 질문을 던지며 논쟁을 청취했다.조용호 헌법재판관은 교육부 측을 향해 ""학교의 설립·운영권은 헌법상의 기본권인데 그간 이를 근거 없이 제한하다가 자사고에 한해 철회한 것뿐이지, 그것이 특혜냐""며 ""헌법에 대한 인식이 잘못된 것 아니냐""고 따져 물었다.조 재판관은 ""자사고가 대입에서 좋은 성적을 거두는 것이 입학생들이 공부에 대한 열정이 있고, 거기에 좋은 시설 등이 도입된 결과일 수 있는 것 아니냐""는 질문도 했다.헌재, '자사고·외고 우선선발 폐지' 헌법소원 공개변론(서울=연합뉴스) 진성철 기자 = 14일 서울 종로구 헌법재판소에서 자사고 학교법인 등이 청구한 초·중등교육법 시행령 80조 1항 등에 대한 헌법소원심판 사건 공개변론이 열리고 있다. 이는 자율형사립고와 일반고를 동시 선발하고 중복지원을 금지한 것이 학교선택권 침해인지 여부를 가리기 위한 변론이다.  2018.12.14 zjin@yna.co.kr교육부 측은 ""자사고에서 우수한 학생을 선점하지 않고도 그렇다면 좋은 일이지만, 만약 그렇다면 오히려 우선 선발권을 주장할 필요가 없다""고 답변했다.유남석 헌법재판소장은 청구인 측을 향해 ""일반 사립고 역시 학생 선발의 자유를 갖는데도 후기에 학생을 받는데, 우선 선발 권리가 정상화될 근거가 있느냐""고 질의했다.또 ""학생 선발권이 과거보다 제한된 것은 맞는다고 해도, 헌법상 원래 가진 선택권이 제한됐다고 볼 수 있는지 어떻게 논증할 수 있느냐""고 묻기도 했다.이에 청구인 측에서는 ""우리나라의 평준화 정책 과정에서 중고교를 강제로 포섭하면서 일반 사립고는 권리가 포기된 상태""라며 ""자사고의 경우 그 권리가 회복된 것""이라고 답했다.헌재는 이날 변론내용을 중심으로 본격적인 심리에 돌입할 방침이다. 공개변론 이후 3개월 이내 결론을 내리는 통상적 절차에 따라 내년 3월 이전에 선고할 것으로 예상된다.sncwook@yna.co.kr▶뭐 하고 놀까? #흥▶쇼미더뉴스! 오늘 많이 본 뉴스영상▶네이버 홈에서 [연합뉴스] 채널 구독하기"
58,2018-12-14,서울택시 기본요금 3천800원 사실상 확정…1월 중순 이후 적용,https://news.naver.com/main/read.nhn?mode=LSD&mid=shm&sid1=100&oid=001&aid=0010527383,연합뉴스,"시의회 통과…심야 기본료 3천600→4천600원서울택시 기본요금 3천800원 사실상 확정(PG)[이태호 제작] 사진합성·일러스트(서울=연합뉴스) 고현실 기자 = 서울 택시 기본요금을 3천원에서 3천800원으로 올리는 안이 서울시의회 본회의를 통과했다.인상액은 이달 말 열리는 물가대책심의의원회를 통과하면 최종 확정된다. 실제 인상은 내년 1월 중순 이후 이뤄질 전망이다.서울시의회는 14일 본회의에서 서울시가 제출한 택시요금 조정계획에 대한 의견 청취안을 가결했다.인상안은 현행 3천원인 기본요금을 3천800원으로 올리고, 심야 시간대 기본요금은 3천600원에서 4천600원으로 올리는 내용을 담았다.심야 기본요금 거리는 2㎞, 할증 적용시간은 자정∼새벽 4시로 현행과 같다.서울시는 애초 심야 기본요금을 3천600원에서 5천400원으로 올리는 안을 지난달 말 시의회에 제출했지만 상임위원회인 교통위원회는 인상액을 4천600원으로 낮췄다. 기존 서울시 안보다 800원 낮아졌다.서울시는 아울러 심야 기본요금 거리를 현행 2㎞에서 3㎞로 늘리는 대신 할증 적용시간은 기존의 자정∼새벽 4시에서 밤 11시∼새벽 4시로 한 시간 연장하기로 했지만, 교통위는 시민의 부담이 과중할 것으로 판단해 받아들이지 않았다.교통위 경만선 의원은 ""할증 적용시간과 기본 거리를 늘리는 안은 단거리 승차 거부를 완화할 수 있으나 승객에게 불필요한 요금 부담을 가중할 우려가 있다""고 설명했다.서울 택시요금 인상은 26일 열리는 물가대책심의위원회를 거쳐 최종 확정된다.청취안대로 확정될 경우 기본요금은 현행 3천원에서 3천800원, 심야할증 기본요금은 3천600원에서 4천600원으로 각각 800원, 1천원씩 오른다.서울시 관계자는 ""물가대책심의위원회를 통과하면 준비 기간을 거쳐 실제 인상은 1월 중순 이후 이뤄질 전망""이라고 말했다.okko@yna.co.kr▶뭐 하고 놀까? #흥▶쇼미더뉴스! 오늘 많이 본 뉴스영상▶네이버 홈에서 [연합뉴스] 채널 구독하기"
59,2018-12-14,"여야, 17일 12월 임시국회 소집…주말, 선거제 합의 시도",https://news.naver.com/main/read.nhn?mode=LSD&mid=shm&sid1=100&oid=421&aid=0003741217,뉴스1,"임시국회 기간·안건, 선거제 합의 시도는 원내수석들이14일 오전 서울 여의도 국회 의장실에서 문희상 국회의장과 5개 교섭단체 대표들이 회동하며 논의 전 기념촬영하고 있다. 왼쪽부터 윤소하 정의당 원내대표, 장병완 민주평화당원내대표, 홍영표 더불어민주당 원내대표, 문희상 의장, 나경원 자유한국당 원내대표, 김관영 바른미래당 원내대표. 2018.12.14/뉴스1 © News1 김명섭 기자(서울=뉴스1) 박응진 기자,구교운 기자,이형진 기자,정상훈 기자 = 여야는 오는 17일부터 12월 임시국회를 소집해 각종 민생법안과 현안을 논의하기로 14일 합의했다. 더불어민주당 홍영표·자유한국당 나경원·바른미래당 김관영·민주평화당 장병완·정의당 윤소하 등 여야 5당 원내대표는 이날 오후 국회에서 회동, 이같이 합의했다.홍 원내대표는 회동 뒤 기자들과 만나 ""민생법안과 현안문제 처리 위해 임시국회를 소집하기로 했고, 나머지 의제들에 대해서는 수석들이 논의를 해서 말씀드리겠다""고 밝혔다.임시국회의 기간과 처리 법안 등 구체적인 안건들은 각 당 원내수석부대표들이 다시 머리를 맞대기로 했다.이날 오전 회동에서는 공공부문 채용비리에 관한 국정조사, 김상환 대법관 후보자 임명동의안, 국회 정치개혁특별위원회·사법개혁특별위원회 활동 기간 연장 등에 공감대를 형성한 것으로 전해졌다.다만 유치원 3법(유아교육법·사립학교법·학교급식법 개정안), 탄력근로제 단위 기간 연장법 등 일부 안건을 둘러싸고는 아직 합의를 보지 못했다.이와 함께 선거제도 개편 문제를 비롯해 바른미래당 손학규·정의당 이정미 대표의 단식 농성을 푸는 방안 등은 오는 16일까지 원내수석부대표들이 합의를 시도하기로 했다.나 원내대표는 ""(손·이 대표가) 단식을 풀기 위해 좀 더 적극적으로 추후 논의를 하기로 했지만, (오늘은) 여기에 대해 구체적인 내용까지 논의하지 못했다""고 전했다. 홍 원내대표도 ""(오늘은 진전이) 없는 것 같다""고 말했다.나 원내대표는 회동이 끝난 직후 단식 농성장인 로텐더홀을 찾았다. 이후 기자들과 만나 ""(윤 원내대표는) '빨리 단식을 풀 수 있도록 도와달라'는 취지인데 여러 상황이 복잡하게 얽혀있어 (쉽지 않지만) 최대한 노력하겠다""고 언급했다.앞서 김관영 원내대표는 선거제도 개편 문제와 관련해 나 원내대표가 오전 중 ""원포인트 권력구조 (개편안을 담은) 개헌과 선거제 개편을 함께 논의한다면 적극 검토할 수 있지 않겠나""라고 말한 데 대해 환영의 뜻을 밝혔다.김 원내대표는 ""그 부분에 관해 3당 교섭단체 대표 간 상당 부분 공감대가 형성돼있다""며 ""나 원내대표가 말한 것을 좀 더 구체적으로 의논해서, 그것도 원내대표들 간 합의하는 대상으로 넣을 수도 있다고 생각한다""고 덧붙였다.한편 원내수석부대표들은 이르면 오는 주말, 늦어도 17일까지 추가 합의사항을 발표할 것으로 보인다.pej86@news1.kr▶ 진짜 블록체인을 만나는 곳 '크립토허브' 오픈!▶ [페이스북] 바로가기!▶ 에어팟&스타벅스 커피 경품(~12/25)[© 뉴스1코리아(news1.kr), 무단 전재 및 재배포 금지]"
60,2018-12-14,"4개 국민연금 개편안 던진 정부, 공은 경사노위·국회로 ",https://news.naver.com/main/read.nhn?mode=LSD&mid=shm&sid1=102&oid=003&aid=0008963471,뉴시스,"박능후 ""국회, 경사노위와 같이 논의 끌어가지 않겠나 예측""경사노위 연금개혁 특위서 공청회·여론수렴 과정 거칠 전망【서울=뉴시스】강세훈 기자 = 정부가 14일 내놓은 4개의 국민연금 개편안은 앞으로 어떤 식으로 국민 여론 수렴을 거쳐 법제화 되는 것일까.14일 정부에 따르면 보건복지부는 다음주 초 국민연금심의위원회와 차관 회의, 그 다음주 국민회의를 거쳐 이달 말 께 4개 개편안을 국회에 제출할 계획이다.박능후 복지부 장관은 향후 일정과 관련, ""이번 주는 다 지났기 때문에 다음 주 목요일(20일) 정도에 차관회의가 예상이 되고, 그 다음주에 국민회의가 있을 것""이라며 ""그렇게 하면 12월 말 정도에는 국회에 정식으로 제출을 할 수 있을 것으로 보여진다""고 말했다.이번 정부 개편안과 별개로 사회적 대화 기구인 경제사회노동위원회(경사노위) 산하 연금개혁특위에서도 국민연금 개편안에 대한 논의가 진행 중이다.경사노위 연금개혁 특위는 운영기간을 법적으로 6개월로 두고 있고 필요할 경우 3개월 연장 가능하다. 지난 10월 말부터 운영에 들어간 연금개혁 특위는 기본적으로 내년 4월말, 최대 내년 7월말까지 운영되는 셈이다.경사노위는 현재까지 5차례 회의를 진행한 것으로 알려졌다. 정부안과 별개로 독자적인 자문안을 내놓을 예정이나 그 시기는 아직 정해지지 않았다.경사노위 연금개혁 특위 장지연 위원장은 지난 11월 초 첫 회의에서 ""정부 뒤치다꺼리나 할 수는 없다. 우리가 가지고 있는 6개월도 불충분하다""면서도 ""그 중간에 핵심 사안이 동의가 되면 그것을 토대로 합의안을 만들고 1차적인 정리를 할 수 있기 때문에 모든 결과가 6개월 후에 나오는 것은 아니다""라고 밝힌 바 있다.경사노위 1차 안이 4월 말 전에 내놓을 수도 있다는 얘기다. 정부도 경사노위 논의가 좀 더 빨라질 수 있을 것이라고 기대하고 있다.박 장관은 ""경사노위가 5차례 논의를 했는데 저희들은 공식적으로 몇 번 요청했지만 거기서(경사노위) 아무런 내용을 주지 못했다""며 ""거기에서도 아마 주려고 노력을 한 것 같은데 이번 주까지는 주지를 못했고 다만 정부안을 제시하면 경사노위 논의가 조금 더 촉발하는 계기는 충분히 될 것이라고 생각한다""고 말했다.【서울=뉴시스】정부가 국민연금 제도 개편안으로 현행유지방안과 기초연금 강화, 노후소득보장 강화 등 4개 개선안을 발표했다. 제도 조정 범위로 소득대체율은 40~50%, 보험료율은 9~13%, 기초연금은 30만~40만원 등을 제시했다. (그래픽=안지혜 기자) hokma@newsis.com경사노위가 합의에 도달한 1개안을 내놓을 지 복수안을 내놓을지는 정해지지 않았으나 정부안 4개에 더해 최소 5개안이 나오는 셈이다.국회는 정부안 등에 대한 논의를 거쳐 최종 입법 절차를 거치게 된다. 다만 경사노위 자문안이 나올때까지 기다릴 지는 미지수다.박 장관은 ""사실 국회에서 결정할 일이기 때문에 미리 예단하기 어렵긴 하지만 (국회가) 경사노위 연금개혁 특위의 (논의) 내용들을 조금 많이 고려를 하지 않을까 라고 일반적인 예상을 하고 있다""고 말했다.경사노위는 향후 국민들을 대상으로 공청회를 진행하는 등 다양한 방법으로 의견을 수렴할 방침을 세운 것으로 알려졌다.국민연금 개편 문제가 사회적 갈등 요인이 큰 문제인 만큼 국회가 경사노위 논의 결과를 수렴하지 않을 수 없을 것이란 관측도 있다.박 장관 역시 ""정부가 보고서를 제출하면 국회에서 알아서 판단할 일이긴 하지만, 혹시 논의 과정에서 경사노위 연금개혁 특위와 같이 논의를 끌어가지 않겠나 하는 예측은 해본다""고 말했다.국회 보건복지위원회 한 관계자는 ""정부안을 토대로 논의가 진행될 경우 빠르면 내년 2월 정기국회에서 국민연금 개편안이 처리될 수도 있을 것""이라고 예상했다.kangse@newsis.com▶ 뉴시스 빅데이터 MSI 주가시세표 바로가기▶ 뉴시스 SNS[페이스북][트위터]<저작권자ⓒ 공감언론 뉴시스통신사. 무단전재-재배포 금지.>"
61,2018-12-14,제주 예멘 난민 심사 완료됐지만…인프라 확충·갈등 해소 '과제',https://news.naver.com/main/read.nhn?mode=LSD&mid=shm&sid1=102&oid=003&aid=0008963609,뉴시스,"말레이시아~제주 직항으로 입도 예멘인 급증난민 수용 놓고 제주도민 찬반 논란 ‘팽팽’3차례에 걸친 심사…인정2·인도체류412·불인정56【제주=뉴시스】배상철 기자 = 난민 수용을 찬성하는 단체(사진 왼쪽)와 난민 수용을 반대하는 단체들의 집회 현장. 2018.12.14. bsc@newsis.com【제주=뉴시스】조수진 기자 = 14일 제주도로 입국해 난민 지위를 신청한 예멘인 484명에 대한 심사가 모두 완료됐다.지난 6월 제주에 들어온 예멘인이 500여명에 이른 것으로 알려지자 ‘난민 이슈’는 올 하반기 제주뿐만 아니라 전국을 뜨겁게 달궜다.지금까지 ‘난민’을 경험하지 못한 제주도는 다양한 형태의 진통을 겪고 있다. 심사는 완료됐으나 찬반 여론이 팽팽해 난민을 둘러싼 논란은 잦아들지 않을 전망이다.턱없이 부족한 난민 인프라의 확충과 난민 수용을 위한 공감대 형성은 정부 및 제주도가 풀어야 할 숙제로 남았다.◇말레이시아~제주 직항 타고 입도 예멘인 급증지난해 12월 말레이시아 쿠알라룸푸르와 제주를 잇는 직항 항공 노선이 신설되면서 제주도로 입국하는 예멘인이 급증했다.이들 대부분은 본국의 내전을 피해 말레이시아로 갔다가 체류 기간이 경과하자 무사증 제도(테러지원국을 제외한 일부 외국인에 한해 한 달 간 비자 없이 국내에 체류할 수 있는 제도)를 시행하고 있는 제주도로 대거 이동했다.제주도로 입국하는 예멘인이 급증하자 사회적 논란을 최소화하기 위해 법무부는 지난 4월30일 이들이 육지부로의 이동을 금지하는 출도 제한 조치를 실시했다. 또 제주도는 지난 6월1일 예멘을 무사증 불허국으로 지정해 예멘인의 입국을 막았다.◇난민 수용 놓고 도민 찬반 논쟁 격화제주 사회는 내전을 피해 들어온 예멘인들을 난민으로 포용해야 한다는 측과 이들이 가짜난민이라 주장하며 즉시 추방해야 한다는 측으로 양분됐다.예멘인의 난민 수용을 찬성하는 측은 국제사회 수준에 맞는 난민법상 기준을 적용해 난민 인정 비율을 높여야 한다는 입장이다.김성인 제주난민인권을 위한 범도민위원회 위원장은 “난민의 조건은 딱 하나다. (고국으로)돌아갔을 때 박해 위험의 여부”라며 “현재 예멘은 전시(戰時)상황임에 따라 생명과 신체에 대한 위협의 가능성이 있어 예멘인 누구나 난민으로 볼 여지가 있다”고 주장했다.김 위원장은 또 “난민의 문제는 난민에서만 그치지 않을 것”이라며 “난민 이슈가 해결되면 다음 차례로 이주노동자, 이슬람, 성소수자, 여성 등이 배제되고 차별당하고 소외당할 수 있다”라고 목소리를 높였다.반대 측은 난민을 검증하는 절차가 제대로 마련되지 않은 채 무분별하게 난민 신청을 받아들여 사회 불안을 조장하고 있다고 주장한다.이향 제주난민대책도민연대 사무국장은 “제주도에서 자녀를 키우는 많은 어머님들이 ‘난민 불안’에 요즘 잠을 못 이루고 있다”라며 “우리가 그들을 어떻게 받아들여야 할지 논의도 되지 않은 상태에서 도민들에게 불안감을 주는 건 옳지 않다”라고 말했다.이어 “현재의 난민법은 자국민을 위한 법인지, 소수를 위한 법인지 헷갈린다”라면서 “난민 심사 시간을 6개월에서 60일 정도로 축소하고 심사에 통과하지 못한 외국인들은 즉각 강제 추방하는 등 난민법을 개정해야 한다”고 주장했다.◇3차례에 걸친 심사…난민인정2명·인도체류412명·불인정56명【제주=뉴시스】우장호 기자 = 김도균 제주출입국·외국인청장이 14일 오전 제주시 용담3동 제주출입국·외국인청 1층 대강당에서 제주 예멘 난민신청자 심사 결과 최종 발표를 하고 있다. 이날 출입국·외국인청은 심사 결정이 내려지지 않은 85명 가운데 언론인 출신 2명은 난민인정, 50명은 인도적 체류허가, 22명은 단순 불인정하기로 결정했다. 2018.12.14. woo1223@newsis.com14일 법무부 제주출입국·외국인청(청장 김도균)은 올해 난민 지위를 신청한 예멘인 484명에 대한 최종 심사를 완료했다. 심사는 지난 9월 1차, 10월 2차 등 총 3차례에 걸쳐 진행됐다.심사 결과에 따르면 신청을 철회하거나 출국 후 재입국하지 않은 14명을 제외한 470명 중 난민 인정 2명, 인도적 체류허가 412명, 단순불인정 56명으로 결정됐다.최종 심사 결과에 대해서도 시민사회단체의 반응은 극명하게 엇갈렸다.난민인권네트워크 등 찬성 단체는 정부가 전쟁의 상황을 이해하지 못해 내린 결정이라고 주장했다.이들은 보도자료를 통해 “유엔이 인정한 최악의 인도주의적 위기 상황인 예멘으로 불인정자들을 돌려보낸다는 것은 국제법상 강제송환금지원칙을 위반하는 것”이라며 “인도적 체류 허가자 역시 이들을 국내에 정착하지 못하고 언제든 송환 위험에 놓이게 하는 비인도적 결정”이라고 비판했다.난민 수용을 반대하는 측은 난민 인정자가 발생한 데 대해 반발의 목소리를 높였다.이현영 국민을위한대안 대표는 “이번 결과는 정부가 내전이라는 상황 때문에 헌법 정신을 위반하고 난민협약에 반하는 해석”이라며 “난민 지위를 인정받은 사람들은 정부 측 언론사 기자인 것으로 알고 있다. 정치적 박해를 받고 있다고 볼 수 없다”고 주장했다.◇심사 완료됐지만…갈등 해소 등 과제 ‘산적’전문가들은 ‘난민 이슈’로 격화된 갈등을 해소하기 위해 제주도와 중앙정부가 적극 나서야 한다고 입을 모았다.신강협 제주평화인권연구소 왓 소장은 “예멘인이나 이슬람교에 대한 두려움은 그들에 대한 정보가 워낙 없다보니 일부 잘못되거나 왜곡된 정보가 퍼지면서 발생하는 것”이라며 “이제라도 우리 사회가 이슬람 문화에 대해 정확하고 객관적으로 알아가는 기회를 정부가 제공해야 한다”라고 주장했다.김성인 위원장은 “난민은 이제 (받아들이고 말고의 문제가 아닌)우리 사회의 문제로 인식해야 한다”라며 “이 과정에서 난민 수용에 반발하는 여론이 부담스러울 수 있겠지만 정치적 지도자는 큰 결단을 내려 국민을 설득해나가야 한다”고 말했다.또 예멘인들의 자립을 돕는 것은 사회적 갈등을 해소할 수 있는 방법이라고 강조한다.김 위원장은 “외국인을 수용할 수 있는 인프라가 거의 없다시피 하고 일자리가 1차산업에 집중된 제주도에서는 사회적 갈등이 생길 수밖에 없다”라며 “서울 이태원이나 경기 파주 및 안산 등과 같이 외국인 커뮤니티가 형성된다면 이들은 자연스럽게 사회에 녹아들 것”이라고 설명했다.susie@newsis.com▶ 뉴시스 빅데이터 MSI 주가시세표 바로가기▶ 뉴시스 SNS[페이스북][트위터]<저작권자ⓒ 공감언론 뉴시스통신사. 무단전재-재배포 금지.>"
62,2018-12-14,한파특보 속 맹추위 엄습…휴일엔 또 기습눈,https://news.naver.com/main/read.nhn?mode=LSD&mid=shm&sid1=103&oid=052&aid=0001229002,YTN,"[앵커]중부 곳곳에 다시 한파특보가 내려진 가운데 강력한 추위가 맹위를 떨치고 있습니다.강추위는 내일 낮부터 누그러지겠지만, 일요일에는 또 곳곳에 기습적인 함박눈이 쏟아질 것으로 보입니다.정혜윤 기자의 보도입니다.[기자]눈이 그치자마자 찾아온 강추위에 도심이 꽁꽁 얼어붙었습니다.출근길, 건물 옥상에서는 난방 연기가 모락모락 피어오릅니다.시민들은 두꺼운 겉옷에 털 목도리와 털모자를 눌러쓰고 종종걸음을 합니다.아침 기온이 전날보다 10도 이상 뚝 떨어지면서 중부 곳곳에 한파특보가 다시 내렸습니다.홍천 내면 기온이 무려 -20.4도, 대관령도 -19.9도까지 곤두박질했습니다.파주 -13.2도, 봉화 -13.5도, 의성 -12도, 서울도 -7.8도를 기록했습니다.1월 중순에 해당하는 한겨울 날씨입니다.영하 10도 안팎의 강추위는 주말 오전까지 계속되겠습니다.[추선희 / 기상청 예보분석관 : 북서쪽의 찬 대륙 고기압이 확장하여 기온이 큰 폭으로 내려가 15일(내일) 오전까지 아침 기온이 영하 10도 안팎에 머무는 곳이 많겠습니다.]토요일 낮부터 강추위는 누그러들지만 일요일에는 전국에 또 한차례 기습적인 함박눈이 내릴 전망입니다.[반기성 / 케이웨더 예보센터장 : 남부지방은 주로 비가 내리겠지만, 중부지방은 북서쪽 상층에서 한기를 동반한 눈구름이 유입되면서 낮 동안 주로 눈이 내려 쌓일 것으로 보입니다. 경기 서해안이나 강원 산간 등 많은 곳은 5cm에 가까운 눈이 오는 곳도 있겠습니다.]눈비는 일요일 오후 늦게나 밤에 그치겠고 다음 주에는 한파가 주춤하는 대신 불청객 미세먼지가 몰려올 가능성이 큽니다.YTN 정혜윤입니다.▶ YTN 개편 구독하면 총 300만원의 행운이!▶ 네이버 메인에서 YTN을 구독해주세요![저작권자(c) YTN & YTN PLUS 무단전재 및 재배포 금지]"
63,2018-12-14,"여야, 오는 17일 12월 임시국회 소집…일정은 추후논의",https://news.naver.com/main/read.nhn?mode=LSD&mid=shm&sid1=100&oid=421&aid=0003741180,뉴스1,"선거제도는 여전히 이견14일 오전 서울 여의도 국회 의장실에서 문희상 국회의장과 5개 교섭단체 대표들이 회동하며 논의 전 기념촬영하고 있다. 왼쪽부터 윤소하 정의당 원내대표, 장병완 민주평화당원내대표, 홍영표 더불어민주당 원내대표, 문희상 의장, 나경원 자유한국당 원내대표, 김관영 바른미래당 원내대표. 2018.12.14/뉴스1 © News1 김명섭 기자(서울=뉴스1) 박응진 기자,구교운 기자,이형진 기자,정상훈 기자 = 여야는 12월 임시국회를 오는 17일부터 소집하기로 14일 합의했다.더불어민주당 홍영표·자유한국당 나경원·바른미래당 김관영·민주평화당 장병완·정의당 윤소하 등 여야 5당 원내대표는 이날 오후 국회에서 회동을 갖고 이 같이 의견을 모았다.홍 원내대표는 회동 뒤 기자들과 만나 ""합의사항은 일단 17일 임시국회를 소집하기로 했다. 민생법안과 현안문제 처리 위해 임시국회를 소집하기로 했고, 나머지 의제들에 대해서는 수석들이 논의를 해서 말씀드리도록 할 것""이라고 했다.다만 12월 임시국회의 의사일정은 추후 논의하기로 했다. 임시국회에서 처리할 법안 등 안건들에 대해서도 원내수석부대표들이 다시 머리를 맞대기로 했다.이와 함께 선거제도 개편을 비롯해 바른미래당 손학규·정의당 이정미 대표의 단식 농성을 푸는 방안 등도 추후 논의하기로 했다.pej86@news1.kr▶ 진짜 블록체인을 만나는 곳 '크립토허브' 오픈!▶ [페이스북] 바로가기!▶ 에어팟&스타벅스 커피 경품(~12/25)[© 뉴스1코리아(news1.kr), 무단 전재 및 재배포 금지]"
64,2018-12-14,"여야, 오는 17일 임시국회 소집 합의",https://news.naver.com/main/read.nhn?mode=LSD&mid=shm&sid1=100&oid=421&aid=0003741148,뉴스1,"본문 내용이 없는 기사입니다.▶ 진짜 블록체인을 만나는 곳 '크립토허브' 오픈!▶ [페이스북] 바로가기!▶ 에어팟&스타벅스 커피 경품(~12/25)[© 뉴스1코리아(news1.kr), 무단 전재 및 재배포 금지]"
65,2018-12-14,'황제보석 논란' 이호진 회장 보석취소…남부구치소 수감,https://news.naver.com/main/read.nhn?mode=LSD&mid=shm&sid1=102&oid=421&aid=0003741110,뉴스1,"흡연·음주 등 보석조건 위반 논란'황제보석' 논란을 빚고 있는 이호진 전 태광그룹 회장이 12일 서초동 서울고등법원에서 특정경제범죄가중처벌등에관한법률위반(횡령) 등 항소심 1회 공판을 마치고 취재진 질문에 답하고 있다. 2018.12.12/뉴스1 © News1 박세연 기자(서울=뉴스1) 나연준 기자 = 병보석기간 중 거주지 제한 위반 및 허위진단서 의혹이 제기된 이호진 전 태광그룹 회장(56)의 보석이 취소됐다.14일 법원 등 법조계에 따르면 서울고법 형사6부(부장판사 오영준)는 이날 이 전 회장에 대해 보석을 취소했다. 이 전 회장은 서울 남부구치소에 수감된다.재판부는 Δ이 전 회장의 전체적인 건강상태가 보석결정 당시만큼 긴급한 의학적 조치가 필요한 정도가 아닌점 Δ보석결정 당시 예상됐던 공판진행의 장기화라는 사유가 소멸한 점 Δ범죄의 중대성을 감안할 때 도망의 염려가 있다고 믿을만한 충분한 이유가 있는 점 을 고려해 보석을 취소했다고 밝혔다.최근 이 전 회장은 흡연·음주를 하고 거주지와 병원 이외 장소에 출입하는 모습이 언론에 포착되면서 보석조건 위반 의혹을 받았다. 과거 보석 허가를 받는 과정에서 허위진단서를 제출했다는 주장도 제기됐다.12일 재파기환송심 첫 공판에서 이 전 회장 측 변호인은 ""(보석 관련) 특혜를 받았다고 하는데 이것은 건강한 법집행의 결과이고 불구속 재판 원칙이 실현된 결과""라며 거주지 제한 등 보석조건을 위반한 사실이 전혀 없다고 주장했다.하지만 검찰은 ""전국 교도소와 구치소에 수감된 암환자가 총 288명이고 그중 피고인과 같은 3기 환자는 16명에 이른다""며 이들도 적절한 치료를 받고 있다며 보석 취소를 재판부에 요청했다.이 전 회장은 2011년 1월 횡령·배임 등 혐의로 구속기소돼 1·2심에서 실형을 선고받았다. 단 항소심은 일부 배임 혐의를 무죄로 보고 벌금을 1심보다 20억원 적은 10억원으로 정했다.대법원은 횡령 액수를 다시 정하라는 이유로 서울고법에 사건을 되돌려보냈고 당시 파기환송심 2심은 징역 3년6개월에 벌금 6억원으로 감형했다. 두번째 상고심에서는 조세 포탈 부분이 분리 선고됐어야 한다는 이유를 들어 다시 원심을 파기했다.이 전 회장은 2011년 구속기소 이후 간암과 대동맥류질환을 이유로 구속집행이 정지됐고 이듬해 병보석으로 풀려나 7년 넘게 불구속 상태로 재판을 받고 있다.yjra@news1.kr▶ 진짜 블록체인을 만나는 곳 '크립토허브' 오픈!▶ [페이스북] 바로가기!▶ 에어팟&스타벅스 커피 경품(~12/25)[© 뉴스1코리아(news1.kr), 무단 전재 및 재배포 금지]"
66,2018-12-14,"종교적 병역거부, 첫 '무죄' 구형 이어 판결도 '무죄'",https://news.naver.com/main/read.nhn?mode=LSD&mid=shm&sid1=102&oid=023&aid=0003416191,조선일보,"전주지검, ‘양심적 병역거부자’ 사상 첫 무죄 구형종교적 신념을 이유로 입영을 거부하는 이른바 ‘종교적 병역거부자’ 5명에 대해 항소심에서 무죄가 선고됐다. 앞서 검찰은 지난 12일 종교적 병역거부 사건에서 사상 처음으로 무죄를 구형(求刑)했다.전주지법 제1형사부(재판장 박정제)는 14일 병역법 위반 혐의로 기소된 김모(20)씨 등 5명에 대한 항소심에서 징역 1년 6개월을 선고한 원심을 파기하고 무죄를 선고했다. 재판부는 ""피고인 심문과 증거자료를 종합할 때 피고인들은 여호와의 증인 신도로서 신념이 확고하고 진실해 병역법 제88조 제1항의 ‘정당함’이 있다고 본다""고 했다.전주지검에 따르면 여호와의 증인 신도 김모(20)씨 등 5명은 육군훈련소에 입영하라는 입영통지서를 받았음에도 입영을 거부한 혐의(병역법 위반)로 기소돼 지난 4월 1심에서 징역 1년 6개월을 선고받았다.그러나 지난달 1일 대법원 전원합의체가 양심적 병역거부에 대해 무죄 취지로 파기환송 판결을 내리면서 혐의를 벗게 됐다. 이후 전주지검은 지난 12일 전주지법에서 열린 항소심 결심 공판에서 원심 때와 달리 김씨 등에 대해 무죄를 구형했다.검찰은 김씨 등 5명에 대해 무죄를 구형하기에 앞서 김씨 등이 재판에서 서면을 보지 않고 즉석에서 교리를 외우는지 검증하는 등 집총을 거부하는 이유와 배경 등을 집중적으로 신문했다. 이들이 ""대체복무를 성실히 이행하겠다""는 밝힌 점도 검찰의 무죄 구형 배경이 됐다.지난 5일 대검찰청은 일선 검찰청에 ‘종교·신념에 따른 병역거부 대법원 판결 선고에 따른 조치’라는 제목의 공문을 내려보냈다. 공판, 수사 과정에서 피고인·피의자가 주장하는 병역거부 사유가 정당한지 가려내는 기준 10가지를 제시한 것이다. 대법원 전원합의체 판결이 나온 지 한달여만이었다. 전주지검 관계자는 ""대검찰청이 제시한 기준을 충분히 검토해 무죄를 구형했다""면서 ""앞으로도 이러한 기조를 유지할 방침""이라고 했다.검찰은 같은 혐의로 1심에서 실형을 선고받고 항소심을 받는 윤모(20)씨 등 2명에 대해서는 소명 부족을 이유로 변론을 재개했다. 전주지검 관계자는 ""대검이 제시한 기준에 충족하지 못한 윤씨 등에 대해서는 무죄를 구형하지 않고 재판부에 변론재개를 요청했다""고 했다.[김명진 기자bemyguest@chosunbiz.com][조선닷컴 바로가기][조선일보 구독신청하기]- Copyrights ⓒ 조선일보 & chosun.com, 무단 전재 및 재배포 금지 -"
67,2018-12-14,'황제 보석' 이호진 전 태광그룹 회장 보석 취소 결정,https://news.naver.com/main/read.nhn?mode=LSD&mid=shm&sid1=102&oid=277&aid=0004376214,아시아경제,"[아시아경제 이기민 기자]이기민 기자 victor.lee@asiae.co.kr▶ 네이버 홈에서 '아시아경제' 뉴스 확인하기▶ 재미와 신기 '과학을읽다'▶ 놀라운 '군사이야기'<ⓒ경제를 보는 눈, 세계를 보는 창 아시아경제 무단전재 배포금지>"
68,2018-12-14,청와대의 부당한 언론간섭에 제동…방송법 31년 만에 첫 유죄,https://news.naver.com/main/read.nhn?mode=LSD&mid=shm&sid1=100&oid=001&aid=0010527161,연합뉴스,"1987년 조항 신설 후 첫 적용…법원 ""관행 치부하는 왜곡된 인식 때문""이정현 'KBS 세월호 보도' 개입 의혹 (PG)[제작 조혜인](서울=연합뉴스) 이보배 기자 = 청와대 홍보수석비서관 시절 KBS의 세월호 보도에 개입한 혐의로 재판에 넘겨진 이정현(60·무소속) 의원에게 법원이 유죄를 선고하면서 제정된 지 31년이 되도록 처벌 전례가 없던 방송법을 처음 적용했다.특히 법원은 이 판결을 내리면서 오랜 기간 정치 권력이 방송 보도에 직·간접으로 관여하던 관행을 근절해야 한다는 선언적 의미를 부여해 눈길을 끌었다.서울중앙지법 형사17단독 오연수 판사는 14일 방송법 위반 혐의로 기소된 이 의원에게 징역 1년에 집행유예 2년을 선고했다.이 의원에게 적용된 법률조항은 1987년에 마련된 방송법 4조 2항이다.이에 따르면 누구든지 방송 편성에 관하여 이 법 또는 다른 법률에 의하지 아니하고는 어떠한 규제나 간섭도 할 수 없다. 이를 어길 시 2년 이하의 징역 또는 3천만원 이하의 벌금을 물린다.'KBS 세월호 보도개입' 이정현 징역 1년·집유 2년…의원직 위기 / 연합뉴스 (Yonhapnews)법원은 이 의원의 유죄를 인정하면서 이 조항을 제정한 취지를 설명했다.재판부는 ""언론의 자유는 민주주의의 기본 전제이며, 언론 중에서도 방송은 국민 여론 형성에 미치는 영향이 절대적""이라고 했다.이어 ""특정 권력이 방송 편성과 내용에 개입해 자신들의 주장과 경향성을 대중에 전달하고 여론화하는 일이 빈번하다면 국민 의사가 왜곡되고 사회 불신과 갈등이 증폭돼 민주주의 존립과 발전에 중대한 위해가 발생할 수 있다""며 ""외부세력 특히 국가권력의 간섭은 엄격히 제한돼야 한다""고 강조했다.법원은 그동안 이 조항으로 처벌받은 전례가 없었던 원인을 암암리에 자리 잡은 권력의 관행에서 찾았다.재판부는 ""아무도 이를 위반하지 않아서가 아니라 국가권력이 언제든지 쉽게 방송관계자를 접촉해 원하는 바를 요구하고 편성에 영향을 미쳐왔음에도, 이를 관행 정도로 치부하거나 나아가 본연의 업무수행으로 여기는 왜곡된 인식이 만연했기 때문으로 보인다""고 분석했다.그러면서 ""아직 한 번도 적용된 적이 없는 처벌조항을 적용하는 것은 역사적 의미가 있다""며 ""관행이란 이름으로 경각심 없이 행사된 정치 권력으로부터의 언론의 간섭이 더는 허용돼서는 안 된다는 선언""이라고 단호히 말했다.이정현 '아무 말 없이'(서울=연합뉴스) 김도훈 기자 = 청와대 홍보수석비서관 시절 KBS의 세월호 보도에 개입한 혐의로 기소된 무소속 이정현 의원이 14일 오후 서울 서초구 서울중앙지법에서 열린 1심 선고 공판에 출석하기 위해 법정으로 향하고 있다. superdoo82@yna.co.kr다만 이 의원이 첫 적용 사례란 점이 그에게 실형을 선고하기 어려운 이유라고도 밝혔다.재판부는 ""이제껏 관행적으로 이런 행위가 있었다는 사실은 방송법을 사문화해선 안 되고 적극적으로 적용해야 한다는 근거가 됨과 동시에 모순적으로 첫 적용 대상인 피고인에게 실형을 부과하기 어려운 이유가 되기도 한다""고 말했다.그러면서 ""관행으로 착각한 것이기는 하나, 관행적 행위가 존재해 피고인이 막연히 정상적인 공보 활동 범주 내라고 생각하거나 가벌성에 대해 뚜렷한 인식을 못 했던 것으로 보이기 때문""이라고 부연했다.bobae@yna.co.kr▶뭐 하고 놀까? #흥▶쇼미더뉴스! 오늘 많이 본 뉴스영상▶네이버 홈에서 [연합뉴스] 채널 구독하기"
69,2018-12-14,文정부 2기 장·차관 라인업 완료…靑 참모 물갈이도 이어질 듯,https://news.naver.com/main/read.nhn?mode=LSD&mid=shm&sid1=100&oid=001&aid=0010527108,연합뉴스,"일자리·경제비서관 등 공석…관료·현장전문가 등 벌써 하마평빈자리 순차 임명할 듯…비서진 대규모 개편은 내년 2월 이후 전망수석ㆍ보좌관회의 주재하는 문재인 대통령 [연합뉴스 자료사진](서울=연합뉴스) 임형섭 박경준 기자 = 문재인 대통령이 14일 집권 후 최대 규모 차관급 인사를 매듭짓고 집권 중반기에 대비한 행정부처 2기 장, 차관급 라인업을 사실상 끝냈다.특히 이번 인사에서 대통령 참모 3명이 부처로 이동함에 따라 공석을 메우기 위한 청와대 비서진 인사도 잇따를지 관심이 쏠린다.문 대통령은 이날 이호승 일자리기획비서관을 기획재정부 1차관으로, 차영환 경제정책비서관을 국무조정실 2차장으로, 문미옥 과학기술보좌관을 과학기술정보통신부 1차관으로 각각 임명했다.국정홍보비서관과 의전비서관 자리도 비어있어 공석이 모두 5개로 늘었다.김의겸 청와대 대변인은 브리핑에서 ""차관 인사가 거의 마무리 된 것으로 안다""며 ""청와대 비서관들의 빈자리는 준비되는 대로 순차적으로 할 것""이라고 말했다.빈 자리 다섯 곳 중에서도 이날 인사가 이뤄진 세 곳은 후임이 연내에 신속하게 정해질 것이라는 관측이 나온다.이날 차관급 대폭 인선의 취지가 가능한 한 빨리 국민이 체감할 수 있는 성과를 만들어내자는 것인 만큼, 경제 부처와 호흡을 맞출 일자리기획·경제정책 비서관이나 4차 산업혁명 및 혁신성장 관련 정책에 관여하는 과학기술보좌관 자리를 오래 비워두지 않으리라는 근거에서다.청와대는 3개 자리 모두 후보군을 압축해 막바지 검증에 주력하는 것으로 전해졌다.특히 대통령 참모들이 일선 부처로 옮긴 점을 고려, 이번에는 기재부 등 부처 출신을 청와대 비서진에 합류시켜 청와대와 부처의 소통을 강화하는 방안도 검토하는 것으로 알려졌다.관가에서는 방기선 기재부 정책조정국장이 경제정책비서관으로 발탁될 수 있다는 얘기가 흘러나오고 있다.동시에 산업 현장의 경험이 많은 외부 전문가를 기용하자는 의견도 나온다.이런 맥락에서 일자리기획 비서관 후보로 자동차산업 전문가인 이항구 산업연구원 선임연구위원의 이름도 오르내린다.과학기술보좌관직을 두고도 과기부 공무원과 외부 연구재단 인사가 최종 후보군에 포함돼 검증 받는 것으로 전해졌다.신임 차관급 16명 인사 단행(서울=연합뉴스) 문재인 대통령은 14일 차관급 16명에 대한 대규모 인사를 단행했다. 첫 번째 줄 왼쪽부터 황서종 인사혁신처장, 이호승 기획재정부 1차관, 구윤철 기획재정부 2차관, 문미옥 과학기술정보통신부 1차관. 둘째 줄 왼쪽부터 윤종인 행정안전부 차관, 김용삼 문화체육관광부 1차관, 박선호 국토교통부 1차관, 김학도 중소벤처기업부 차관. 셋째 줄 왼쪽부터 정무경 조달청장, 정문호 소방청장, 김경규 농촌진흥청장, 김진숙 행정중심복합도시건설청장. 넷째 줄 왼쪽부터 차영환 국무조정실 2차장, 이병구 국가보훈처 차장, 엄재식 원자력안전위원회 위원장, 김일재 개인정보보호위원회 상임위원.  scoop@yna.co.kr이처럼 정책 관련 비서관의 후임 인선은 이른 시일 안에 차례로 될 전망이지만, 전체 비서진의 개편 시기는 내년으로 넘어갈 것이라는 분석이 나온다.이미 김수현 정책실장을 임명하고 경제라인 비서관들을 재정비한 상황에서 다른 비서관들까지 교체한다면 자칫 국정 운영의 안정성이 흔들릴 우려가 있기 때문이다.다만 내년 2월께에는 2020년 총선 일정과 맞물려, 출마 희망자를 중심으로 청와대 비서진의 대대적 인사교체가 불가피할 것이라는 관측도 나온다.현재 청와대 비서진 중 자천타천으로 출마 예상자에 이름이 오르내리는 인사만 10여명이다.청와대 관계자는 ""내년 2월 청와대에서 나가 총선 1년 전인 4월부터 본격적으로 지역 활동을 시작하려는 출마 희망자가 많을 것""이라며 ""이 때와 맞물려 대규모 인선이나 조직개편을 할 수 있다""고 설명했다.청와대 정문[연합뉴스 자료사진]hysup@yna.co.kr▶뭐 하고 놀까? #흥▶쇼미더뉴스! 오늘 많이 본 뉴스영상▶네이버 홈에서 [연합뉴스] 채널 구독하기"
70,2018-12-14,"연내타결 무산된 한미 방위비, '협정공백' 장기화",https://news.naver.com/main/read.nhn?mode=LSD&mid=shm&sid1=100&oid=008&aid=0004147184,머니투데이,"[머니투데이 최태범  기자] [[the300]현 협정 31일로 종료, 미국 ‘대폭인상’ 요구에 접점 난항]【서울=뉴시스】사진공동취재단 = 26일 오전 서울 서초 국립외교원에서 열린 한.미 방위비 협상 제4차 회의에서 장원삼 우리측 한미방위비협상대사와 미국 측  티모시 베츠  한미방위비협상대사가 악수를 나누고 있다.  2018.06.26.  photo@newsis.com  <저작권자ⓒ 공감언론 뉴시스통신사. 무단전재-재배포 금지.>내년부터 적용될 '주한미군 방위비 분담금' 규모를 결정하기 위한 한미의 10차 협상도 빈손으로 마무리됐다. 올해 마지막 회의에서도 결론 짓지 못해 방위비분담금특별협정(SMA)의 공백이 장기화될 것이란 우려가 커진다.외교부 당국자는 14일 기자들과 만나 ""한미 양국은 11~13일간 서울에서 10차 방위비 분담금 협상을 위한 10차 회의 를 개최했다""며 ""양측은 이번 회의에서 총액과 한 두가지 쟁점을 제외한 모든 사안에 합의하고 문안을 정리했다""고 밝혔다.한미는 총액과 연 증가율, 유효기간 등 핵심 쟁점을 두고 입장차를 좁히기 위해 노력했지만 이견이 아직도 크다고 이 당국자는 설명했다.외교부 당국자는 ""총액 등과 관련한 양측 입장차로 최종 합의에 이르지 못해 우리로서는 합리적 수준에서 조속 타결될 수 있도록 상호 이해와 존중의 정신 하에 계속 미측과 긴밀 협의할 것""이라고 말했다.한미 양국은 외교채널을 통해 향후 협의일정을 논의할 예정이다. 다음 협상은 내년 초에 재개될 것으로 보인다.외교부 당국자는 연내 한미가 다시 만날 가능성에 대해 ""지금 판단으로서는 양측 대표단이 모여서 이번처럼 회의를 하는 일정은 갖기 어렵다""고 했다.정부는 당초 10월초까지 새 SMA를 타결하고 정부 내부 절차와 국회 비준동의 과정을 거쳐 내년부터 SMA를 적용한다는 계획이었다. 이를 위해 지난 3월부터 릴레이 협상을 이어왔지만 이견은 좁혀지지 않고 있다.분담금 협상의 최대 쟁점은 총액 부분이다. 이 당국자는 ""가장 (이견이) 큰 것은 총액 부분""이라며 ""입장차가 아직도 크다. 계속 좁히려 노력하는데 여의치 않다""고 말했다.상당수 문안에는 합의에 도달했지만 ‘모든 것을 합의할 때까지는 아무것도 합의한 것이 아니다’는 패키지 협의 원칙에 따라 최종 타결은 이뤄지지 못하고 있다고 외교부 당국자는 설명했다.현 협정의 유효기간은 오는 31일까지로 내년부터는 협정 공백 상황이 벌어진다. 정부는 과거 SMA 협상에서도 협정 공백 사례가 있었다는 점에서 이를 보면서 공백을 최소화하고 주한미군의 안정적인 주둔을 지원하기 위한 방안을 추진할 계획이다.외교부 당국자는 “2018년에 준해 (분담금을) 증액하고 금액 차이는 예비비를 통해 기술적인 해결방안을 찾는 것으로 알고 있다”고 설명했다.▶마사지 뭐가 달라요? Q&A▶팰리세이드, 숨겨진 기능이 있다?▶뉴스는 머니투데이최태범  기자 bum_t@mt.co.kr<저작권자 ⓒ '돈이 보이는 리얼타임 뉴스' 머니투데이, 무단전재 및 재배포 금지>"
71,2018-12-14,"경찰, '선릉역 칼부림' 20대 여성에 영장 신청",https://news.naver.com/main/read.nhn?mode=LSD&mid=shm&sid1=102&oid=052&aid=0001228944,YTN,"서울 강남경찰서는 온라인 게임을 통해 만난 사람에게 흉기를 휘두른 20대 여성에게 구속영장을 신청했습니다.A 씨는 어제 새벽 2시 10분쯤 서울 선릉역 근처에서 21살 여성 B 씨에게 여러차례 흉기를 휘두른 혐의를 받습니다.병원으로 옮겨져 수술을 받은 B 씨는 현재 일반실에서 회복 중인 것으로 전해졌습니다.경찰 조사 결과, 두 사람은 3년 전부터 온라인 게임을 함께 하며 알고 지낸 사이였던 것으로 드러났습니다.온라인상에서 남자 행세를 해온 A 씨는 피해자가 자신이 여자인 것을 알고 화를 내자 다툼 끝에 범행한 것으로 조사됐습니다.A 씨는 B 씨로부터 심한 욕설을 듣고 홧김에 범행을 저질렀다고 진술했습니다.이경국 [leekk0428@ytn.co.kr]▶ YTN 개편 구독하면 총 300만원의 행운이!▶ 네이버 메인에서 YTN을 구독해주세요![저작권자(c) YTN & YTN PLUS 무단전재 및 재배포 금지]"
72,2018-12-14,"코스피, 외인·기관 매도에 하락…기술株 '우수수'",https://news.naver.com/main/read.nhn?mode=LSD&mid=shm&sid1=101&oid=018&aid=0004272908,이데일리,"중국 경기 둔화 우려에 투자심리 위축…亞증시 부진삼성전기 6%대 하락, 삼전·하이닉스 부진…바이오도↓[이데일리 이명철 기자] 코스피지수가 3거래일만에 하락 마감했다. 미·중 무역 분쟁 완화 기대에도 중국 경기지표 부진과 유럽중앙은행(ECB)의 경제 전망 하향 조정 등의 우려가 투자심리에 영향을 줬다. 외국인과 기관은 동반 매도세에 나서 지수를 끌어내렸다.14일 마켓포인트에 따르면 코스피지수는 전일대비 1.25%(26.17포인트) 내린 2069.38로 거래를 마쳤다. 장중 2060선 초반까지 밀리기도 했으나 낙폭을 다소 줄였다.다음주 미국의 기준금리 인상 불확실성에서 ECB가 연말 양적완화 종료 계획과 함께 경제 전망을 낮추는 등 대외 불안정이 부정적으로 작용했다는 평가다. 또 중국은 지난달 고정자산투자증가율과 소매판매증가율이 전년동월대비 각각 5.9%, 8.1% 증가해 시장 예상치를 밑돌면서 경기 하강 국면 아니냐는 우려도 높아졌다. 이 시간 현재 상하이종합지수는 1% 이상 하락세를 보이고 있다. 니케이지수도 2%대 낙폭을 기록했다.전종규 삼성증권 연구원은 “중국 정부의 재정 지출 확대는 내년 상반기에 집중돼 부동산 경기는 하반기 점차 회복될 것”이라면서도 “미·중 무역협상이 실패로 나타하면 경기지표 하강 심화와 전면 경기부양이 불가피하고 금융시장 변동성도 확대될 것”이라고 진단했다.외국인과 기관은 각각 924억원, 1231억원을 순매도했다. 기관 중 투신은 524억원, 보험 426억원, 사모펀드 240억원, 은행 51억원, 금융투자 43억원을 각각 내다 팔았고 연기금등은 20억원을 사들였다. 개인은 1841억원을 순매수했다. 프로그램 매매는 차익과 비차익을 합쳐 247억원 순매수를 기록했다.업종별로는 의료정밀이 4% 가까이 떨어졌으며 이어 의약품, 전기·전자, 제조업, 서비스업, 운수장비 등 순으로 내렸다. 내수 업종인 은행과 전기가스업은 1% 이상 올랐다.시가총액 상위종목 중에서는 기술주 낙폭이 두드러졌다. 삼성전기(009150)가 6% 이상 떨어졌고 SK하이닉스(000660) 삼성SDI(006400)도 4~5%의 낙폭을 기록했다. 대장주 삼성전자(005930)는 2% 이상 내렸다. 삼성바이오로직스(207940)와 셀트리온(068270)도 회계 이슈로 하락했다. 강원랜드(035250) 코웨이(021240) 아모레퍼시픽(090430) 넷마블(251270) 등도 주가 흐름이 부진했다. 기업은행(024110) 한국전력(015760) KB금융(105560) 삼성화재(000810) KT(030200) 신한지주(055550) 등 내수 비중이 큰 업종들은 1% 이상 상승했다.개별종목 중에서는 유시민 테마주로 분류되는 보해양조(000890)가 20% 가까이 급등했다. 현금배당을 결정한 동부건설(005960)도 강세를 보였다. 반면 대종빌딩 부실시공 논란에 휘말린 남광토건(001260)은 7% 이상 내렸다.이날 거래량은 4억3954만주, 거래대금 5조5840억원으로 집계됐다. 321개 종목이 오르고 517개는 내렸다. 상한가와 하한가는 없었으며 55개 종목은 보합권에서 거래됐다.이명철 (twomc@edaily.co.kr)선착순 '5만명' 한정, KFC 쿠폰이 공짜~[오만한 이벤트▶]빡침해소! 청춘뉘우스~[스냅타임▶]총 경품 1억원! 당첨인원 5만명![경품 타가세요▶]＜ⓒ종합 경제정보 미디어 이데일리 - 무단전재 & 재배포 금지＞"
73,2018-12-14,"'선감학원' 아동인권침해 사건···인권위 ""특별법·지원방안 필요""",https://news.naver.com/main/read.nhn?mode=LSD&mid=shm&sid1=102&oid=018&aid=0004272761,이데일리,"1982년 폐쇄 전까지 총 4691명 아동들 강제수용대부분 12세 이하···강제노역에 식사 부족으로 뱀·쥐 먹기도인권위 ""피해자들 후유증 호소···특별법 제정 및 지원방안 모색해야""서울 중구 국가인권위원회 전경.(사진=인권위)[이데일리 신중섭 기자] 국가인권위원회(인권위)가 과거 국가기관의 아동인권침해 사건인 ‘선감학원’ 사건과 관련해 특별법 제정 및 피해자들을 위한 다양한 지원이 시급하다는 의견을 국회의장과 정부에 전달했다.인권위는 선감학원 아동인권침해사건 진상규명과 피해생존자 구제를 위해 국회의장에게 현재 계류 중인 진실·화해를 위한 과거사정리 기본법 일부개정법률안을 개정하거나 특별법 제정이 바람직하다는 의견을 표명했다.또 행정안전부장관과 경기도지사에게는 현재 고령과 질병, 경제적 빈곤 등에 시달리고 있는 피해자들을 관련 법안 마련 전이라도 지원방안 모색 추진이 바람직하다는 의견을 표명했다.선감학원은 일제강점기 군인 양성을 목적으로 경기도 안산 선감도에 설립됐으나 해방 이후에는 국가 부랑아 정책에 따라 부랑아 강제 수용 시설로 사용됐다. 1955년부터 1982년 폐쇄 전까지 총 4691명의 아동들이 복장이 남루하거나 행동이 불량하고 주소를 모른다는 이유로 선감학원에 강제 수용됐다.당시 선감학원 수용 아동들은 대부분 12세 이하로 염전·농사·축산·양잠·석화 양식 등 강제노역에 시달린 것으로 조사됐다. 피해자의 증언에 따르면 꽁보리밥, 강냉이밥과 소금, 간장, 젓갈 등이 식사로 나왔으나 이마저도 절대적으로 부족해 아동들이 열매, 들풀, 곤충, 뱀, 쥐 등을 먹는 과정에서 사고를 당하기도 했다.피해자들은 공통적으로 선감학원 종사자 및 다른 아동에 의한 상습적인 폭행·성폭행이 심했다고 증언했다. 이들은 현재도 신체·정신적 트라우마로 후유증을 호소하고 있다.한편 인권위는 오는 17일 오후 2시 서울 중구 인권위 인권교육센터(11층)에서 이재정 더불어민주당 의원, 선감학원아동피해대책협의회와 공동으로 ‘선감학원 사건 특별법 제정 및 피해자 지원대책 마련 토론회’를 연다.토론회에는 △선감학원 관련 특별법 제정 의의와 활동방향 △선감학원 피해생존자 주요실태 및 현안 △선감학원 문제해결을 위한 경기도 지원 및 대책 과제 △국가인권위원회 의견표명 결정의 경과와 주요내용 등이 발표된다.지정토론자로는 정진각 안산지역사연구소 소장, 김민환 한신대학교 교수, 한일영 선감학원 피해생존자, 한종선 형제복지원 피해생존자 등이 참여한다.이 날 토론회는 사전 신청 없이 누구나 참여 가능하다.신중섭 (dotori@edaily.co.kr)선착순 '5만명' 한정, KFC 쿠폰이 공짜~[오만한 이벤트▶]빡침해소! 청춘뉘우스~[스냅타임▶]총 경품 1억원! 당첨인원 5만명![경품 타가세요▶]＜ⓒ종합 경제정보 미디어 이데일리 - 무단전재 & 재배포 금지＞"
74,2018-12-14,'재정안정보단 노후보장'…국민연금 개편안 입법 순항할까,https://news.naver.com/main/read.nhn?mode=LSD&mid=shm&sid1=100&oid=001&aid=0010526424,연합뉴스,"2020년 총선·2022년 대선 등 선거일정으로 공전 우려보험료율 인상 줄였지만 12~13% 결정 땐 '부담 가중' 반발 가능성국민연금 개편 ""노후소득 보장""vs""재정안정 우선"" (CG)[연합뉴스TV 제공](서울=연합뉴스) 서한기 기자 = 정부가 국민연금을 더 내고 더 받게 하거나 기초연금을 올리는 방안으로 노후소득보장을 강화하는 방향의 국민연금 개편안 4가지를 오랜 진통 끝에 내놓았지만, 입법과정은 순탄치 않을 것으로 보인다.정부는 그간 국민연금 개편 논의가 있을 때마다 ""기금이 고갈된다""는 식의 공포감 조성으로 국민연금 고유의 노후소득보장 기능이 약화했던 점을 고려해 이번 방안에서는 제도 지속가능성 등의 재정안정론과는 의도적으로 멀찌감치 거리를 두려고 했다.기금고갈론으로 국민연금에 대한 불신과 불안이 커지는 등 의도치 않은 부작용이 생긴 점을 반영해서다.그 대신 정부는 이번 방안에서 국민연금 소득대체율 상향과 사각지대 해소, 기초연금 강화, 퇴직연금과 주택연금 등까지 포괄하는 다층노후소득보장체계 구축을 통해 노후보장에 방점을 찍었다.국민연금 보험료 9%→9~13% 추진…정부, 4개 개편안 마련 / 연합뉴스 (Yonhapnews)기초연금과 국민연금 등의 조합으로 최소한 월 100만원 안팎의 실질 급여를 제공해 1인 노인 가구가 은퇴 후에 필요한 최소생활비(월 95만∼108만원)를 충당할 수 있게 한다는 것이다.정부는 이번 최종안에서 보험료 인상 폭은 어떻게든 최소화하거나 올리더라도 소득대체율을 상향 조정해 노후보장 수준을 높이는 방식으로 보험료 인상에 대한 국민의 거부감을 완화하는 데 집중했다.즉 소득대체율을 현행 40%에서 45∼50%로 올려서 노후보장을 강화하면 이를 재정적으로 뒷받침하는 범위에서 현행 보험료율(9%)을 12∼13%로 3∼4%포인트 정도 올리는 방안을 제시했다.◇ 월 300만원 직장인 보험료 현재 월 13만5천원 유지 또는 18만∼19만5천원으로 올라정부는 공적 연금개혁을 하는 과정에서 그간 재정 안정화에 초점을 뒀던 데서 벗어나 이번에 공적연금으로 노후 최저소득을 보장하는 데 힘쓰면서 되도록 보험료를 올리지 않는 쪽으로 방향을 잡았다.정부가 제시한 4가지 개편안 중 2가지 방안이 보험료율을 현행(9%)에 그대로 묶어둔 점에서 어떻게든 보험료 인상을 피해가려는 정부의 의도를 엿볼 수 있다.국민정서상 보험료 인상에 대한 거부감을 반영해서다. 자칫 재정안정을 도모한다고 덜컥 보험료 인상안을 내놓았다가 정권의 지지도에 악영향을 줄 수 있는 부분을 고려한 것으로 보인다.특히 이런 방안을 내놓은 데는 지난 11월 7일 보험료 대폭 인상 쪽에 무게를 실은 정부 초안을 보고받은 문재인 대통령이 ""'국민 눈높이'에 맞지 않는다""며 전면 재검토를 지시한 게 상당한 영향을 줬을 것이라는 분석이다.이렇게 보험료 인상카드는 현실화의 가능성이 낮은 편이지만 소득대체율을 40%에서 45∼50%로 올리되 보험료율을 9%에서 2021년부터 1% 포인트씩 올려서 2031년이나 2036년에 12∼13%로 올리는 방안이 실현될 경우 국민연금 가입자가 피부로 느끼는 부담은 커진다.이를테면 월급 300만원을 받는 직장인은 지금은 보험료율이 9%이기에 본인과 회사가 각각 절반씩 부담해 월 13만5천원을 내고 있지만, 단계적 보험료율 인상안(12∼13%)이 채택되면 본인과 회사는 각각 월 18만∼19만5천원을 내야 한다.국민연금 종합운영계획안 설명하는 박능후 보건복지부 장관(서울=연합뉴스) 정하종 기자 = 박능후 보건복지부 장관이 14일 오전 정부서울청사 별관에서 제4차 국민연금 종합운영계획안을 설명하고 있다.  chc@yna.co.kr◇ 공은 국회로…난항 겪을 듯정부는 앞으로 국민연금 개편 정부안을 국민연금심의위원회와 국무회의 심의, 의결을 거쳐서 12월말 국회에 제출할 예정이다.연금제도 개혁은 정부 개편안과는 별도로 사회적 논의기구인 경제사회노동위원회(경사노위) 등에서 사회적 논의를 거쳐 나온 개편방안 등과 합쳐져 국회의 문턱을 넘어야 한다.반드시 국민연금법을 개정해야 하기 때문이다.따라서 실제 연금개편을 둘러싼 사회적 논의는 국회에서 본격적으로 이뤄진다.하지만 입법화 과정은 순탄하지 않을 것으로 보인다.연금개혁은 아무도 반기지 않는 인기 없는 작업이다. 그렇기에 여론에 민감한 여야 정치권이 정치적 이해관계로 개혁방안에 합의하지 못하면서 표류하지 않겠느냐는 우려가 큰 게 사실이다.특히 2020년 총선과 2022년 대선을 앞둔 정치일정을 고려할 때 정치권이 연금개혁에 주저하며 머뭇거리는 게 아니냐는 걱정이 흘러나오고 있다.노후소득보장 강화와 재정안정이란 두 마리 토끼를 잡으려면 기성세대와 현세대, 미래세대가 서로 고통 분담을 해야 하는데 이런 고차원 방정식을 푸는 게 여간 어렵지 않기 때문이다.실제로 그간 1997년 1차, 2008년 2차 등 연금개혁 때마다 누구도 고양이 목에 방울을 달려고 하지 않아 연금개혁은 소득대체율을 낮추거나 수급연령을 뒤로 늦추는 식의 땜질 처방에 그쳤다.국민연금 개편안 발표(PG)[이태호, 정연주 제작] 사진합성·일러스트shg@yna.co.kr▶뭐 하고 놀까? #흥▶쇼미더뉴스! 오늘 많이 본 뉴스영상▶네이버 홈에서 [연합뉴스] 채널 구독하기"
75,2018-12-14,"""비판여론 의식?"" VS ""국제사회 의식?""…난민 인정 엇갈린 시각",https://news.naver.com/main/read.nhn?mode=LSD&mid=shm&sid1=102&oid=421&aid=0003740653,뉴스1,"예멘인 2명 난민 인정에 찬성측 ""너무 적다""반성측 ""예멘-반군 휴전 합의했는데 굳이 왜""김도균 제주출입국외국인청장이 14일 제주시 용담동 제주외국인출입국청 1층 강당에서 예멘 난민 신청자에 대한 심사결과 브리핑을 하고 있다. 김 창장은 브리핑에서 난민 신청자 484명 중 2명을 난민으로 인정한다고 밝혔다.2018.12.14/뉴스1 © News1 이석형 기자(제주=뉴스1) 안서연 기자,오미란 기자 = 법무부가 14일 제주 예멘 난민 신청자 2명에 대해 난민 지위를 인정한 것을 놓고 난민 찬반 단체의 반응이 엇갈리고 있다.김성인 제주난민인권을위한범도민위원회 위원장은 이날 뉴스1과의 통화에서 ""(난민 인정자가) 너무 조금 나왔다. 우리나라가 난민 인정률이 낮다고 하지만 0.4%는 너무 조금 아니냐""며 ""정부가 반대 여론을 의식해서 너무 엄격하게 결정을 한 것 같아 안타깝다""고 말했다.김 위원장은 이어 ""인정자나 불인정자, 인도적 체류 허가자 모두 직업이 다를 수 있지만 그들이 돌아가야하는 예멘의 상황은 같다""며 ""안전을 보장받을 수 없다고 하면 모두가 똑같은 결과가 나와야 마땅하다""고 주장했다.김 위원장은 ""정부의 지금까지 관행을 보면 독특한 스토리가 있거나 객관적으로 입증할만한 직업인 기자나 정치적 지도자 위주로 (난민 인정이) 나온다""며 ""전쟁이나 정치적 억압 환경 속에서 제일 많이 피해를 보는 건 이름 없는 소시민들인데 이들은 소시민들이기 때문에 특별히 증명할 게 없는 것""이라고 피력했다.이어 ""4·3 때도 보면 이름 없는 민초들이 많이 죽지 않았느냐""면서 ""정부가 난민을 반대하는 사람들에게 설득력을 높이기 위해 고학력자나 엘리트 위주로 난민 인정 허가를 내준 것 같다""고 바라봤다.그러면서 ""국민 반대 여론을 의식해서 정당하게 보호받아야 할 사람들이 보호받지 못한 결과""라며 ""이의신청 과정에서는 좀 완화해서 난민으로 인정받는 결과가 나왔으면 좋겠다""고 바랐다.김도균 제주출입국외국인청장이 14일 제주시 용담동 제주외국인출입국청 1층 강당에서 예멘 난민 신청자에 대한 심사결과 브리핑을 하고 있다. 김 창장은 브리핑에서 난민 신청자 484명 중 2명을 난민으로 인정한다고 밝혔다.2018.12.14/뉴스1 © News1 이석형 기자반면 반대 측은 테러 등 각종 범죄로 인한 공공 안전 위협을 우려하며 난민 지위 인정의 불필요성과 난민 지위 인정 기준의 모호성 등을 지적하고 있다.이향 제주난민대책도민연대 사무총장은 뉴스1과의 통화에서 ""예멘 정부와 반군 후티가 휴전하기로 합의한 상태에서 우리 세금을 낭비해 가며 난민 지위를 굳이 인정해 줄 필요가 있었는지 의문""이라며 ""국제사회의 비판을 의식한 보여주기식 조치""라고 주장했다.이 사무총장은 이어 ""우리나라의 경우 인도적 체류허가자에 대해서도 출도제한 해제 등 거의 난민 인정자에 준하는 대우를 해 주고 있다""면서 ""굳이 우리나라 세금을 더 낭비하면서 난민 지위를 인정할 필요는 없지 않느냐""고 주장했다.이 사무총장은 ""당장 프랑스에서도 이슬람 테러리스트들의 총격 테러가 자행되고 있다""며 ""이번 난민 지위 인정으로 더 많은 난민들이 제주로 몰려올 텐데 무비자 지역인 제주는 여전히 별다른 안전 대책을 세우지 않고 있다""고 우려했다.이 단체는 이날 오후 3시 제주도의회 도민의 방에서 기자회견을 열고 정부에 난민 지위 철회를 촉구할 예정이다.한편 이날 법무부 제주출입국·외국인청은 올해 제주에 난민 신청을 낸 예멘인 484명 중 0.4%인 2명에 대해서만 난민 지위를 인정했다.이들은 언론인 출신으로 후티반군 등에 비판적인 기사 등을 작성해 납치·살해협박 등을 당했으며 향후에도 박해 가능성이 높다고 판단했다.인도적 체류 허가는 412명, 단순 불인정은 56명, 출국 등으로 인해 심사 대상에서 제외된 자는 14명이다.asy0104@news1.kr▶ 진짜 블록체인을 만나는 곳 '크립토허브' 오픈!▶ [페이스북] 바로가기!▶ 에어팟&스타벅스 커피 경품(~12/25)[© 뉴스1코리아(news1.kr), 무단 전재 및 재배포 금지]"
76,2018-12-14,"코스피 外人·기관 매도에 2,070선 내줘…코스닥 2% 급락",https://news.naver.com/main/read.nhn?mode=LSD&mid=shm&sid1=101&oid=001&aid=0010526995,연합뉴스,"하락 마감한 코스피(서울=연합뉴스) 정하종 기자 = 코스피가 26.17포인트 하락한 2,069.38로 장을 마감한 14일 오후 서울 중구 KEB 하나은행 딜링룸에서 한 딜러가 전광판 앞을 지나고 있다. chc@yna.co.kr(서울=연합뉴스) 임은진 기자 = 코스피가 14일 외국인과 기관의 '쌍끌이 매도'에 2,060대로 하락했다.이날 코스피는 전 거래일보다 26.17포인트(1.25%) 내린 2,069.38로 거래를 마쳤다.지수는 0.09포인트(0.00%) 오른 2,095.64에서 출발했으나 곧이어 하락 반전한 뒤 낙폭을 키웠다.미국은 물론 중국의 소비둔화 우려까지 커지면서 투자심리를 위축시킨 영향으로 풀이된다.중국 국가통계국에 따르면 중국의 11월 소매 판매 증가율은 15년여 만에 최저 수준으로 낮아졌다.이영곤 하나금융투자 연구원은 ""국내 증시는 글로벌 경기 둔화와 브렉시트(영국의 유럽연합 탈퇴) 관련 불확실성으로 하락했다""며 ""여기에 정보기술(IT) 업황 둔화에 대한 경계 심리 확산으로 시가총액 상위 IT주가 큰 폭의 약세를 보였다""고 설명했다.유가증권시장에서는 개인이 1천839억원어치를 순매수했다. 반면 외국인과 기관은 각각 924억원, 1천231억원을 순매도했다.시가총액 상위주 가운데는  삼성전자(-2.63%)와 SK하이닉스(-5.65%), 셀트리온(-4.37%), 삼성바이오로직스(-4.51%), 현대차(-1.69%) 등이 하락했다.시총 상위 10위권 내에서는 POSCO(0.20%)와 한국전력(1.56%)만 올랐다.업종별로는 은행(1.24%), 전기가스(1.01%), 건설(0.61%) 등이 강세를 보였고 의료정밀(-3.95%), 의약품(-3.46%) 등은 약세였다.코스피 하락 마감(서울=연합뉴스) 정하종 기자 = 코스피가 26.17포인트 하락한 2,069.38로 장을 마감한 14일 오후 서울 중구 KEB 하나은행 딜링룸에서 딜러들 업무에 한창이다.  chc@yna.co.kr코스닥지수는 전장보다 15.44포인트(2.26%) 내린 666.34로 마감했다.지수는 0.87포인트(0.13%) 내린 680.91로 출발해 우하향 곡선을 그렸다.코스닥시장에서도 개인은 1천928억원어치를 사들였지만 외국인과 기관은 각각 1천288억원, 707억원을 순매도했다.시총 상위주는 셀트리온헬스케어(-3.98%), 신라젠(-2.23%), CJ ENM(-1.81%) 등 대부분 하락했다.engine@yna.co.kr▶뭐 하고 놀까? #흥▶쇼미더뉴스! 오늘 많이 본 뉴스영상▶네이버 홈에서 [연합뉴스] 채널 구독하기"
77,2018-12-14,6·13 지방선거 당선자 139명 재판에…이재명·원희룡 등 포함,https://news.naver.com/main/read.nhn?mode=LSD&mid=shm&sid1=100&oid=001&aid=0010526952,연합뉴스,"검찰, 선거사범 수사결과…교육감 3명·기초단체장 36명 등'돈 선거' 줄고 가짜뉴스 살포 등 '거짓말 선거' 늘어국회의원 재보궐선서 사범, 당선자 1명 포함 총 19명 기소[연합뉴스TV 제공](서울=연합뉴스) 이지헌 박초롱 기자 = 제7회 6·13 지방선거에서 당선된 광역단체장 4명과 교육감 3명이 재판에 넘겨졌다.14일 대검찰청에 따르면 전국 일선 검찰청은 6·13 지방선거 사범 공소시효(6개월)가 만료된 지난 13일까지 광역단체장 당선자 중 입건된 11명 가운데 4명을 공직선거법 위반 등 혐의로 기소했다.기소된 광역자치단체장은 이재명 경기지사와 원희룡 제주지사, 권영진 대구시장, 송하진 전북지사다.이재명 ""정의는 빛을 발할 것…저는 자랑스러운 민주당원"" / 연합뉴스 (Yonhapnews)노옥희 울산교육감, 강은희 대구교육감, 김승환 전북교육감 등 교육감 3명과 기초단체장 36명을 포함해 지방선거에서 선거법을 위반한 혐의로 기소된 당선자는 총 139명이다.기초단체장 중에선 이정훈 서울 강동구청장, 박겸수 서울 강북구청장, 백군기 경기 용인시장, 황천모 경북 상주시장, 송도근 경남 사천시장 등이 기소됐다.낙선자를 포함한 총 입건자는 4천207명이었다. 구속기소자 56명을 포함해 총 1천809명이 재판에 넘겨졌다.4년 전 있었던 제6회 지방선거와 비교하면 공직선거법 위반 혐의로 입건된 전체 인원은 5.5% 감소하고, 구속 인원은 157명에서 56명으로 64.3% 줄었다.그간 공직선거법 위반 혐의로 구속된 이들의 상당수가 '돈 선거' 혐의를 받아왔는데, 금품선거 사범 비율 자체가 감소하면서 구속 인원도 줄었다.입장 밝힌 이재명 지사(수원=연합뉴스) 홍기원 기자 = 이재명 경기도지사가 11일 오후 경기도 수원시 경기도청에서 검찰의 수사결과 발표 관련 입장을 밝힌 후 청사로 들어가고 있다.검찰은 이날 공직선거법상 허위사실공표 등 혐의를 받는 이 지사를 기소하고 부인 김 씨는 불기소 처분했다. 2018.12.11xanadu@yna.co.kr(끝)금품선거 사범이 감소한 반면 여론조사 조작 사범은 크게 늘었다.제7회 지방선거에선 가짜뉴스, 음해성 헛소문 등 허위 사실을 유포하는 '거짓말 선거' 혐의로 입건된 사람이 1천457명(34.6%)으로 가장 많았다. 4년 전 같은 혐의로 입건된 사람이 1천295명(29.1%)이었는데, 4년 새 162명 늘었다.단순한 의혹 제기, 다소의 과장이나 풍자적 표현, 후보자 검증 차원의 발언 등 허위 사실로 보기 어려운 사안에 대한 후보자 간 고소·고발이 이어져 거짓말 선거사범 비율이 증가하는 것으로 분석된다.'돈 선거' 혐의로 입건 된 사람이 825명(19.6%)으로 그 뒤를 이었으며 여론조사 조작이 244명(5.8%), 공무원 선거개입이 99명(2.4%), 부정 경선운동은 85명(2.0%)이었다.검찰 기소 인원은 지난 지방선거 때 2천349명(기소율 52.8%)에서 1천809명(기소율 43.0%)으로 줄었다. 후보자 사이 고소·고발이 빈번해짐에 따라 상대적으로 기소율이 낮은 거짓말 선거사범 비율이 늘었기 때문이다.원희룡 ""검찰 기소 '무리'""…사전선거운동 혐의 재판 출석 / 연합뉴스 (Yonhapnews)입장 밝히는 원희룡 제주지사(제주=연합뉴스) 박지호 기자 = 공직선거법 위반 혐의를 받는 원희룡 제주지사가 13일 제주지법에서 열린 첫 재판에 출석하며 입장을 밝히고 있다. 2018.12.13jihopark@yna.co.kr(끝)제7회 지방선거와 같은 날 치러진 국회의원 재보궐 선거와 관련해선 더불어민주당 이규희(천안갑) 의원 등 당선자 1명을 포함해 총 19명이 기소됐다.기소된 당선자 중 광역단체장 1명, 기초단체장 3명, 기초의원 20명 등 24명이 이미 1심 판결을 선고받았다.자신의 치적을 홍보하고 현직 군수를 비판해달라는 취지로 지역신문사 창간 지원금 5천만원을 제공한 혐의로 기소된 이윤행 함평군수와 경선 전 불법 당원 모집 혐의로 기소된 김삼호 광주 광산구청장은 1심에서 각각 당선 무효형에 해당하는 징역 1년과 징역 1년 2개월을 선고받은 상태다.당선자의 경우 공직선거법 위반 혐의로 징역형이나 100만원 이상의 벌금형을 받으면 당선이 무효가 된다. 또 선거사무장이나 회계책임자, 당선자 배우자 등이 징역형이나 300만원 이상의 벌금형을 받으면 당선자가 직을 상실하게 된다.검찰 관계자는 ""당선자 등 중요 선거사범에 대해 철저히 공소를 유지하겠다""며 ""향후 선거사범 수사 과정에선 검찰시민위원회 등 선거사건 수사 및 처분에 대한 신뢰를 높일 수 있는 방안을 지속적으로 시행하겠다""고 밝혔다.공직선거법 위반 혐의 이재수 춘천시장 ""국민참여재판 받겠다  / 연합뉴스 (Yonhapnews)chopark@yna.co.kr▶뭐 하고 놀까? #흥▶쇼미더뉴스! 오늘 많이 본 뉴스영상▶네이버 홈에서 [연합뉴스] 채널 구독하기"
78,2018-12-14,"문대통령 ""징용손배 판결 존중, 개인청구권 소멸 아니라고 본것""",https://news.naver.com/main/read.nhn?mode=LSD&mid=shm&sid1=100&oid=001&aid=0010526871,연합뉴스,"일한의원연맹 접견…""삼권분립 확고해 정부로선 판결 존중해야 하는 상황""""화해치유재단 기능·활동 없어 해산…10억엔 용도 활용 협의하자""""시간 갖고 해법 모색…과거사·미래관계는 별개, 국민감정 자극 않게 절제 필요""누카가 후쿠시로 한일의원연맹 회장과 악수하는 문 대통령(서울=연합뉴스) 배재만 기자 = 문재인 대통령이 14일 오전 청와대서 한일의원연맹 합동총회를 위해 방한한 누카가 후쿠시로 한일의원연맹 회장(오른쪽)을 비롯한 대표단과 인사를 나누고 있다. scoop@yna.co.kr(서울=연합뉴스) 이상헌 기자 = 문재인 대통령은 14일 일제 강제징용 피해자들에 대한 지난달 대법원의 배상 판결과 관련, ""이번 대법원 판결은 한일 기본협정을 부정하는 것은 아니다""라며 ""다만 기본협정은 유효하지만, 노동자 개인이 일본 기업에 대해 청구한 손해배상 청구권까지 소멸한 건 아니라고 본 것""이라고 말했다.문 대통령은 이날 오전 청와대에서 일한의원연맹 대표단을 접견한 자리에서 누카가 후쿠시로(額賀福志郞) 회장이 ""화해치유재단 해산, 징용공 판결 등에 대한 한국의 적절한 조치와 대응책을 기대한다""며 이에 대한 의견을 묻자 이같이 밝혔다고 고민정 청와대 부대변인이 전했다.문 대통령, 日의원들에게 ""개인청구권 소멸하지 않았다""/ 연합뉴스 (Yonhapnews)문 대통령은 ""강제징용 노동자 문제는 사법부의 판결로, 일본도 그렇듯 한국도 삼권분립이 확고해 한국 정부는 이를 존중해야 하는 상황""이라고 설명한 뒤 ""한국 정부는 충분한 시간을 갖고 정부 부처와 민간, 전문가들이 모여 해법을 모색해 나갈 계획""이라고 덧붙였다.문 대통령은 ""이 문제에 대해 양 국민의 적대 감정을 자극하지 않도록 신중하고 절제된 표현이 필요하다""며 ""양국 간의 우호 정서를 해치는 것은 한일 미래관계 발전에 도움이 되지 않는다""고 지적했다.문 대통령, '한일의원연맹 대표단'(서울=연합뉴스) 배재만 기자 = 문재인 대통령이 14일 오전 청와대에서 한일의원연맹 합동총회를 위해 방한한 누카가 후쿠시로 한일의원연맹 회장을 비롯한 일본 대표단과 강창일 한국 측 회장을 비롯한 한국 대표단과 만나 얘기를 나누고 있다.  scoop@yna.co.kr문 대통령은 화해치유재단 문제에 대해선 ""오래전부터 활동·기능이 정지됐고 이사진들도 거의 퇴임해 의결기능도 어려운 상태""라며 ""아무 활동이 없는 상태에서 운영과 유지비만 지출돼 오던 터라 재단을 해산했고, 잔여금과 10억엔은 원래 취지에 맞게 적합한 용도로 활용되도록 양국이 협의해 나갔으면 한다""고 말했다.문 대통령은 ""과거사를 직시하며 문제를 해결하는 것과 양국 간 미래지향적 발전 관계는 별개로 진행돼야 한다는 점에는 취임 때부터 지금까지 변함없다""며 한일 간 미래지향적 관계가 지속할 수 있도록 노력해달라고 당부했다.아울러 ""한일 양국이 국교 정상화 이후 다양한 분야에서 협력관계를 발전시켜왔다. 역사를 직시하며 미래 지향적인 관계를 만든 것은 양국과 양 국민의 노력 덕분""이라며 ""양국 정치 지도자들이 양 국민의 우호적 정서를 촉진·장려해야 한다""고 했다.이에 시이 가즈오(志位和夫) 고문은 ""징용공 문제 본질은 식민지배로 인한 인권 침해에 있다""며 ""양국은 피해자 명예·존엄 회복을 위해 노력해야 한다""고 말했다.그는 ""청구권 협정에서 청구권 문제는 해결됐다 해도 개인 청구권이 소멸하지 않았다는 것은 최근 일본 정부도 국회 심의 답변에서 답변한 바 있다""며 ""그런 차원에서 양국이 전향적으로 계속 노력해 나갔으면 한다""고 덧붙였다.얘기 나누는 김현철 경제보좌관과 누카가 후쿠시로 한일의원연맹 회장(서울=연합뉴스) 배재만 기자 = 청와대 김현철 경제보좌관(가운데)과 누카가 후쿠시로 한일의원연맹 회장(오른쪽)이 14일 오전 청와대에서 열린 한일의원연맹 대표단 접견에서 얘기를 나누고 있다. 왼쪽은 가와무라 다케오 간사장. 2018.12.14 scoop@yna.co.kr누카가 회장은 ""개인청구권이 소멸하지 않았다는 데 대해서는 일본 정부도 인정하고 있다""며 ""이것은 외교 보호권을 포기했다는 인식도 있기에 이 부분에 대해서는 한일 양국 정부가 서로 확인할 필요가 있다""고 언급했다.이어 누카가 회장은 ""문 대통령의 북미·남북 간 정상회담을 위한 중재자 역할을 높이 평가한다""며 한미일·한일 등 일본과의 소통 필요성을 강조했다.이에 문 대통령은 ""한반도의 비핵화와 평화 프로세스에 대해 일본과 긴밀히 협력해 나가야 한다는 생각엔 변함없다""며 ""아베 총리와 회담·통화나 특사 파견 등을 통해 협의해 왔고 앞으로도 그럴 것이다. 일본도 한반도 평화에 대해 적극적인 지지를 부탁한다""고 당부했다.청와대 관계자는 ""누카가 회장은 아베 총리와도 관련 대화를 나누고 왔다고 얘기했다""며 ""아베 총리의 별도 메시지는 없었지만, (오늘 접견은) 우리도 저쪽도 한일관계가 조속한 시일 내에 정리되길 바라는 분위기였다""고 전했다.문 대통령, 한일의원연맹 대표단 접견(서울=연합뉴스) 배재만 기자 = 문재인 대통령이 14일 오전 청와대에서 한일의원연맹 합동총회를 위해 방한한 누카가 후쿠시로 한일의원연맹 회장을 비롯한 일본 대표단과 강창일 한국 측 회장을 비롯한 한국 대표단과 만나 얘기를 나누고 있다.scoop@yna.co.kr한편, 일본 교도통신은 이날 접견 소식을 전하면서 문 대통령과 일본 측 참석자들이 한반도의 비핵화 실현에 한일 양국과 미국이 연대하는 것에 의견 일치를 봤다며 문 대통령이 북한의 일본인 납치 문제에 대해 ""언젠가 북한과 일본이 회담할 것""이라고 말했다고 보도했다.접견에는 일본 측에서는 가와무라 다케오(河村建夫) 간사장, 아이사와 이치로(逢澤一郞) 부회장, 나카타니 겐(中谷元) 부회장, 가즈오 고문, 나카가와 마사하루(中川正春) 운영위원장, 다케시타 와타루(竹下亘) 상임간사 등 13명의 연맹 소속 인사들과 나가미네 야스마사(長嶺安政) 주한일본대사가 참석했다.우리 측에서는 한일의원연맹의 강창일 회장, 김광림 간사장, 윤호중 사회문화위원장, 박정호 사무총장을 비롯해 청와대 국가안보실의 정의용 실장, 남관표 2차장, 신재현 외교정책비서관, 김현철 경제보좌관 등이 자리했다.문 대통령, 한일의원연맹 대표단과 크리스마스트리 앞 기념촬영(서울=연합뉴스) 배재만 기자 = 문재인 대통령이 14일 오전 청와대에서 한일의원연맹 합동총회를 위해 방한한 누카가 후쿠시로 한일의원연맹 회장을 비롯한 일본 대표단과 강창일 한일의원연맹 회장을 비롯한 한국 대표단을 접견한 뒤 크리스마스트리 앞에서 기념촬영을 하고 있다.  scoop@yna.co.krhoneybee@yna.co.kr▶뭐 하고 놀까? #흥▶쇼미더뉴스! 오늘 많이 본 뉴스영상▶네이버 홈에서 [연합뉴스] 채널 구독하기"
79,2018-12-14,미쓰비시 근로정신대 3차 소송 항소심도 '승소',https://news.naver.com/main/read.nhn?mode=LSD&mid=shm&sid1=102&oid=001&aid=0010526923,연합뉴스,"2차 소송 이어 3차서도 ""청구권 시효 살아있다""전범기업에 물은 배상책임 '또 승리'(광주=연합뉴스) 정회성 기자 = 일본 미쓰비시중공업을 상대로 3차 손해배상 청구 소송을 제기한 일제 강제노역 피해자의 유족 이경자 씨(가운데)가 14일 오후 광주 동구 지산동 광주지방법원 청사 앞에서 만세를 외치고 있다. 3차 소송 항소심 재판부는 1심에 이어 이날 미쓰비시의 배상 책임을 인정했다.  hs@yna.co.kr(끝)(광주=연합뉴스) 장아름 기자 = 근로정신대 피해자들이 일본 미쓰비시중공업을 상대로 제기한 손해배상 청구 소송에서 또다시 승소했다.일제강점기 조선여자근로정신대에 동원돼 강제 노역한 피해자와 유가족의 소송은 1·2·3차로 나뉘어 진행 중인데 앞서 1·2차에 이어 이날 3차 소송에서도 미쓰비시의 배상 책임이 인정됐다.광주지법 민사항소2부(김성곤 부장판사)는 14일 강제 동원된 김영옥(86)씨와 최정례(1944년 사망.당시 17살)씨의 조카며느리 이경자(75)씨가 미쓰비시중공업을 상대로 낸 손해배상 소송 항소심에서 피고의 항소를 기각했다.1심 재판부는 2015년 5월 제기된 이 소송에 대해 지난해 9월 김씨와 이씨에게 각각 1억2천만원과 325만여원(상속분 기준)의 위자료를 지급하라고 원고 일부 승소 판결을 했다.'미쓰비시는 배상하라' 항소심 또 승소(광주=연합뉴스) 정회성 기자 = 일본 미쓰비시중공업을 상대로 3차 손해배상 청구 소송을 제기한 일제 강제노역 피해자의 유족 이경자 씨가 14일 오후 광주 동구 지산동 광주지방법원 청사 앞에서 근로정신대 할머니와 함께하는 시민모임 회원들과 기자회견을 하고 있다. 3차 소송 항소심 재판부는 1심에 이어 이날 미쓰비시의 배상 책임을 인정하는 판결을 했다. 2018.12.14hs@yna.co.kr(끝)항소심 재판부는 2차 소송 재판부와 마찬가지로 1965년 한일청구권 협정에 개인 간의 청구권과 책임은 포함되지 않았다고 판단한 2012년 대법원 판단을 존중하고, 원고들이 최근에서야 권리를 행사할 수 있게 돼 청구권 소멸 시효 기산점을 지난 10월 30일로 봐야 한다고 밝혔다.재판부는 ""한일청구권 협정에 불법적인 식민 지배와 침략 전쟁 수행에 동참한 반인도적 행위까지 일일이 개인의 의사를 묻지 않고 포함할 수 없다""고 밝혔다.재판부는 ""권리를 행사할 여건이 아닌데 시간만 갔다고 소멸 시효가 완성됐다고 볼 수 없다""며 ""지난 10월 30일 신일본제철 강제징용 피해자에 대한 대법원 전원합의체 판결이 난 후에야 원고들의 권리 장애 사유가 해소됐다""고 설명했다.불법 행위로 인한 손해배상 청구 시 손해를 알게 된 날로부터 3년, 불법 행위를 알게 된 날로부터 10년 내에 청구해야 하는데 2012년 대법원판결이 파기 환송 건이라 청구 권리가 확정되지 않았고 이후에도 시효를 놓고 논란이 지속해 원고가 권리를 행사하기 어려운 상황이었다는 것이다.양금덕(90)씨 등 1차 소송 원고 5명도 앞서 지난달 29일 대법원에서 승소 판결을 확정받았다.김재림(88)씨 등 4명이 참여한 2차 소송은 2014년 2월 제기됐으며 지난 5일 항소심에서 1심과 마찬가지로 원고 일부 승소 판결을 받았다.일제 강제동원 피해자 '다시 한번 승리'(광주=연합뉴스) 정회성 기자 = 일본 미쓰비시중공업을 상대로 3차 손해배상 청구 소송을 제기한 일제 강제노역 피해자의 유족 이경자 씨(가운데)가 14일 오후 광주 동구 지산동 광주지방법원 청사 앞에서 만세를 외치고 있다. 3차 소송 항소심 재판부는 1심에 이어 이날 원고 일부 승소 판결을 했다. 2018.12.14hs@yna.co.kr(끝)법정에 출석한 이경자씨는 선고가 끝나자 ""대한민국 만세""를 외쳤다.이씨는 기자회견을 통해 ""제가 300만원이 필요해서 이 소송을 했겠습니까? 사죄받고 명예 회복하고 싶습니다""라며 죽은 어린 딸에게 미안해 이불도 덮지 못하고 잠들던 시할머니와 돌아가신 고모님, 이제 하늘나라로 승천하세요""라고 말했다.근로정신대 할머니와 함께 하는 시민모임 등은 근로정신대 및 강제징용 피해자들의 추가 소송 문의가 이어지고 있어 이를 검토하고 미쓰비시 측의 판결 이행을 위해 강제집행 등 실효성 있는 방법을 일본 나고야 소송지원회 등과 모색할 방침이다.areum@yna.co.kr▶뭐 하고 놀까? #흥▶쇼미더뉴스! 오늘 많이 본 뉴스영상▶네이버 홈에서 [연합뉴스] 채널 구독하기"
80,2018-12-14,이정현 '세월호 보도개입' 1심 유죄…확정시 의원직 상실,https://news.naver.com/main/read.nhn?mode=LSD&mid=shm&sid1=102&oid=421&aid=0003740721,뉴스1,"1심 집행유예 ""관행이라며 간섭""…방송법 적용 첫처벌청와대 홍보수석 시절 KBS의 세월호 보도에 개입한 혐의로 재판에 넘겨진 이정현 무소속 의원 © News1 허경 기자(서울=뉴스1) 윤지원 기자 = 세월호 참사 당시 한국방송공사(KBS) 김시곤 보도국장에게 전화해 '해양경찰청 비판 기사'를 뉴스에서 빼달라고 압력을 가한 혐의로 재판에 넘겨진 이정현 의원(무소속·61)이 징역형의 집행유예를 선고받았다. 방송법 위반 혐의가 유죄로 인정된 첫 사례다.서울중앙지법 형사17단독 오연수 판사는 14일 방송법 위반 혐의로 기소된 이 의원에게 징역 1년에 집행유예 2년을 선고했다. 이 의원은 이 같은 금고 이상의 형이 확정되면 의원직을 상실한다. 앞서 검찰은 징역 1년을 구형했다.오 판사는 ""이 의원의 행위는 홍보수석 지위에서 이뤄진 행위로서 김 전 국장은 대통령 뜻이 반영된 것으로 받아들일 수밖에 없다""며 ""사적으로 부탁한 것일 뿐이라거나 영향을 미칠 의도가 없었다는 주장은 이유없다""고 말했다.오 판사는 ""보도자료를 내거나 해명자료를 내는 등 공식적이고 정상적 방법을 선택하지 않았다""며 세월호 실종자 구조 작업에 영향을 미칠까 우려해 보도 자제를 요청한 것이므로 위법성이 조각된다는 이 의원 측 주장도 받아들이지 않았다.오 판사는 방송법 4조 2항이 제정된 이래 이 의원을 제외한 기소나 처벌이 전무했었던 점에 대해 ""이것은 아무도 이 조항을 위반하지 않아서가 아니라 국가권력이 쉽게 방송관계자를 접촉해 영향을 미쳤음에도 이를 관행으로 치부했기 때문""이라고 지적했다.그러면서 ""관행이란 이름으로 국가권력이 언론에 관여하는 행위가 계속되는 것이야 말로 시스템의 낙후성을 드러내는 것""이라며 ""여전히 이 의원은 이것이 왜 잘못인지 몰라 진지한 반성도 하지 않고 있다""고 덧붙였다.이 의원은 2014년 4월21일 KBS가 세월호 참사와 관련해 정부와 해경의 대처를 비판하는 보도를 이어가자 김 전 국장에게 전화해 ""해경이 잘못한 것처럼 몰아간다"" ""10일 후에 어느 정도 정리된 뒤에 하라""고 항의하면서 편집에 개입한 혐의를 받는다.yjw@news1.kr▶ 진짜 블록체인을 만나는 곳 '크립토허브' 오픈!▶ [페이스북] 바로가기!▶ 에어팟&스타벅스 커피 경품(~12/25)[© 뉴스1코리아(news1.kr), 무단 전재 및 재배포 금지]"
81,2018-12-14,6·13 지방선거 당선자 139명 재판에…광역단체장 4명 포함,https://news.naver.com/main/read.nhn?mode=LSD&mid=shm&sid1=100&oid=001&aid=0010526724,연합뉴스,"대검 선거사범 수사결과 발표…교육감 3명·기초단체장 36명 등'돈 선거' 줄고 가짜뉴스 살포 등 '거짓말 사범' 늘어[연합뉴스TV 제공](서울=연합뉴스) 이지헌 박초롱 기자 = 제7회 6·13 지방선거에서 당선된 광역단체장 4명과 교육감 3명이 재판에 넘겨졌다.14일 대검찰청에 따르면 전국 일선 검찰청은 6·13 지방선거 사범 공소시효(6개월)가 만료된 지난 13일까지 광역단체장 당선자 중 입건된 11명 가운데 4명을 공직선거법 위반 등 혐의로 기소했다.기소된 광역자치단체장은 이재명 경기지사와 원희룡 제주지사, 권영진 대구시장, 송하진 전북지사다.노옥희 울산시교육감, 강은희 대구교육감 등 교육감 3명과 기초단체장 36명 등을 포함해 지방선거에서 선거법을 위반한 혐의로 기소된 당선자는 총 139명이다.낙선자를 포함한 총 입건자는 4천207명이었으며 구속기소자 56명을 포함해 총 1천809명이 재판에 넘겨졌다.4년 전 있었던 제6회 지방선거와 비교하면 공직선거법을 위반 혐의로 입건된 전체 인원은 5.5% 감소하고, 구속 인원은 157명에서 56명으로 64.3% 줄었다.그간 공직선거법 위반 혐의로 구속되는 이들의 상당수가 '돈 선거' 혐의를 받아왔는데, 금품선거 사범 비율 자체가 감소하면서 구속 인원도 줄었다.입장 밝힌 이재명 지사(수원=연합뉴스) 홍기원 기자 = 이재명 경기도지사가 11일 오후 경기도 수원시 경기도청에서 검찰의 수사결과 발표 관련 입장을 밝힌 후 청사로 들어가고 있다.검찰은 이날 공직선거법상 허위사실공표 등 혐의를 받는 이 지사를 기소하고 부인 김 씨는 불기소 처분했다. 2018.12.11xanadu@yna.co.kr(끝)입장 밝히는 원희룡 제주지사(제주=연합뉴스) 박지호 기자 = 공직선거법 위반 혐의를 받는 원희룡 제주지사가 13일 제주지법에서 열린 첫 재판에 출석하며 입장을 밝히고 있다. 2018.12.13jihopark@yna.co.kr(끝)금품선거 사범이 감소한 반면 여론조사 조작 사범은 크게 늘었다.제7회 지방선거에선 가짜뉴스, 음해성 헛소문 등 허위 사실을 유포하는 '거짓말 선거'를 한 혐의로 입건된 사람이 1천457명(34.6%)으로 가장 많았다.제6회 지방선거 때는 같은 혐의로 입건된 사람 수가 1천295명(29.1%)이었는데, 4년 새 162명 늘었다.단순한 의혹 제기, 다소의 과장이나 풍자적 표현, 후보자 검증 차원의 발언 등 허위 사실로 보기 어려운 사안에 대한 고소·고발이 이어져 거짓말 선거사범 비율이 증가하는 것으로 분석된다.'돈 선거' 혐의로 입건 된 사람이 825명(19.6%)으로 그 뒤를 이었으며 여론조사 조작이 244명(5.8%), 공무원 선거개입이 99명(2.4%), 부정 경선운동은 85명(2.0%)이었다.검찰 기소 인원이 지난해 2천349명(기소율 52.8%)에서 1천809명(기소율 43.0%)으로 줄어든 것은 후보자 사이 고소·고발이 빈번하고, 이에 따라 상대적으로 기소율이 낮은 거짓말 선거사범 비율이 증가한 점이 영향을 미쳤다.제7회 지방선거와 같은 날 치러진 국회의원 재보궐 선거와 관련해선 당선자 1명을 포함해 총 19명이 기소됐다.chopark@yna.co.kr▶뭐 하고 놀까? #흥▶쇼미더뉴스! 오늘 많이 본 뉴스영상▶네이버 홈에서 [연합뉴스] 채널 구독하기"
82,2018-12-14,이정현 '세월호 보도개입' 유죄…확정시 의원직 상실,https://news.naver.com/main/read.nhn?mode=LSD&mid=shm&sid1=102&oid=421&aid=0003740721,뉴스1,"1심 집행유예 ""관행이라며 간섭""…방송법 적용 첫처벌청와대 홍보수석 시절 KBS의 세월호 보도에 개입한 혐의로 재판에 넘겨진 이정현 무소속 의원 © News1 허경 기자(서울=뉴스1) 윤지원 기자 = 세월호 참사 당시 한국방송공사(KBS) 김시곤 보도국장에게 전화해 '해양경찰청 비판 기사'를 뉴스에서 빼달라고 압력을 가한 혐의로 재판에 넘겨진 이정현 의원(무소속·61)이 징역형의 집행유예를 선고받았다. 방송법 위반 혐의가 유죄로 인정된 첫 사례다.서울중앙지법 형사17단독 오연수 판사는 14일 방송법 위반 혐의로 기소된 이 의원에게 징역 1년에 집행유예 2년을 선고했다. 이 의원은 이 같은 금고 이상의 형이 확정되면 의원직을 상실한다. 앞서 검찰은 징역 1년을 구형했다.오 판사는 ""이 의원의 행위는 홍보수석 지위에서 이뤄진 행위로서 김 전 국장은 대통령 뜻이 반영된 것으로 받아들일 수밖에 없다""며 ""사적으로 부탁한 것일 뿐이라거나 영향을 미칠 의도가 없었다는 주장은 이유없다""고 말했다.오 판사는 ""보도자료를 내거나 해명자료를 내는 등 공식적이고 정상적 방법을 선택하지 않았다""며 세월호 실종자 구조 작업에 영향을 미칠까 우려해 보도 자제를 요청한 것이므로 위법성이 조각된다는 이 의원 측 주장도 받아들이지 않았다.오 판사는 방송법 4조 2항이 제정된 이래 이 의원을 제외한 기소나 처벌이 전무했었던 점에 대해 ""이것은 아무도 이 조항을 위반하지 않아서가 아니라 국가권력이 쉽게 방송관계자를 접촉해 영향을 미쳤음에도 이를 관행으로 치부했기 때문""이라고 지적했다.그러면서 ""관행이란 이름으로 국가권력이 언론에 관여하는 행위가 계속되는 것이야 말로 시스템의 낙후성을 드러내는 것""이라며 ""여전히 이 의원은 이것이 왜 잘못인지 몰라 진지한 반성도 하지 않고 있다""고 덧붙였다.이 의원은 2014년 4월21일 KBS가 세월호 참사와 관련해 정부와 해경의 대처를 비판하는 보도를 이어가자 김 전 국장에게 전화해 ""해경이 잘못한 것처럼 몰아간다"" ""10일 후에 어느 정도 정리된 뒤에 하라""고 항의하면서 편집에 개입한 혐의를 받는다.yjw@news1.kr▶ 진짜 블록체인을 만나는 곳 '크립토허브' 오픈!▶ [페이스북] 바로가기!▶ 에어팟&스타벅스 커피 경품(~12/25)[© 뉴스1코리아(news1.kr), 무단 전재 및 재배포 금지]"
83,2018-12-14,"문대통령 ""징용 손배 판결 존중, 개인 청구권 소멸 아니라는 것""",https://news.naver.com/main/read.nhn?mode=LSD&mid=shm&sid1=100&oid=001&aid=0010526681,연합뉴스,"일한의원연맹 측 접견…""삼권분립 확고해서 정부로선 판결 존중해야 하는 상황""""시간 갖고 해법 모색…양국민 감정 자극 않게 절제 필요""한일의원연맹 일본 대표단과 인사 나누는 문 대통령(서울=연합뉴스) 배재만 기자 = 문재인 대통령이 14일 오전 청와대서 한일의원연맹 합동총회를 위해 방한한 누카가 후쿠시로 한일의원연맹 회장(왼쪽 두 번째)을 비롯한 대표단과 인사를 나누고 있다. 2018.12.14  scoop@yna.co.kr(서울=연합뉴스) 이상헌 기자 = 문재인 대통령은 14일 일제 강제징용 피해자들에 대한 지난달 대법원의 배상 판결과 관련, ""이번 대법원판결은 한일 기본협정을 부정하는 것은 아니다""라며 ""다만 기본협정은 유효하지만 노동자 개인이 일본 기업에 대해 청구한 손해배상 청구권까지 소멸한 건 아니라고 본 것""이라고 말했다.문 대통령은 이날 오전 청와대에서 누카가 후쿠시로(額賀福志郞) 회장 등 일한의원연맹 대표단을 접견한 자리에서 ""강제징용노동자 문제는 사법부의 판결로, 일본도 그렇듯 한국도 삼권분립이 확고해 한국 정부는 이를 존중해야 하는 상황""이라며 이같이 밝혔다고 고민정 청와대 부대변인이 서면 브리핑에서 전했다.문 대통령, 日의원들에게 ""개인청구권 소멸하지 않았다""/ 연합뉴스 (Yonhapnews)문 대통령은 ""한국 정부는 충분한 시간을 갖고 정부 부처와 민간, 전문가들이 모여 해법을 모색해 나갈 계획""이라고 언급했다.또 ""이 문제에 대해 양 국민의 적대 감정을 자극하지 않도록 신중하고 절제된 표현이 필요하다""며 ""양국 간의 우호 정서를 해치는 것은 한일 미래 관계 발전에 도움이 되지 않는다""고 지적했다.honeybee@yna.co.kr▶뭐 하고 놀까? #흥▶쇼미더뉴스! 오늘 많이 본 뉴스영상▶네이버 홈에서 [연합뉴스] 채널 구독하기"
84,2018-12-14,찬바람에 체감 '뚝'…주말까지 강추위,https://news.naver.com/main/read.nhn?mode=LSD&mid=shm&sid1=103&oid=422&aid=0000351990,연합뉴스TV,"[날씨] 찬바람에 체감 '뚝'…주말까지 강추위[앵커]곳곳에 한파특보가 내려지며 추운 날씨를 보이고 있습니다.주말인 내일까지도 춥겠습니다.지금 청계천에 기상캐스터 나가있는데요.연결해보겠습니다.김지은 캐스터, 지금도 많이 춥나요?[캐스터]네, 많이 춥습니다.사실 지난번 겪었던 한파 생각하면 이 정도는 별거지 않나, 이렇게 생각하실 수 있는데요.지금 찬 바람이 강하게 불어오고 있어서 서울의 체감온도는 영하 3도선까지 내려가 있습니다.오늘 종일 이처럼 바람이 강하게 불면서 체감온도를 크게 끌어내리겠습니다.현재 서울 외에도 인천의 기온 영하 1.5도인데 바람 때문에 체감온도 영하 5.3도까지 떨어져 있고 전주나 대구, 광주 등 남부지방도 체감하는 정도는 영하에 가깝습니다.지금 계속해 강원도 산간에 한파경보가, 그 외 강원과 경기 북부, 일부 충북과 경북 내륙에 한파주의보 발효 중이고요.건조주의보도 내려져 있습니다.서울과 동해안, 부산과 울산, 대구에 발효 중입니다.이번 강추위는 주말인 내일 아침까지 이어지겠고 낮부터 서서히 풀리겠습니다.단 내일은 수도권을 중심으로 미세먼지 농도가 높을 것으로 보여서 나들이 시 꼭 확인을 해 줘야겠고요.일요일인 오전에 서해안부터 비나 눈이 내리기 시작해서 오후에는 전국으로 확대되겠습니다.대다수 눈으로 내릴 가능성이 높습니다.찬 바람이 불면 무척 춥지만 이곳 청계천은 크리스마스 분위기가 물씬 느껴지고 있습니다.이 분위기에 취해서라도 추위를 조금이나마 달랬으면 좋겠습니다.날씨 전해드렸습니다.(김지은 기상캐스터)연합뉴스TV 기사문의 및 제보 : 카톡/라인 jebo23▶ 연합뉴스TV 네이버 채널 구독▶ 생방송 시청▶ 대한민국 뉴스의 시작, 연합뉴스TV 앱 다운받기"
85,2018-12-14,중국이 콩을 '미·중 무역전쟁의 화해 선물'로 선택한 까닭은,https://news.naver.com/main/read.nhn?mode=LSD&mid=shm&sid1=101&oid=081&aid=0002963704,서울신문,"[서울신문]중국이 미국과의 90일 간 무역전쟁 휴전에 들어간 이후 첫 선물로 대두(大豆·콩)를 선택했다. 미국의 첨단 제조업 제품이나 보잉 여객기처럼 부가가치가 높고 덩치가 큰 품목이 아닌 콩 수입을 가장 먼저 재개한 중국의 이유에 관심이 쏠린다.중국이 12일 무역전쟁 화해 제스처로 미국산 대두 수입을 시작했다. 사진은 중국 장쑤성 난퉁시에서 수입산 대두를 하역하는 모습. 차이나데일리 홈페이지 캡처영국 파이낸셜타임스(FT) 등에 따르면 중국은 미국산 대두에 보복관세를 부과한지 5개월여 만인 12일(현지시간) 콩 수입을 재개해 24시간 동안 150만~200만t의 물량을 사들였다. 미국 대두수출위원회는 이날 중국이 주문한 물량은 내년 1분기 선적될 것이라고 밝혔다. FT는 콩이 미·중 관계에서 매우 중요한 부분을 차지하고 있다고 지적했다.중국은 콩과 해바라기씨 등 기름을 짤 수 있는 오일시드(Oilseed) 부문에서 세계 최대 소비국인 동시에 최대 수입국이다. 대두는 식용유와 기름을 짜낸 뒤의 콩깻묵이 돼지 등 가축사료의 주요 원료 중 하나다. 특히 다양한 식품 가격에 영향을 주는 콩 수급에 차질을 빚으면 당장 물가가 크게 오르는 부정적인 효과가 있는 탓에 서민 생활이 불안정해지는 만큼 시진핑(習近平) 정권의 안정과도 밀접한 관계가 있는 현안이다.중국은 미국과의 무역전쟁 일환으로 지난 7월부터 미국산 콩에 25%의 추가 관세를 부과했다. 이에 따라 미국의 대두 수입선이 막혀 상대적으로 가격이 비싼 브라질 등 남미산 의존도가 커지는 바람에 중국은 인플레이션 위기에 놓이게 됐다. 돼지는 중국이 식탁에서 빼놓을 수 없는 필수 식재료이다. 콩 수입이 급감하면서 돼지고기 사료값이 큰 폭으로 뛰면서 돼지고기 값도 덩달아 수직 상승하는 통에 중국인들의 불만이 나날이 높아지고 있는 상황이다. 중국은 지난 4~9월 6개월간 매달 콩 가격이 전년 수준을 크게 웃돌았다. 그 여파로 지난 10월 돼지고기 가격은 6개월 전보다 40%나 치솟았다. 중국이 미국과의 무역전쟁이 휴전에 들어가자마자 곧바로 콩 수입에 나선 것은 그동안 대두 보복 관세로 중국도 커다란 고통을 받았다는 증거인 셈이다.미국 입장에서도 콩은 ‘귀하신 몸’이다. 미국의 대중국 수출에서 콩은 핵심 농산물이다. 지난해 중국이 사들인 대두 규모는 금액 기준으로 120억 달러(약 13조 5000억원)에 이른다. 미국 대두 수출의 57%를 차지하고 있는데 그 다음으로 많이 수입하는 멕시코보다 8배 이상 많다. 그러나 중국의 보복관세 부과로 올해 1~10월 미국의 대중국 콩 수출 규모는 전년 같은 기간보다 62%나 곤두박질쳤다. 이 때문에 트럼프 대통령의 2016년 대선 승리에 결정적인 역할을 했던 중서부 농업지역인 ‘팜벨트’ 농민의 민심이 사나워질 수 있는 것이다. 트럼프 대통령은 11일 로이터통신과의 인터뷰에서 “중국이 엄청난 양의 대두를 사들이기 시작했다”며 반색한 것도 이런 연유에서다.콩은 강대국들의 무역전쟁에서 빠지지 않는 전략 무기였다. 중국의 미국산 콩 수입이 증가하게 된 계기는 1980년대 초로 거슬러 올라간다고 일본 니혼게이자이신문이 설명했다. 당시 지미 카터 미 행정부가 옛소련에 농산물 금수조치를 취하자 미국 농가가 수요가 급증하고 있는 아시아 시장 쪽으로 눈을 돌린 것이다. 2000년대 들어서는 경제발전으로 소득 수준이 높아진 중국에서 돼지 등 가축사료용 대두 수요가 급증한 덕분에 미국의 콩 수출은 급속히 확대됐다. 지난해 중국의 대두 수입량은 세계무역기구(WTO) 가입 당시인 2001년보다 7배나 폭발적으로 증가했다.하지만 일각에서는 중국이 미국산 콩 수입을 재개했지만 예전만큼 수입량이 회복될 수 있을지 지켜봐야 한다는 신중론이 강하다. 중국이 미국산 대두에 부과했던 25%의 관세를 여전히 유지하고 있는 데다 중국 기업들의 상당수가 이미 콩 수입선을 브라질과 아르헨티나 등 남미지역 등으로 옮겼기 때문이다. 더군다나 90일간 휴전이 끝나지 않은 상황이어서 내년 연초 열릴 예정인 미·중 무역협상에서 얘기가 잘 안될 경우 중국의 미국산 콩 수입 재개가 번복될 수 있다는 불확실성도 존재한다. 중국 동남부 푸젠(福建)성 샤먼(厦門)의 한 콩 수입업자는 중국 관영 글로벌타임스를 통해 “25% 관세 부과 때문에 현재 미국산 대두를 수입하지 않고 있고 앞으로 계획도 없다”며 “현재 브라질에서 수입하고 있는 대두가 꽤 괜찮고 아르헨티나에서도 콩을 수입할 예정”이라고 말했다. 또 다른 대두 수입업자 역시 “즉각적으로 미국산 콩 수입을 재개하기 보다는 상황을 좀 더 지켜보고 나서 결정할 것”이라며 “90일 간의 휴전이 중간에 깨질 경우 자칫하다간 수입한 미국산 대두가 통관을 못하고 묶일 수도 있다”고 우려했다.김규환 선임기자 khkim@seoul.co.kr▶채널 구독하고, 따뜻한 시간 보내세요(기프티콘 증정)▶ [인기 무료만화] [페이스북]ⓒ 서울신문(www.seoul.co.kr), 무단전재 및 재배포금지"
86,2018-12-14,미쓰비시 근로정신대 1·2차 이어 3차 소송 항소심도 '승소',https://news.naver.com/main/read.nhn?mode=LSD&mid=shm&sid1=102&oid=001&aid=0010526614,연합뉴스,"전범기업에 물은 배상책임 '또 승리'(광주=연합뉴스) 정회성 기자 = 일본 미쓰비시중공업을 상대로 3차 손해배상 청구 소송을 제기한 일제 강제노역 피해자의 유족 이경자 씨(가운데)가 14일 오후 광주 동구 지산동 광주지방법원 청사 앞에서 만세를 외치고 있다. 3차 소송 항소심 재판부는 1심에 이어 이날 미쓰비시의 배상 책임을 인정했다.  hs@yna.co.kr(광주=연합뉴스) 장아름 기자 = 근로정신대 피해자들이 일본 미쓰비시중공업을 상대로 제기한 손해배상 청구 소송에서 또다시 승소했다.일제강점기 조선여자근로정신대에 동원돼 강제 노역한 피해자와 유가족의 소송은 1·2·3차로 나뉘어 진행 중인데 앞서 1·2차에 이어 이날 3차 소송에서도 미쓰비시의 배상 책임이 인정됐다.광주지법 민사항소2부(김성곤 부장판사)는 14일 강제 동원된 김영옥(86)씨와 최정례(1944년 사망.당시 17살)씨의 조카며느리 이경자(75)씨가 미쓰비시중공업을 상대로 낸 손해배상 소송 항소심에서 피고의 항소를 기각했다.1심 재판부는 2015년 5월 제기된 이 소송에 대해 지난해 9월 김씨와 이씨에게 각각 1억2천만원과 326만여원(상속분 기준)의 위자료를 지급하라고 원고 일부 승소 판결을 했다.재판부는 ""지난 10월 30일 신일본제철 강제징용 피해자에 대한 대법원 전원합의체 판결이 난 후에야 원고들이 권리를 행사하는 데 있어 장애 사유가 해소됐다""며 ""피고의 청구권 소멸 시효 완성 주장은 받아들일 수 없다""고 밝혔다.양금덕(90)씨 등 1차 소송 원고 5명도 앞서 지난달 29일 대법원에서 승소 판결을 확정받았다.김재림(88)씨 등 4명이 참여한 2차 소송은 2014년 2월 제기됐으며 지난 5일 항소심에서 1심과 마찬가지로 원고 일부 승소 판결을 받았다.'미쓰비시는 배상하라'(광주=연합뉴스) 정회성 기자 = 일본 미쓰비시중공업을 상대로 3차 손해배상 청구 소송을 제기한 일제 강제노역 피해자의 유족 이경자 씨가 14일 오후 광주 동구 지산동 광주지방법원 청사 앞에서 근로정신대 할머니와 함께하는 시민모임 회원들과 기자회견을 하고 있다. 3차 소송 항소심 재판부는 1심에 이어 이날 미쓰비시의 배상 책임을 인정하는 판결을 했다.  hs@yna.co.krareum@yna.co.kr▶뭐 하고 놀까? #흥▶쇼미더뉴스! 오늘 많이 본 뉴스영상▶네이버 홈에서 [연합뉴스] 채널 구독하기"
87,2018-12-14,'세월호 보도개입 의혹' 이정현 의원 1심 '집행유예',https://news.naver.com/main/read.nhn?mode=LSD&mid=shm&sid1=102&oid=421&aid=0003740634,뉴스1,"이정현 의원 © News1 성동훈 기자(서울=뉴스1) 윤지원 기자 = 세월호 참사 당시 한국방송공사(KBS)의 김시곤 보도국장에게 전화해 '해양경찰청 비판 기사'를 뉴스에서 빼달라고 압력을 가한 혐의로 재판에 넘겨진 무소속 이정현 의원(61·전남 순천)이 징역형의 집행유예를 선고받았다.서울중앙지법 형사17단독 오연수 판사는 14일 방송법 위반 혐의로 기소된 이 의원에게 징역 1년에 집행유예 2년을 선고했다. 앞서 검찰은 징역 1년을 구형했다.이 의원은 2014년 4월21일 KBS가 세월호 참사와 관련해 정부와 해경의 대처를 비판하는 보도를 이어가자 김 전 국장에게 전화해 ""해경이 잘못한 것처럼 몰아간다"" ""10일 후에 어느 정도 정리된 뒤에 하라""고 항의하면서 편집에 개입한 혐의를 받는다.yjw@news1.kr▶ 진짜 블록체인을 만나는 곳 '크립토허브' 오픈!▶ [페이스북] 바로가기!▶ 에어팟&스타벅스 커피 경품(~12/25)[© 뉴스1코리아(news1.kr), 무단 전재 및 재배포 금지]"
88,2018-12-14,취업자 주당 평균 42.8시간 일해…OECD 국가 중 최고 ,https://news.naver.com/main/read.nhn?mode=LSD&mid=shm&sid1=101&oid=003&aid=0008962840,뉴시스,"맞벌이부부 함께 살면 근로시간 길어져상용 1인 이상 사업체 月평균 10.1시간 초과근무【세종=뉴시스】변해정 기자 = 지난해 취업자들은 주당 평균 42.8시간을 근무하는 것으로 나타났다. 경제협력개발기구(OECD) 주요 회원국 중멕시코와 코스타리카에 이어 세 번째로 일하는 시간이 길었다.통계청이 14일 발표한 '2018 일·가정 양립 지표'에 따르면 지난해 고용률은 남성이 71.2%로 여성(50.8%)보다 20.4%포인트 높았다.남녀 간 고용률 차이는 좁혀지는 추세다. 2014년 22.0%포인트였던 격차가 2015년 21.3%포인트, 2016년 20.9%포인트에 이어 지난해에는 전년 대비 0.5%포인트 좁혀졌다.배우자 있는 남녀의 고용률 격차는 28.5%포인트(남성 81.9%·여성 53.4%)로 미혼 남녀(1.6%포인트)보다 월등히 컸다.평균 근로 시간은 소폭 감소하는데 그쳤다.지난해 취업자의 주당 평균 근로시간은 42.8시간으로 1년 전(43시간)보다 12분 감소했다. 남성이 45.2시간, 여성이 39.6시간으로 각각 12분, 6분 줄었다.근로시간 별로는 주 36시간 미만 취업자는 441만3000명으로 1년 전(448만7000명)보다 7만4000명(1.6%) 줄었다. 남성이 4만6000명(2.6%), 여성이 2만8000명(1.0%) 각각 감소했다.반면 주 36시간 이상 취업자는 2193만명으로 1년 전(2150만9000명)보다 42만1000명(2.0%)늘었다. 남성이 19만2000명(1.4%), 여성이 22만9000명(2.8%) 각각 증가했다.맞벌이 부부의 경우 지난해 10월 기준 남성은 일주일에 평균 46.3시간, 여성은 40.3시간 일했다.맞벌이 부부가 함께 사는 경우 남편의 근로 시간은 46.6시간으로 따로 사는 경우(44.2시간)보다 길었다. 아내도 부부가 함께 살 때의 근로 시간은 40.3시간으로 별거하는 경우(40.2시간)보다 길다.지난해 상용근로자 1인 이상 사업체의 월평균 총 근로시간은 173.3시간으로 1년 전의 177.1시간보다 3.8시간 감소했다.월평균 근로시간 중 초과근무는 10.1시간이었다. 이 역시 1년 전보다 0.6시간 줄었다.하지만 300인 미만의 사업체 규모에서는 사업체 규모가 커질수록 초과 근로시간이 증가해 '100~299인' 사업체가 17.8시간으로 가장 많았다. 300인 이상 사업체에서는 12.3시간으로 나타났다.한국인의 연간 근로시간은 감소 추세지만 OECD 회원국과 견주면 긴 편에 속한다.2016년 임금근로자의 연간 근로시간은 2052시간으로 2015년(2071시간)보다 19시간 줄었다.그러나 독일(1298시간), 네덜란드(1359시간), 프랑스(1423시간), 영국(1660시간), 일본(1724시간), 미국(1787시간) 등에 비해서는 장시간 일하고 있었다. 멕시코와 코스타리카에 이어 세번째로 근로 시간이 길다.hjpyun@newsis.com▶ 뉴시스 빅데이터 MSI 주가시세표 바로가기▶ 뉴시스 SNS[페이스북][트위터]<저작권자ⓒ 공감언론 뉴시스통신사. 무단전재-재배포 금지.>"
89,2018-12-14,"KAIST 이사회, 신성철 총장 직무정지안 결정 유보",https://news.naver.com/main/read.nhn?mode=LSD&mid=shm&sid1=105&oid=001&aid=0010526736,연합뉴스,"참석 이사 과반 의견으로 '차기 이사회서 다시 논의' 결정KAIST 초유 총장 공석사태 모면…이미지 타격·혼란 지속 우려착잡한 심정의 신성철 카이스트 총장(서울=연합뉴스) 임헌정 기자 = 대구경북과학기술원(DGIST) 총장 재임 시 비위 의혹을 받는 신성철 한국과학기술원(KAIST) 총장이 14일 서울 서초구 양재동 엘타워에서 열린 카이스트 이사회에 참석해 생각에 잠겨 있다.(서울=연합뉴스) 이주영 기자 = 한국과학기술원(KAIST) 이사회(이사장 이장무)가 과학기술정보통신부가 요구한 신성철 총장 직무정지에 대한 결정을 차기 이사회로 넘김에 따라 KAIST 사상 초유의 총장 공석사태는 피하게 됐다.KAIST는 이사회는 14일 오전 서울 양재동 엘타워에서 제261차 정기이사회를 열어 과기정통부가 요구한 신 총장 직무정지안을 상정하고 논의했으나 이사들 사이에 결정 여부에 대한 의견이 갈리면서 결정을 유보하고 차기 이사회에서 이를 다시 논의하기로 했다.이사국 간사인 김보원 KAIST 기획처장은 ""KAIST 총장 직무를 정지시키는 것은 매우 신중하게 처리해야 한다는 의견이 많았다""며 ""보다 심도 있는 논의를 위해 차기 이사회에서 다시 심의하기로 결정했다""고 밝혔다.신 총장은 결정 유보 발표된 뒤 ""본의 아니게 KAIST와 과학기술계 많은 분께 심려를 끼쳐 드려 대단히 송구스럽게 생각한다""며 ""앞으로 더욱 신중하고 겸허한 마음으로 대학을 경영해 가도록 하겠다""고 말했다.이장무 이사장 바라보는 신성철 카이스트 총장(서울=연합뉴스) 임헌정 기자 = 대구경북과학기술원(DGIST) 총장 재임 시 비위 의혹을 받는 신성철 한국과학기술원(KAIST) 총장이 14일 서울 서초구 양재동 엘타워에서 열린 카이스트 이사회에서 이장무 이사장을 바라보고 있다.  kane@yna.co.kr이 이사장과 신 총장, 구혁채 과기정통부 미래인재정책국장 등 이사 10명이 참석한 가운데 진행된 이날 이사회에서는 KAIST의 2019년도 사업계획과 예산안 등 일반 안건을 신속하게 처리한 뒤 신 총장 직무정지안을 집중적으로 논의했다.이 이사장은 신 총장 직무정지안을 상정하고 신 총장이 없는 상태에서 과기정통부 측 당연직 이사인 구혁채 국장으로부터 과기정통부의 입장을 듣고, 참석 이사들의 의견을 차례로 청취했다.과기정통부와 기획재정부, 교육부 등 정부 측 당연직 이사들은 신 총장에 대한 직무정지를 결정해야 한다는 입장을 냈으나, 다른 이사들은 신 총장을 둘러싼 의혹에 대한 시시비비가 가려지지 않은 상황에서 직무정지를 결정하는 것은 문제가 있다는 의견을 피력한 것으로 알려졌다.이에 이 이사장은 이 안건에 대한 결정을 유보하고 차기 이사회에서 재논의하는 안에 대해 이사들의 의견을 물어 과반수 의견으로 유보를 결정한 뒤 3시간이 넘는 마라톤 논의를 마무리했다.카이스트 정기 이사회(서울=연합뉴스) 임헌정 기자 = 14일 서울 서초구 양재동 엘타워에서 열린 카이스트 정기 이사회에서 이장무 이사장(오른쪽) 등 이사진이 자리에 앉아 있다.  kane@yna.co.kr이사회는 종료 후 공식 발표문을 통해 ""과기부가 관련 법령과 사안의 중대성에 비추어 가장 적절하다고 판단되는 법적 조치를 이행했을 것으로 생각하며 이를 존중한다""며 ""이제 이사회가 과기부 판단을 존중하면서도 카이스트의 명예와 구성원의 자긍심을 지킬 수 있는 지혜를 모아야 할 시점""이라는 입장을 내놨다.과기정통부는 이에 앞서 대구경북과기원(DGIST)에 대한 감사에서 신 총장이 DGIST 총장 재임 당시 한국연구재단 및 미국 로런스버클리국립연구소(LBNL)와 각각 다른 내용의 연구협약을 체결, 국가연구비를 지원받고 이 중 22억원을 LBNL로 빼돌린 것으로 드러났다며 그를 횡령과 업무상 배임 등 혐의로 검찰에 고발하고, KAIST 이사회에 총장 직무정지를 요구했다.그러나 신 총장은 ""LBNL에 대한 현금지원은 이 기관이 보유한 X-선 시설 빔 타임에 대한 독자적인 사용권한 확보를 위해 적법한 절차의 협약을 통해 이뤄진 것""이라며 일체의 의혹을 부인했다.과학기술계도 ""존경받는 과학자를 절차조차 지키지 않은 부실한 조사로 무리하게 찍어내려 한다""고 주장하며 반발하고 있다.이사회 참석한 신성철 카이스트 총장(서울=연합뉴스) 임헌정 기자 = 대구경북과학기술원(DGIST) 총장 재임 시 비위 의혹을 받고 있는 신성철 한국과학기술원(KAIST) 총장이 14일 서울 서초구 양재동 엘타워에서 열린 카이스트 이사회에 참석해 있다. kane@yna.co.krscitech@yna.co.kr▶뭐 하고 놀까? #흥▶쇼미더뉴스! 오늘 많이 본 뉴스영상▶네이버 홈에서 [연합뉴스] 채널 구독하기"
90,2018-12-14,"나경원 ""선거제 개편, 원포인트 개헌과 함께 논의 해야""",https://news.naver.com/main/read.nhn?mode=LSD&mid=shm&sid1=100&oid=003&aid=0008962761,뉴시스,"""'유치원 3법' 패스트트랙 검토는 정치 공세""【서울=뉴시스】박영태 기자 = 14일 오전 서울 영등포구 여의도 국회에서 열린 자유한국당 원내대표 및 상임위원장-간사단 연석회의에서 나경원 원내대표가 발언하고 있다. 2018.12.14.since1999@newsis.com【서울=뉴시스】오제일 기자 = 나경원 자유한국당 원내대표는 14일 선거구제 개편과 관련해 ""원 포인트 권력구조 개헌과 함께 논의한다면 적극적으로 검토할 수 있을 것""이라고 말했다.나 원내대표는 이날 오전 국회에서 열린 원내대표 및 상임위원장-간사당 연석회의에서 ""연동형 비례대표제는 권력구조와 관련돼 있고, 권력구조는 개헌 문제와 연결되는 것""이라며 이같이 밝혔다.이어 ""순서가 필요하다면 선거구제 개편을 먼저 하고 권력구조 개편을 위한 개헌을 같이 할 수 있다는 말""이라며 ""이 부분에 있어 국회의원 정수가 늘어날 수밖에 없는 현실이 있는데 몇 명으로 정수를 늘리려고 하는지 궁금하고 이에 대해 구체적 논의를 해야 한다""라고 강조했다.나 원내대표는 또 ""홍영표 더불어민주당 원내대표가 나를 설득하겠다고 손학규·이정미 대표를 만나 이야기를 했는데 전화 한 통 없었다""라며 ""다음 주가 돼야 의원총회를 할 수 있는 상황이니 기다려 달라고 했는데 정치적 설득, 언론 설득만 하고 전화를 하지 않는 건 진정성이 없는 일""이라고 지적했다.그러면서 ""자꾸 폭탄 돌리기처럼 이야기하지 말고 정식으로 이야기를 하자. 정수를 얼마나 늘릴지 이야기를 해보고 개헌 문제를 어떻게 할 것인지 이야기해 줄 것을 촉구한다""라고 밝혔다.'유치원 3법'에 대해서는 ""교육위원회에서 활발히 논의 중이고 한국당도 대안을 가지고 있는 만큼 패스트트랙(신속처리)을 검토하겠다고 하는 것은 정치적 공세""라고 지적했다.그는 이어 ""민주당 의원 몇 분이 야당 원내대표의 사적인 부분을 들추면서 공정하게 할 것인가 의문을 제기하는 건 명예훼손 적 이야기고 치졸하다""라며 ""치졸하게 공세를 할 게 아니라 교육위에서 논의해 줄 것을 촉구한다""라고 강조했다.한편 한국당은 유시춘 EBS 이사장에 대해 결격 사유가 명백하다며 위계에 의한 공무집행방해 혐의로 고발하고 직무정지 가처분 신청 등을 제기한다는 계획이다. 한국당 법률자문위원장인 최교일 의원은 이날 회의에서 ""유 이사장은 문재인 후보 선거대책위원회 공식 기구에서 활동하면서 지원 유세까지 했다""라며 ""이는 명백한 결격사유""라고 말했다.kafka@newsis.com▶ 뉴시스 빅데이터 MSI 주가시세표 바로가기▶ 뉴시스 SNS[페이스북][트위터]<저작권자ⓒ 공감언론 뉴시스통신사. 무단전재-재배포 금지.>"
91,2018-12-14,"예멘 난민 2명만 인정…인권위 ""지나치게 엄격, 깊은 우려""",https://news.naver.com/main/read.nhn?mode=LSD&mid=shm&sid1=102&oid=003&aid=0008962999,뉴시스,"""난민보호 정책, 국제인권기준에 부합토록 재정비""""내전·강제징집 피신, 난민불인정 사유 될 수 없어""""부정적 여론 급히 무마하기 위한 일률적인 결정""【서울=뉴시스】최진석 기자 = 최영애 국가인권위원장. 2018.10.15.myjs@newsis.com【서울=뉴시스】최현호 기자 = 법무부가 14일 발표한 제주도 예멘인 난민신청자 심사 결과와 관련해 국가인권위원회(인권위)가 난민보호 정책 개선을 촉구하고 나섰다.국가인권위원회는 이날 성명서를 통해 ""난민신청자 중 단순 불인정된 56명의 신변과 인도적 체류자들이 처할 상황에 대해 깊은 우려를 표한다""면서 ""이번 심사를 통해 드러난 난민보호 정책의 문제점을 국제인권기준에 부합하도록 재정비할 것을 촉구한다""고 밝혔다.법무부는 지난 6월부터 심사해 온 484명의 예멘 난민 신청자들 중 2명에 대해서만 난민으로 인정한다는 결과를 이날 내놨다. 인도적 체류허가는 412명, 단순 불인정은 56명이다. 난민신청을 철회했거나 출국 후 재입국기간 내에 입국하지 않아 직권 종료된 인원은 14명이다.특히 법무부는 난민으로 인정되지 않은 신청자에 대해 '본국의 내전이나 반군의 강제징집을 피해 한국에 입국해 난민 지위를 신청한 사람'이기 때문에 난민 지위를 부여하지 않는다고 설명했다. 처음으로 난민 지위를 인정받은 언론인 2명의 경우 반군 등에 비판적인 기사를 작성해 향후에도 박해 가능성이 높은 것으로 판단했다.인권위는 법무부의 이번 결정에 대해 난민인정의 요건이 되는 '박해'의 정의, 유엔난민기구의 2015년 권고를 들며 지적했다.인권위는 ""'박해'는 생명, 신체 또는 자유에 대한 위협을 비롯해 인간의 존엄성에 대한 중대한 침해나 차별을 야기하는 행위를 의미하는 것""이라면서 ""'내전이나 강제징집 피신’은 가장 일반적인 난민 보호 사유 중 하나이므로 난민불인정 사유가 될 수 없다""고 주장했다.【제주=뉴시스】우장호 기자 = 김도균 제주출입국·외국인청장이 14일 오전 제주시 용담3동 제주출입국·외국인청 1층 대강당에서 제주 예멘 난민신청자 심사 결과 최종 발표를 하고 있다. 이날 출입국·외국인청은 심사 결정이 내려지지 않은 85명 가운데 언론인 출신 2명은 난민인정, 50명은 인도적 체류허가, 22명은 단순 불인정하기로 결정했다. 2018.12.14. woo1223@newsis.com이어 ""유엔난민기구는 '예멘 귀환에 관한 입장' 발표에서 예멘을 탈출한 민간인에게 영토 접근을 허가하고, 예멘인의 강제 귀환을 중단하도록 각국에 권고했다""면서 ""이를 근거로 예멘 난민신청자들은 국제적으로 '강제송환을 할 수 없는 대상'으로 인정되고 있다""고 강조했다.그 외에도 인권위는 ▲단순 불인정 56명 판단이 '난민법'과 '난민의 지위에 관한 협약'상 타당한지 여부 ▲412명의 인도적체류자를 위한 1년 단위 체류기간의 연장, 취업허가 뿐인 처우규정 개선 등도 언급했다.인권위 측은 ""구체적이고 개별적인 난민 심사라기보다 난민에 대한 부정적 여론을 급히 무마하기 위한 일률적인 결정이라는 지적도 있다""면서 ""난민 인정 요건을 지나치게 엄격히 적용하거나 제한을 가하는 것은 난민 문제 해결에 도움을 주지 못할 뿐만 아니라 오히려 난민에 대한 불안감과 배제를 강화할 뿐""이라고 주장했다.wrcmania@newsis.com▶ 뉴시스 빅데이터 MSI 주가시세표 바로가기▶ 뉴시스 SNS[페이스북][트위터]<저작권자ⓒ 공감언론 뉴시스통신사. 무단전재-재배포 금지.>"
92,2018-12-14,국민연금 개편 두 방향…'더 받기' or '더 내고 더 받기',https://news.naver.com/main/read.nhn?mode=LSD&mid=shm&sid1=102&oid=421&aid=0003740534,뉴스1,"기초연금 인상안은 실질연금액 101만원으로 가장 높아재정 안정 중시하면 '보험료 12%-소득대체율 45%' 합리적© News1 김일환 디자이너(서울=뉴스1) 민정혜 기자 = 보건복지부가 14일 발표한 국민연금 제도개편 정부안은 크게 보험료 추가 부담 없이 '기초연금을 더 받을 것이냐', 재정 안정을 위해 '보험료를 더 내고 급여액을 더 받을 것이냐'로 나뉜다.복지부가 발표한 '제4차 국민연금종합운영계획안'(이하 개편안)에는 Δ현행 유지 Δ기초연금 30만→40만원 인상 Δ보험료 12%-소득대체율 45% Δ보험료13%-소득대체율 50% 총 4가지 방안이 담겼다.◇기초연금 인상안, 부담 없이 혜택 커…실질소득액도 100만원 이상먼저 '현행 유지안'은 국민연금과 기초연금 모두 지금의 제도 틀을 유지하는 것이다. 4개 방안 중 실질급여액이 가장 낮지만, 추가 부담이 생기지 않는 장점이 있다.현재 국민연금 보험료율은 9%, 소득대체율은 45%다. 소득대체율은 2028년까지 단계적으로 40%까지 떨어지게 설계돼 있다.기초연금은 2019년 4월부터 소득하위 20% 노인의 기초연금이 25만원에서 30만원으로 오른다. 소득하위 40% 노인은 2020년, 나머지는 2021년 기초연금으로 30만원을 받는다.이 제도를 유지했을 때 국민은 국민연금과 기초연금을 합쳐 평균 86만7000원(실질 소득대체율 34.7%)을 받는다. 4개 방안 중 실질급여액이 가장 낮다.이는 평균소득자(250만원)가 25년 가입했을 때를 가정한 수치다. 기금고갈 시기는 국민연금 4차 재정추계결과와 동일한 2057년이다.'기초연금 인상안'은 국민연금 제도는 그대로 유지하고, 기초연금만 2022년부터 30만원에서 40만원으로 인상하는 내용이다. 추가 부담 없이 기초연금 인상 혜택만 있는 방안이다.실질급여액은 101만7000원(실질 소득대체율 40.7%)으로 4개 방안 중 가장 높다. 하지만 국민연금 기금소진 시점을 늦추지 못하고 기초연금 인상에 따른 국가재정 부담이 커진다는 단점이 있다.◇보험료 인상안, 기금소진 시점 5~6년 늦춰나머지 두 가지 방안은 보험료를 올리고 동시에 소득대체율도 높이는 내용을 담고 있다. 기초연금은 30만원으로 지금과 동일하다.'보험료 12%-소득대체율 45%'는 2021년부터 5년마다 보험료를 1%p(포인트)씩 올려 2031년 보험료를 12%로 하는 내용이다. 동시에 소득대체율이 2021년 45%로 인상된다.이 방안이 채택되면 실질급여액은 91만9000원(실질 소득대체율 36.8%)이고, 기금 소진 시점을 2063년으로 현 제도를 유지했을 때보다 6년 늦출 수 있다.'보험료13%-소득대체율 50%'는 2021년부터 5년마다 보험료를 1%p(포인트)씩 올려 2036년 13%로, 소득대체율은 2021년 50%로 올린다. 모든 방안을 통틀어 보험료와 소득대체율 인상폭이 가장 높다.이 방안이 추진되면 실질급여액은 97만1000원(실질소득대체율 38.8%)이고, 기금 소진 시기는 2062년으로 현재보다 5년 늦춘다.복지부가 제시한 4개 방안은 노후소득보장, 보험료 부담, 기금안정 등의 기준에 따라 각기 다른 장단점을 지닌다.노후소득보장과 보험료 부담 측면에서 보면 추가 부담 없이 실질급여액을 101만7000원 받는 기초연금 인상안이 가장 유리하다. 기금안정을 중시한다면 소진시점이 늦는 '보험료 12%-소득대체율 45%'를 선택하는 게 낫다.개편안은 국민연금심의위원회를 거쳐 국무회의 의결을 받아 12월 말 국회에 제출할 예정이다. 이후 경제사회노동위원회 연금개혁 특위 등의 사회적 논의를 거쳐 국회의 국민연금법 개정을 통해 확정된다.소득대체율은 생애 평균 소득 대비 노후 국민연금 수령액을 의미한다. 소득대체율이 높을수록 노후에 보장하는 소득도 높아지지만, 그만큼 재정 부담은 커진다.박능후 복지부 장관은 ""국민들이 기초연금 인상안을 선호할 것으로 예상하지 않는다""며 ""여론을 수렴 결과 현안 유지를 선호하는 의견이 다수 있고, 합리적으로 보험료를 높이고 부담도 높이면서 노후소득보장을 강화하자는 안도 지지를 받고 있다""고 말했다.이어 ""복지부가 다양한 방안을 제시해 국민들이 본인이 선호하는 방안과 다른 안을 비교하며 장단점을 파악할 수 있어 하나의 합리적 안으로 귀결되는데 도움이 될 것이라고 본다""고 덧붙였다.mjh@news1.kr▶ 진짜 블록체인을 만나는 곳 '크립토허브' 오픈!▶ [페이스북] 바로가기!▶ 에어팟&스타벅스 커피 경품(~12/25)[© 뉴스1코리아(news1.kr), 무단 전재 및 재배포 금지]"
93,2018-12-14, 찬바람 불며 체감온도 '뚝'…중부·경북 한파 특보,https://news.naver.com/main/read.nhn?mode=LSD&mid=shm&sid1=103&oid=056&aid=0010650870,KBS,"중부와 경북, 전북 무주에 한파특보가 내려졌습니다.오후에도 서울 1도 철원 0도에 머무는 등 종일 추위가 이어지겠는데요.주말인 내일 아침에도 서울이 영하 6도, 남부지방은 오늘보다 기온이 더 내려가겠습니다.아침까지 추위가 이어지다가 낮부터는 찬바람이 잦아들고 기온도 차츰 오르겠습니다.일요일엔 전국에 눈이나 비가 예상돼 주말 야외활동 계획할 때 유의하셔야겠습니다.현재 대부분 지방 맑은 가운데 울릉도와 독도엔 눈이 내리고 있습니다.내일까지 울릉도 독도엔 최고 10센티미터의 눈이 더 내리겠습니다.오후에 대체로 맑겠고, 찬바람이 강하게 불겠습니다.낮기온은 서울 1도 광주와 대구 5도 등으로 어제보다 낮겠고 바람 때문에 체감온도는 더 낮겠습니다.바다의 물결은 동해상에서 3미터로 높게 일겠습니다.일요일 눈이 온 뒤, 다음 주엔 큰 추위 없이  예년 이맘 때 날씨가 이어지겠습니다.기상정보였습니다.KBS[저작권자ⓒ KBS 무단복제-재배포 금지]▶ 네이버 채널 KBS뉴스 구독! 시원하게 털어드립니다▶ ‘TV보다 ㄹㅇ’ 당신의 진짜 뉴스 ‘케이야’"
94,2018-12-14,"여야, 임시국회·단식중단 논의…오후 4시30분 최종합의 시도",https://news.naver.com/main/read.nhn?mode=LSD&mid=shm&sid1=100&oid=003&aid=0008962826,뉴시스,"김관영 ""한국당 탄력근로제 단위시간 연내 처리 요구, 큰 문제""【서울=뉴시스】고승민 기자 = 14일 오전 서울 여의도 국회 의장실에서 문희상 국회의장과 더불어민주당 홍영표 원내대표와 자유한국당 나경원 원내대표 등 교섭단체 대표들이 회동하며 논의 전 기념촬영하고 있다. 왼쪽부터 정의당 윤소하 원내대표, 민주평화당 장병완 원내대표, 더불어민주당 홍영표 원내대표, 문희상 의장, 자유한국당 나경원 원내대표, 바른미래당 김관영 원내대표. 2018.12.14.kkssmm99@newsis.com【서울=뉴시스】이재우 강지은 한주홍 기자 = 문희상 국회의장은 14일 여야 5당 원내대표를 불러 임시국회 소집과 손학규 바른미래·이정미 정의당 대표 단식 등 현안 조율에 나섰다. 문 의장과 여야 원내대표들은 임시국회 소집에 공감대를 이룬 가운데 오후 4시30분께 다시 모여 안건 등 최종 합의를 시도할 것으로 보인다.문 의장은 이날 오전 국회 의장실에 홍영표 더불어민주당·나경원 자유한국당·김관영 바른미래당·장병완 민주평화당·윤소하 정의당 원내대표를 불러 비공개로 현안을 조율했다.홍 원내대표는 회동 직후 기자들과 만나 회동 의제에 대해 ""임시국회를 여는 문제와 안건, 일정에 대해 논의를 하고 오후 4시30분 공식적으로 발표하도록 하겠다""고 말을 아꼈다. 그는 임시국회 소집 합의 여부에 대해서도 ""일단 지켜보라""고만 했다.나 원내대표도 ""민생이 어렵고 경제가 한파인데 국회가 할일을 제대로 못하는 것 같아 송구하다""며 ""오후 4시30분 다시 모여 (의논) 하겠다""고만 했다. 나 원내대표는 임시국회 개의 여부에 대해 ""개의 여부와 안건에 대해 조금 더 논의를 하겠다""고 했다.문 의장은 거대 양당 원내대표가 먼저 이석한 뒤 여야 5당 원내대표 2차 회동 시점을 오후 4시30분에서 5시로 한차례 정정했다. 이후 오후 4시30분으로 회동 시점을 다시 정정했다.야3당은 회동 쟁점이 탄력근로제 단위기간 확대 입법 시점이라고 전했다. 선거제도 개편 등 안건은 여야 간 공감대가 이뤄졌다고도 했다.김 원내대표는 ""임시국회 소집 여부, 임시국회에서 논의할 안건들에 대해 논의를 했다""며 ""임시국회를 소집해야 한다는 전체적 공감대는 형성됐지만 구체적으로 어떤 안건을 처리할 지에 대해서는 이견이 있다. 그 부분을 오후에 다시 모여 논의하기로 했다""고 했다.임시국회 안건에 대해서는 ""가장 큰 문제는 탄력근로제 처리 문제다. 한국당은 탄력근로제 (단위기간 확대)를 12월안에 반드시 처리하는 것을 임시국회 소집 전제로 논의해야 한다고 하고 있다""고 했다.이어 ""민주당은 경제사회노동위원회에서 1월말까지 하는 것을 지켜보고 그리고 나서도 안 되면 2월에 처리하겠다는 입장을 갖고 있다""며 ""나 원내대표가 새로 취임하다보니 그간 맥락이나 배경에 대해 이해가 덜한 상황이지만 충분히 절충점을 찾아볼 수 있다고 생각한다""고 했다.선거제도 개편에 대해서는 ""선거제도 개편 논의는 당연히 하는 것""이라고 했다.아울러 ""12월안에 반드시 처리해야할 것으로 유치원3법, 탄력근로제 문제를 넣을 것인지가 문제""라며 ""(고용세습) 국정조사 계획서, (김상환) 대법관 후보자 임명동의안 문제, 정치개혁-사법개혁특별위원회 연장 등은 이미 어느 정도 공감대가 있다""고 전했다.김 원내대표는 나 원내대표가 '원 포인트 권력구조 개헌'을 언급한 것에 대해서는 ""의원정수 확대 문제는 개헌 문제와 같이 논의하면 연동형 비례대표제를 포함한 선거제도 개편에 열린 자세로 조금 더 임할 수 있겠다고 했는데 상당히 긍정적으로 평가한다""고 했다.그는 ""선거구제 개편에 먼저 집중하고 2단계로 개헌 문제로 옮겨가는 것이 순서적으로 맞겠다는 생각을 했다""며 ""그 부분에 관해서는 3당 교섭단체 대표 간 공감대가 있다. 나 대표가 말한 것을 구체적으로 의논해서 앞으로 대표 간 합의 대상으로 넣을 수도 있다고 생각한다""고 말했다.장 원내대표는 ""야3당만 따로 문 의장과 얘기했다""며 ""문 의장이 어떻게 하면 단식을 멈출 수 있겠느냐고 아이디어를 모아보자는 뜻에서 야3당과 더 시간을 할애했다""고 전했다.윤 원내대표는 ""임시회 개의 대원칙에는 공감했다""며 ""가장 중요한 두 대표의 단식을 풀 수 있는 최소한의 내용을 가지고 다시 만나자는 정도로 얘기를 했다""고 했다. 선거제 개편 논의 여부에 대해서는 ""전혀 없다""고 선을 그었다.ironn108@newsis.com▶ 뉴시스 빅데이터 MSI 주가시세표 바로가기▶ 뉴시스 SNS[페이스북][트위터]<저작권자ⓒ 공감언론 뉴시스통신사. 무단전재-재배포 금지.>"
95,2018-12-14,"당정 ""택시기사 전면 월급제 도입…법·제도적 지원키로""",https://news.naver.com/main/read.nhn?mode=LSD&mid=shm&sid1=100&oid=421&aid=0003740283,뉴스1,"""근로시간·최저임금 등 관련 법 정비""""택시-카풀, 양쪽 모두 이해 구할 것""전현희 더불어민주당 정책위원회 택시-카풀 태스크포스(T/F) 위원장. © News1 김명섭 기자(서울=뉴스1) 전형민 기자 = 더불어민주당과 정부는 14일 사회적으로 이슈가 되고 있는 택시-카풀과 관련 비공개 당정협의를 열었다.이해찬 민주당 대표의 주재로 열린 이날 당정협의에는 당 택시-카풀 TF 위원장인 전현희의원과 국회 국토교통위원회 소속 여당 위원들, 김현미 국토교통부 장관이 참석했다.당정은 이날 협의에서 현재 시행 중인 택시기사 월급제가 실질적으로 시행이 되지 못하고 있다는 데에 인식을 같이하고, 법과 제도를 전면적으로 도입해 실질적으로 월급제가 정착될 수 있도록 하기로 했다.전 의원은 당정 협의 후 기자들과 만나 ""택시 산업을 좀 더 발전시키고 택시 기사님들과 종사하는 분들의 전향적인 지원책을 이끌어내야 한다는 부분에 있어서는 모두가 공감했다""고 밝혔다.그는 ""사납금 부분에 관해서 국토부와 국토위에서는 전면 월급제 도입을 포함해 다양한 택시 지원책과 발전방안을 적극적으로 검토하겠다고 결론냈다""며 ""월급제를 법과 제도로 전면적으로 도입을 하면서 실질적으로 월급제 정착될 수 있도록 당정이 즉각적 대책을 수립하고 그 외에 다양한 택시 지원책을 수립하고 지원하기로 했다""고 말했다.택시기사의 급여액을 매달 250만 원 정도로 할 수 있도록 했다는 일부 보도에 대해서는 ""금액을 어느 정도로 하겠다는 것보다는, 근로시간과 최저임금 등을 현실화해서 (택시기사들이) 실질적으로 최저임금을 보장받도록 하겠다""며 ""고용노동부의 근로감독을 강화하고, 관련 법을 정비해 필요한 대책을 세우겠다""고 했다.결국 택시요금을 인상해야하는 것 아니냐는 지적에 대해서는 ""정부는 현재로서는 요금 인상에 대해서는 검토하고 있지 않다""면서 ""공항픽업, 임산부·노령자 사전 예약 등 그동안 규제가 많았던 부분을 국민 편리에 맞춰 합리적으로 규제를 완화하는 것을 검토하고 있다""고 소개했다.또 전 의원은 ""국회와 정부가 이 문제 해결을 위해 지속적으로 만나서 협의를 하고 있다. 오늘도 그 과정 중 하나고, 과정이 진행중이기 때문에 내용을 정확하게 말하기는 어렵다""고 말했다.전 의원은 택시 노조 설득에 대해서는 ""그간 계속 만났고 어제도 각 지부장을 다 만났다""며 ""오늘도 만날 예정이고, 앞으로도 매일 여러 단체들과 좀 더 열심히 만나고 소통할 예정""이라고 했다.이어 ""당정은 택시 산업의 발전도 중요하고 생존 대책도 매우 중요하다고 생각하고 있다""며 ""한편으론 공유경제라는 새로운 경제 모델이 연착륙해서 국민의 불편을 해소하는 것도 중요하다고 본다. 양쪽 다 놓칠 수 없는 부분""이라고 강조했다.그러면서 ""가능하면 택시 업계 전반의 동의와 카풀 업계의 모든 이해관계자들의 동의를 이끌 수 있는 방법으로 이 문제를 해결해야 한다고 생각하고 있다""고 덧붙였다.한편 이날 당정협의는 이해찬 대표가 주재했다. 전 의원은 ""오늘 자리는 이 대표가 주재했다. 이 대표도 이 문제에 대해 관심과 걱정을 하고 있고 적극적으로 문제를 해결하겠다고 말했다""고 밝혔다.maverick@news1.kr▶ 진짜 블록체인을 만나는 곳 '크립토허브' 오픈!▶ [페이스북] 바로가기!▶ 에어팟&스타벅스 커피 경품(~12/25)[© 뉴스1코리아(news1.kr), 무단 전재 및 재배포 금지]"
96,2018-12-14,"제주, 예멘인 2명 난민인정 파장…난민수용 두고 논란 커질듯",https://news.naver.com/main/read.nhn?mode=LSD&mid=shm&sid1=102&oid=001&aid=0010526450,연합뉴스,"난민법 시행·제주 무사증제로 향후에도 난민 몰릴 가능성""전향적 자세 필요"" vs ""취업 때문에 온 가짜 난민"" 등 찬반 양론 비등제주 첫 예멘인 난민인정자(제주=연합뉴스) 백나용 기자 = 14일 오후 제주시 삼도2동 한 음식점에서 올해 제주에 입국, 난민신청을 한 예멘인 가운데 처음으로 난민인정을 받은 언론인 출신 E씨가 환하게 웃고 있다.  dragon.me@yna.co.kr(제주=연합뉴스) 고성식 기자 = 올해 제주에 입국, 난민신청을 한 예멘인 가운데 처음으로 난민 인정을 받은 사람이 나오면서 파장이 만만치 않을 것으로 예상된다.제주가 무사증(무비자) 지역인 데다 국제 관광지로서 항공·해상 교통 접근성이 좋아 난민신청이 반복될 여지가 충분하기 때문이다.전문가들은 난민법이 시행되는 우리나라에 앞으로도 많은 난민신청자가 올 수밖에 없다고 진단하고 있다.제주, 예멘인 2명 난민 인정... ""언론인 출신"" / 연합뉴스 (Yonhapnews)제주도는 올해 난민신청을 한 484명에 대해 3차례 심사에서 2명을 난민으로 인정했다. 언론인 출신이어서 향후 박해를 받을 가능성이 크다고 판단했기 때문이다.나머지 412명은 인도적 체류 허가를 받았고 56명은 단순 불인정 됐다. 신청포기자 등 14명은 직권 종료됐다.내전을 겪는 예멘인들이 대거 국내로 입국해 난민신청을 하자 난민수용 여부를 놓고 찬성과 반대로 나뉘어 큰 논란을 불렀다.난민 인정심사와 체류 대책이 미비한 상태에서 이들 예멘인이 제주 외 다른 지역으로 가지 못하도록 '출도 제한' 조처가 내려져 혼란이 더욱 커졌다.지난 6월 20일에는 청와대까지 나서 예멘 난민수용 문제에 대한 현황 파악을 지시했다.◇ 입국부터 심사까지아라비아반도 남쪽 끝에 있는 국가인 예멘이 내전에 휩싸이자 일부 국민이 고향을 등지고 한국에 들어와 난민신청을 하기 시작했다. 내전이 격화된 2016년부터 지난해까지 2년간 총 40명의 예멘인이 난민신청을 했고 이 중 14명이 난민 인정을 받았다.그 이전 시기까지 합산하면 예멘인 난민 인정자는 전국적으로 26명에 달한다. 이번 제주출입국청 인정자 2명을 포함하면 예멘 국적 난민은 국내 총 28명으로 늘었다.제주로 온 예멘인은 대부분 제주와 말레이시아 쿠알라룸푸르를 연결하는 직항 항공편을 이용했다.같은 이슬람권인 말레이시아에서 장기 체류하다가 체류 기간이 지나자 제주로 눈을 돌린 것이다.한국이 난민법을 제정해 시행하고 있는 데다 제주가 무사증(무비자) 지역이어서 제주행을 택한 것으로 풀이된다.난민신청을 하면 심사결과 난민 자격이 불허되더라도 소송할 경우 재판 결과가 나오기까지 1년 이상을 합법적으로 체류할 수 있다.지난 1월부터 5월 말까지 제주에 온 예멘인은 500여명에 달했다.그러자 제주출입국청은 6월 1일부터 예멘을 무사증 입국 대상 지역에서 제외했다.제주출입국 예멘 난민(CG)[연합뉴스TV 제공]제주에 온 예멘인 중 일부는 출도제한이 내려진 지난 4월 26일 이전에 다른 지역으로 나갔고  제주에 남은 예멘인은 출도제한에 묶여 다른 곳으로 가지 못하자 제주에 머물며 난민신청을 했다.난민신청자가 갑자기 불어난 것에 비교해 난민심사를 위한 인력은 부족했다.예멘인 1명을 대상으로 난민심사관 1명, 보조 인력 1명, 전문 통역인 1명 등 총 4명이 메달려 6시간가량 난민심사를 진행했다.신속한 심사가 필요하다는 주장이 제기되자 지난 6월 법무부가 직원 6명을 추가 배치했다.법무부 소속 아랍어 전문 통역직원 2명도 추가 배치했다.인력 추가 배치로 제주출입국청 난민 담당자는 기존 4명에서 총 10명으로 늘었다. 10명 중 5명은 심사 업무, 4명은 아랍어 통역, 나머지 1명은 심사 지원 업무를 맡았다.난민심사에 속도를 높였으나 그 이후에도 최종적으로 심사를 마무리해 결과를 발표하는 데에는 6개월이 걸렸다.제주출입국청은 난민심사 결과를 지난 9월과 10월, 12월로 세 차례에 걸쳐 나눠서 발표했다.제주 예멘 난민에 대한 국민 찬ㆍ반 여론[연합뉴스TV 제공]◇ 난민수용 두고 찬반 '팽팽'비슷한 시기에 예멘인이 대거 제주에 입국해 난민신청을 하면서 난민수용 여부를 두고 찬성 측과 반대 측이 팽팽하게 설전을 벌였다.난민수용을 반대하는 측에서는 불법 취업을 노린 '가짜 난민'을 구분할 수 없을뿐더러 범죄와 테러의 위험도 크다고 맞섰다.바른나라세우기국민운동 제주지부 등 도내 사회단체로 구성된 제주난민대책도민연대의 이향 사무총장은 ""난민신청자들에 대한 지나친 혜택 부여와 무사증 제도로 편법 난민신청이 늘고 있다""고 말했다.이 사무총장은 ""본래 취지에 맞게 난민법을 개정해 불법 난민 사태를 해결하고 제주를 안전한 관광도시로 환원해야 한다""고 강조했다.난민으로 인정이 되면 내국인과 동등하게 취업의 기회를 얻을 수 있고 사회보장과 교육의 보장, 학력 인정, 자격인정 혜택도 부여된다.반대 측에서는 이같은 난민 지위를 이용해 경제적인 목적으로 국내 체류하려는 외국인이 늘어날 것을 우려했다.또 난민의 취업으로 내국인이 취업에 어려움을 겪을 수 있다고 보고 있다.하지만 찬성 측에서는 난민법상 허용 기준에 부합할 경우 인도적 차원에서 난민을 수용해야 한다고 주장했다.제주평화인권연구소 '왓'의 신강협 소장은 ""난민 혐오 주장은 오히려 평화의 섬 제주를 모욕하고 지역 분란을 조장하는 것""이라며 ""예멘 난민을 이웃으로 대해야 한다""고 말했다.신 소장은 ""인도주의적 입장에서 난민에게 전향적인 자세를 보여야 한다""면서 ""우리가 그랬던 것처럼 그들도 전쟁을 피해 살기 위해 찾아온 손님이며 평범한 사람들""이라고 목소리를 높였다.난민인정에 대해 좀 더 수용적 자세를 보여야 한다는 학계 주장도 있다.지난 9월 15일 제주대에서 열린 한국입법정책학회 등의 '평화와 인권의 섬, 제주' 주제 토론회에서는 ""전 세계 평균 난민인정률이 38％인데 반해 한국은 인정 비율이 지난해 기준 2％에 머물고 있다""는 연구결과 발표가 있었다.학회에서는 ""난민 관련 유럽 인권법원 판결과 비교하면 국내 판결은 지나치게 소극적인 수준""이라며 ""외국인도 생명권, 신체의 자유 등 절대적인 권리를 누려야 한다""는 지적도 나왔다.가족 그리운 인도적 체류 예멘인(제주=연합뉴스) 고성식 기자 = 22일 제주출입국·외국인청에서 국내 인도적 체류가 허가된 예멘인이 고향에 두고 온 가족이 떠오른다고 말한 후 잠시 생각에 잠겨 있다. 2018.10.22 koss@yna.co.kr◇ 체류 관리체계 미흡·내국인 안전도 우려정부는 예멘인들이 국내에 체류하는 기간 한국어를 익히고, 한국 법질서와 문화를 이해하고 존중하면서 지역 사회에 적응할 수 있도록 '사회통합 프로그램'을 운영하고 있다.사회통합 프로그램은 국내 이민자가 한국사회의 건전한 구성원으로 적응·자립할 수 있도록 지원하기 위해 진행하는 교육 과정이다.인도적 체류허가자의 경우 체류 예정지 관할 출입국외국인 관서를 중심으로 시민단체 등이 멘토링 시스템을 구축, 안정적인 정착을 지원하고 있다.제주도는 현재 멘토로 73명을 확보했다.하지만 예멘 외 다른 국가 국민도 제주로 몰리고 있는 상황을 고려하면 이들의 체류를 지원하고 관리할 시스템은 여전히 미비한 실정이다.지난 6월 380명이 넘던 예멘인 취업자가 한 달여 만인 7월부터는 230명 이하로 줄었다.1차산업 분야 일에 서툴고 한국과 문화가 달라 사업장에서 잦은 마찰이 생겼다.열악한 노동환경을 이유로 스스로 일을 그만두거나 해고되는 상황도 속출하고 있다.난민 인정 심사를 진행할 인원이 부족한 외에 이의 제기 과정을 조기에 심의할 수 있는 체계마련도 필요하다.정부는 난민심판원을 신설해 이의 제기 절차를 대폭 간소화하기로 했지만 난민심판원 신설 문제는 사법부와 논의가 필요하다.현재까지 인도적 체류 허가를 받은 12명과 난민이 불허된 34명 등 예멘인 46명이 법무부에 최근 이의신청을 했다.이들이 이의신청을 모두 마칠 때까지 최장 2년여가 걸린다.현재까지 예멘인들이 제주에 체류하면서 내국인과 마찰로 인한 사건은 거의 발생하지 않았으나 이질적인 문화상충으로 인해 다툼이 생길 여지는 충분하다는 지적이다.제주 예멘인 난민신청 (PG)[최자윤 제작] 사진합성·일러스트koss@yna.co.kr▶뭐 하고 놀까? #흥▶쇼미더뉴스! 오늘 많이 본 뉴스영상▶네이버 홈에서 [연합뉴스] 채널 구독하기"
97,2018-12-14,하루사이 기온 뚝…곳곳 한파경보…내일도 추워,https://news.naver.com/main/read.nhn?mode=LSD&mid=shm&sid1=103&oid=422&aid=0000351965,연합뉴스TV,"[날씨] 하루사이 기온 뚝…곳곳 한파경보…내일도 추워[앵커]강원 산간의 기온이 영하 20도를 밑도는 등 날씨가 많이 춥습니다.찬바람이 불어 낮에도 체감하는 추위가 심하겠는데요.강지수 캐스터, 자세한 오늘 날씨 전해 주시죠.[캐스터]네, 요즘 날씨가 많이 변덕스럽습니다.오늘 아침기온 영하 7.8도까지 뚝 떨어지면서 추운 날씨가 계속되고 있는데요.든든한 옷차림하셔야겠습니다.오늘 전국 하늘 표정 좋겠지만 중부와 경북 내륙 곳곳에 한파특보가 내려질 정도로 매서운 추위가 기승을 부리고 있습니다.호남 서해안과 제주에는 구름 많은 가운데 눈이 날리는 곳도 있겠습니다.한낮에도 기온이 크게 오르지 못하겠는데요.낮 최고기온 서울 1도, 대전 3도 보이겠고요.대구 5도가 예상됩니다.바람이 강하게 불면서 체감추위가 더 심하겠습니다.제가 나와 있는 청계천 곳곳에도 어제 내린 눈이 얼어붙으면서 굉장히 미끄러운데요.빙판길 사고도 주의하시기 바랍니다.맹추위는 주말인 내일까지 기승을 부릴 전망입니다.내일 서울 아침기온 영하 6도, 한낮에도 3도까지 오르는 데 그치겠고요.이후에는 기온이 차츰 오름세를 보이면서 강추위가 누그러질 전망입니다.일요일에는 전국에 눈과 비 소식이 있습니다.나들이 떠나실 때 꼭 기상정보 확인하시기 바랍니다.날씨 전해드렸습니다.(강지수 기상캐스터)연합뉴스TV 기사문의 및 제보 : 카톡/라인 jebo23▶ 연합뉴스TV 네이버 채널 구독▶ 생방송 시청▶ 대한민국 뉴스의 시작, 연합뉴스TV 앱 다운받기"
98,2018-12-14,경제라인 쇄신·靑참모 전진배치로 국정장악 높여 성과내기 올인,https://news.naver.com/main/read.nhn?mode=LSD&mid=shm&sid1=100&oid=001&aid=0010526252,연합뉴스,"文정부 집권중반 대비 홍남기號 출범맞춰 경제라인 대재편…지표 부진 속 쇄신청와대 참모들 부처로 전진배치…국정철학 공유·'원팀' 위한 소통강화 취지전문성 갖춘 공무원 내부 승진도 다수…""경제활력 불어넣을 역동적 정부"" 목표문 대통령, 차관급 인사 임명 (CG)  [연합뉴스TV 제공](서울=연합뉴스) 이상헌 임형섭 박경준 기자 = 문재인 대통령이 14일 현 정부 출범 후 최대 규모로 차관급 인사를 하고 집권 중반기를 앞두고 가시적 정책성과를 내기 위한 조직 재정비에 나섰다.문 대통령은 이날 기획재정부 1·2차관을 비롯해 차관급 인사 16명을 새로 임명했다.한 번에 두 자릿수 차관급 인선을 한 것은 정부 출범 뒤 이번이 처음으로, 장관급 인선에 따른 인사 공백 및 정기인사 요인이 겹쳤다고는 해도 이례적인 일로 평가된다.그만큼 지금은 공직사회의 분위기 전환이 절실한 시점이라는 문 대통령의 인식이 드러나는 대목이다.기재1 이호승ㆍ행안 윤종인…16개 차관급 인사 청와대 브리핑 / 연합뉴스 (Yonhapnews)최근 각종 여론조사에서 문 대통령의 국정수행 지지율이 하락세를 이어가고 있으며, 민생·경제 분야 지표가 부진하고 국민이 체감할 구체적인 정책성과가 나오지 않는다는 것이 주요 원인으로 꼽히고 있기 때문이다.이런 흐름을 반전시키지 못한다면 집권 중반기 국정운영 동력을 살려가는 데 어려움을 겪으리라는 지적도 나온다.문 대통령도 이를 의식한 듯 최근 각종 회의에서 '이제는 국민들에게 구체적 결과를 보여야 할 때'라며 정책성과에 속도를 낼 것을 거듭 주문했으며, 결국 대대적인 인적 쇄신을 미룰 수 없다는 판단을 내린 것으로 보인다.최근 KTX 탈선 사고를 비롯한 각종 안전사고가 이어지고 청와대 직원들의 비위 사태가 도마 위에 올랐다는 점에서, 문 대통령이 느슨해진 공직사회에 긴장감을 불어넣을 필요성을 느꼈으리라는 분석도 나온다.문재인 대통령과 이낙연 국무총리  [연합뉴스 자료사진]이번 인선에서는 청와대 참모진 3명이 부처 일선으로 이동한 점이 눈에 띈다.이호승 청와대 일자리 비서관은 기획재정부 1차관으로 자리를 옮겼고, 차영환 경제정책비서관은 국무조정실 2차장으로 임명됐다.문미옥 과학기술보좌관은 과학기술정보통신부 제1차관을 맡게 됐다.여기에는 2기 경제라인이 '원 팀'으로 정책을 펴기 위해서는 청와대와 일선 부처의 소통을 강화해야 한다는 생각이 담긴 것으로 보인다.문 대통령은 지난 12일 홍남기 신임 경제부총리 겸 기획재정부 장관으로부터 내년도 경제정책 방향을 중심으로 경제현안을 보고받고서 ""현 경제 상황이 엄중한 만큼 경제팀은 신임 부총리 중심의 원팀으로 운영해주길 바란다""고 당부한 바 있다.나아가 문재인정부의 국정철학을 공유하고 있는 청와대 참모진이 부처에 배치될 경우 정책 집행의 일관성이 높아질 수 있다는 기대가 반영된 것으로 보인다.김의겸 청와대 대변인은 이날 인사발표 브리핑에서 ""1년 7개월간 청와대에서 일을 하며 대통령의 뜻을 직접 받들어 정책을 만들고 구현한 분들""이라며 ""이 분들이 직접 현장에 들어가셔서 대통령의 뜻을 잘 구현해 나가달라는 뜻이 담겨있다고 생각한다""고 말했다.다만 일부에서는 청와대의 부처에 대한 '장악력'이 더 커지며 부처의 자율성은 감소하는 것 아니냐는 지적도 나온다.이와 함께 이번 인선에서 주목되는 점은 각 부처 1급 공무원을 비롯해 전문성 갖춘 공무원들이 내부승진을 통해 대거 약진한 부분이다.황서종 인사혁신처장은 인사혁신처와 안전행정부에서 오랜 기간 공직 생활을 거쳤고, 구윤철 기재부 2차관 역시 기재부에서 정책조정국장과 예산실장 등 요직을 맡았다.윤종인 행정안전부 차관, 김용삼 문화체육관광부 1차관, 박선호 국토교통부 1차관 등도 해당 부처에서 잔뼈 굵은 인사를 내부 승진시킨 케이스로 꼽힌다.조직을 속속들이 알고 있는 인사를 차관으로 등용해 내부 분위기를 다잡는 것은 물론, 풍부한 현장 지식을 바탕으로 정책속도를 끌어올리겠다는 구상이 깔린 것으로 풀이된다.김 대변인은 ""경제의 활력을 불어넣을 수 있는 역동적 정부를 만들겠다는 의미가 답긴 인사다. 그런 역동적 정부를 통해 국민이 성과를 체감하도록 하겠다는 인사권자의 의지가 담겼다""고 총평했다.이어 ""추진력·실무경험·혁신성을 중심으로 정책현장 전문가를 중용했다""며 ""국민이 체감할 정책성과를 내줄 것으로 기대한다""고 말했다.김 대변인은 ""이제 차관 인사가 거의 마무리 된 것으로 안다""며 ""청와대 비서관들의 빈자리는 준비가 되는대로 순차적으로 진행할 것""이라고 설명했다.hysup@yna.co.kr▶뭐 하고 놀까? #흥▶쇼미더뉴스! 오늘 많이 본 뉴스영상▶네이버 홈에서 [연합뉴스] 채널 구독하기"
99,2018-12-14,文대통령 국정지지도 4%p 하락한 45%…취임 후 최저,https://news.naver.com/main/read.nhn?mode=LSD&mid=shm&sid1=100&oid=421&aid=0003740149,뉴스1,"한국갤럽…민주 36%, 한국 19%, 정의 9%문재인 대통령. (청와대 제공)(서울=뉴스1) 박승주 기자 = 문재인 대통령 국정수행 지지율이 다소 하락해 취임 후 최저치인 40%대 중반을 기록했다는 조사결과가 나왔다.여론조사 전문기관 한국갤럽은 전국 성인 1003명에게 '문 대통령이 직무를 잘 수행하고 있다고 보느냐'고 물은 결과, 응답자의 45%가 긍정적으로 평가했다고 14일 밝혔다. 이는 전주보다 4%포인트 하락한 수치다.'잘못하고 있다'고 대답한 사람은 44%로 전주 대비 3%포인트 상승했다. '어느 쪽도 아니다'와 '모름·응답거절'은 11%로 집계됐다. 직무 긍정률 45%는 문 대통령 취임 후 최저치, 부정률 44%는 최고치다.연령별 대통령 직무 긍정률에서는 30대가 58%(부정률 33%)로 가장 높았고, 40대 54%(41%), 20대 49%(33%), 50대 35%(57%), 60대 이상 33%(52%) 순으로 나타났다.지역별로는 광주·전라(68%), 서울(48%), 인천·경기(46%), 부산·울산·경남(41%), 대전·세종·충청(35%), 대구·경북(28%) 순으로 집계됐다.지지정당별로 보면 더불어민주당 지지층의 79%, 정의당 지지층의 56%는 대통령 직무 수행에 대해 긍정적으로 평가했지만, 자유한국당 지지층은 90%가 부정적이며 지지정당이 없는 무당층에서도 부정적 견해가 더 많았다.지난주는 남성, 20~40대, 블루칼라 직업군, 정의당 지지층 등에서 긍정률 낙폭이 컸고 이번 주는 여성(53%→47%), 50대(50%→35%), 성향 중도층(53%→46%) 등을 중심으로 추가 하락했다.대통령 직무 수행 긍정 평가자(447명)에게 이유를 물은 결과 '북한과의 관계 개선'(25%)이라는 대답이 가장 많았다. '외교 잘함'(15%), '서민 위한 노력·복지 확대'(9%), '대북·안보 정책', '최선을 다함·열심히 한다'(이상 7%) 등이 뒤를 이었다.부정 평가자(444명)는 부정 평가 이유로 '경제·민생 문제 해결 부족'(43%), '대북 관계·친북 성향'(20%), '일자리 문제·고용 부족'(4%) 등을 지적했다.문 대통령 취임 후 처음으로 직무 긍·부정률 격차가 10%포인트 이내로 감소한 것은 지난 9월 초다. 9월 중순 평양 3차 남북정상회담을 계기로 직무 긍정률 60%선을 회복했으나, 이후 다시 점진적으로 하락해 지금에 이른다고 갤럽은 설명했다.최근 대통령 직무 긍정률을 성·연령별로 보면 20대에서 유난히 성별 격차가 큰 것으로 나타났다. 이번 주를 기준으로 20대 남성은 38%, 20대 여성은 61%로 집계됐다.20대 남성은 대통령 직무뿐 아니라 현 정부의 대북·외교·경제·고용노동 정책 평가에서도 20대 여성보다 대체로 부정적이다. 복지·교육 정책과 공직자 인사 평가에서는 성별 차이가 거의 없었다.갤럽은 ""일각에서는 이러한 20대 성별 격차의 가장 큰 원인으로 젠더 이슈를 지목하지만 문 대통령 취임 이래 직무 평가 이유에서 직접적으로 언급된 바는 드물다""고 설명했다.정당지지도에선 여당인 민주당이 지난주보다 4%포인트 하락한 36%의 지지도를 기록했다. 자유한국당은 19%, 정의당은 9%, 바른미래당은 6%, 민주평화당은 2%였다. 지지 정당이 없는 무당층은 27%였다.이번 조사는 지난 11일에서 13일까지 사흘간 전화조사원 인터뷰 형식으로 진행했으며 표본오차는 ±3.1%포인트(95% 신뢰수준)에 응답률은 15%다. 자세한 사항은 중앙선거여론조사심의위원회 홈페이지에서 확인할 수 있다.parksj@news1.kr▶ 진짜 블록체인을 만나는 곳 '크립토허브' 오픈!▶ [페이스북] 바로가기!▶ 에어팟&스타벅스 커피 경품(~12/25)[© 뉴스1코리아(news1.kr), 무단 전재 및 재배포 금지]"
100,2018-12-14,의료환경 개선으로 2022년까지 5.5만명 고용창출,https://news.naver.com/main/read.nhn?mode=LSD&mid=shm&sid1=101&oid=008&aid=0004147112,머니투데이,"[머니투데이 김지산 기자] [9차 일자리위원회서 의결... 내년 7800억 투입]정부가 2022년까지 보건의료 분야에서 5만5000개 일자리를 창출하겠다는 청사진을 폈다. 구체적 방안으로 의료 업무환경 개선과 지역 내 건강관리 서비스 관련 인력 양성 등이 제시됐다.대통령직속 일자리위원회는 14일 서울시 종로구 일자리위원회 대회의실에서 이목희 부위원장 주재로 제9차 일자리위원회 회의를 열고 보건의료분야 일자리 확충 방안을 의결했다.일자리 만들기 방안은 크게 △지역 내 건강관리 인력 확충 △의료 인력 확충 등으로 구성됐다.먼저 동네병원을 통해 고혈압·당뇨 등 만성질환에 대한 관리계획 수립, 상담·교육, 지속 관찰 등 포괄적 관리 서비스 제공 인력이 고용된다. 동네병원과 보건소가 생활습관 관리 등 지원체계를 구축하게 되는데 내년 100명부터 시작해 2022년에는 700명까지 인력을 확보할 계획이다.당구장, 흡연카페 규제, 어린이집 주변 등 금연구역 확대에 따른 금연지도원은 올해 1323명에서 2022년 1636명까지 늘린다. 초기 치료를 마친 암환자 지원을 위한 통합지지센터는 현재 7개소에서 내년 14개소로 늘린다. 지역 내 정신질환자와 중독자 관리 전담인력도 늘리고 민간과 보건소 내 결핵관리 전담 간호사 등 전담인력도 확충한다. 독거노인과 장애인 건강관리 전담 인력은 내년에 각각 1300명, 21명씩 더 늘린다.간호사와 간호조무사, 간병지원인력 등 전문 인력들이 종합 입원서비스를 제공하는 간호간병통합서비스는 확대한다. 지난해 기준 2만3000병상을 2022년까지 10만병상으로 늘리고 인력을 확대하는 데 일부 국비가 투입되고 건보수가 보상도 동원된다. 내년에만 5800여명이 추가된다.2023년까지 중앙 및 권역별 감염병 전문병원이 각각 1개소씩 설립된다. 관절이나 뇌혈관, 신경과, 외과 등 전문병원을 지정해 관련 의료인력 확충을 유도한다. 의과-한의과 통합의료서비스를 기획하는 코디네이터 확충과 함께 환자안전 전담 간호사도 충원한다. 공공 어린이 재활병원과 센터 건립도 추진한다.지역간 의료격차 해소를 위한 책임의료기관 지정, 취약지 병원 비용 지원, 응급벼원 확대 등도 병행한다. 밤 10시부터 다음날 아침 8시까지 1개월 이상 야간근무만 전담하는 야간근무 간호사 보상을 강화하고 신규 간호사를 교육하는 교육전담 간호사 수도 늘린다. 올해에 이어 내년에도 입원전담 전문의를 100명 충원한다.간호대 정원을 올해 1만9683명에서 내년에 700명 증원한 2만383명으로 늘린다. 일반대학에만 허용하는 정원 외 학사편입 제도를 4년제 간호학과 전문대학까지 확대한다. 학사편집 규모도 학과 정원의 10%에서 30%로 늘린다.정부는 올해 5800명을 시작으로 내년 1만900명, 2020년부터 2022년까지 3만8900명 등 모두 5만5400명 일자리를 창출할 계획이다. 내년 한해 간보재정 5330억원을 비롯해 건강증진기금, 정부 재정 등 모두 7849억원이 투입된다.복지부 관계자는 ""이번 방안이 보건의료 서비스 확대와 질 향상 등 효과와 더불어 의료인 근무환경 개선, 양질의 일자리 창출을 유도할 것으로 기대된다""고 말했다.▶마사지 뭐가 달라요? Q&A▶팰리세이드, 숨겨진 기능이 있다?▶뉴스는 머니투데이김지산 기자 san@mt.co.kr<저작권자 ⓒ '돈이 보이는 리얼타임 뉴스' 머니투데이, 무단전재 및 재배포 금지>"
101,2018-12-14,"돈풀기 끝낸 유럽, 성장률 전망치 낮췄다…ECB의 딜레마",https://news.naver.com/main/read.nhn?mode=LSD&mid=shm&sid1=101&oid=277&aid=0004375857,아시아경제,"마리오 드라기 유럽중앙은행(ECB) 총재 [이미지출처=EPA연합뉴스][아시아경제 조슬기나 기자] 당초 예정대로 양적완화 종료를 공식 선언한 유럽중앙은행(ECB)은 경제성장률 전망치를 하향조정하며 유로존 경제를 둘러싼 리스크에 우려를 표하고 있다. 경제상황에 따라 언제든 양적완화 카드를 다시 꺼내들 수 있다는 입장도 내비쳤다. 출구전략 이후에 대한 ECB의 깊은 고민을 시사하는 부분이다.파이낸셜타임스(FT) 등에 따르면 ECB는 13일(현지시간) 독일 프랑크푸르트에서 열린 통화정책결정회의에서 이달 말로 자산매입 프로그램을 종료한다고 발표했다. 지난 4년간 자산매입 프로그램에 투입된 규모는 총 2조6000억유로에 달한다.특히 ECB의 발표는 최근 무역긴장 고조 등으로 경기지표가 둔화하면서 주요국 중앙은행들이 양적완화 종료시점을 재고하고 있는 가운데 나와 더욱 눈길을 끈다. 마리오 드라기 ECB 총재는 이날 기자회견에서 ""유로존 경제가 지속적으로 성장할 것으로 믿지만 우려도 증가하고 있다""며 ""최근 경제 지표가 예상보다 약하다""고 인정했다. 그는 무역긴장, 지정학적 혼란, 금융시장 변동성을 꼽으며 ""불확실성이 매우 크다""고 언급했다.유로존의 올해 경제성장률 전망치는 기존 2.0%에서 1.9%로 하향 조정됐다. 내년 성장률 전망치도 1.7%로 0.1%포인트 낮췄다. 또한 ECB는 유로존이 2020년에는 1.7%, 2021년에는 1.5% 성장할 것으로 내다봤다.이날 ECB는 자산매입 프로그램을 종료한 뒤에도 보유채권의 만기상환자금을 상당기간 재투자할 것이라는 입장도 밝혔다. 이는 통화정책 정상화를 점진적으로 진행하겠다는 의사를 표명한 것으로 해석된다. 또한 현행 0%로 유지한 기준금리를 최소한 내년 여름까지는 유지할 것으로 기대한다는 기존 입장도 재확인했다. 드라기 총재는 ""필요 시 자산매입 프로그램 등 비전통적 통화정책 수단도 다시 활용할 수도 있다""고도 덧붙였다.더욱이 내년 3월말로 예정된 영국의 EU탈퇴(Brexitㆍ브렉시트), 독일 성장세 둔화, 이탈리아 예산안 사태 및 프랑스 노란조끼 시위 등에 따른 회원국 재정악화 등은 ECB를 긴장하게 만드는 악재로 손꼽힌다. 월스트리트저널(WSJ)은 ""드라기 총재의 발언은 경제상황에 대한 깊은 우려를 보여준다""며 ""통화정책의 여력이 없다는 것이 더욱 문제""라고 짚었다. FT는 ""투자자들의 관심은 이제 금리인상 시기""라며 ""내년 말까지는 0%에서 인상되기 어려울 것""이라고 내다봤다.일부 전문가들은 ECB의 양적완화 정책이 경기부양 효과는 가져왔을지 몰라도, 정치적으로 독일과 다른 회원국 간 통화정책 갈등을 확대시켰다고도 지적했다. EU각국에서 극우정당 등이 대두하며 향후 이 같은 갈등은 더 심화할 것이란 관측이 나온다. 애버딘 스탠더드 인베스트먼트의 폴 디글은 ""이번 양적완화 종료는 경제가 아닌 정치적 결정""이라고 평가했다.조슬기나 기자 seul@asiae.co.kr▶ 네이버 홈에서 '아시아경제' 뉴스 확인하기▶ 재미와 신기 '과학을읽다'▶ 놀라운 '군사이야기'<ⓒ경제를 보는 눈, 세계를 보는 창 아시아경제 무단전재 배포금지>"
102,2018-12-14,"외교부 ""한미 방위비 협상, 총액 이견…최종 합의 못 이뤄""",https://news.naver.com/main/read.nhn?mode=LSD&mid=shm&sid1=100&oid=421&aid=0003740301,뉴스1,"""한두가지 쟁점 제외한 모든 사안에 합의""""외교채널 통해 향후 협의 일정 논의할 것""장원삼 외교부 한미 방위비분담협상 대표가 26일 서울 서초구 국립외교원에서 열린 제10차 한미 방위비분담특별협정 체결을 위한 제4차 회의에서 모두발언 하고 있다. 2018.6.26/뉴스1 © News1 사진공동취재단(서울=뉴스1) 배상은 기자,김다혜 기자 = 외교부는 14일 한미 양국이 내년부터 적용되는 한미 방위비분담금특별협정(SMA) 체결을 위한 제10차 회의에서 ""총액 관련 양측 입장 차이로 최종 합의에 이르지 못했다""고 밝혔다.외교부 당국자는 14일 기자들과 만나 ""한미 양국은 이번 회의에서 총액과 한두가지 쟁점을 제외한 모든 사안에 합의하고 문안을 정리했다""며 이렇게 밝혔다.이 당국자는 ""우리로서는 합의적인 수준에서 조속한 타결을 이루기 위해 계속 미국 측과 긴밀히 협의해 나가고자 한다""며 ""향후 협의 일정은 외교채널을 통해 논의할 예정""이라고 밝혔다.한미 양국은 지난 11일부터 13일까지 사흘간 방위비분담특별협정 체결을 위한 10차 회의를 실시했다.dhk@news1.kr▶ 진짜 블록체인을 만나는 곳 '크립토허브' 오픈!▶ [페이스북] 바로가기!▶ 에어팟&스타벅스 커피 경품(~12/25)[© 뉴스1코리아(news1.kr), 무단 전재 및 재배포 금지]"
103,2018-12-14, 일반고와 동시 선발에도…지원자 몰린 외고·특목고 ,https://news.naver.com/main/read.nhn?mode=LSD&mid=shm&sid1=102&oid=028&aid=0002436091,한겨레,"서울, 외고 경쟁률 ‘1.8대1’ 기록 등특목고 몰리고 미달 자사고도 줄어부산·세종 등도 특목고 경쟁률 올라탈락해도 2지망 일반고 가능해‘고교 서열화 탈피’ 정책 효과 미미13일 오전 서울 강남구 코엑스에서 열린 2019 정시 대학입학정보박람회에 입장하기 위해 학생과 학부모 등이 길게 줄을 서 북적이고 있다. 신소영 기자 viator@hani.co.kr정부가 2019학년도부터 특수목적고(특목고)와 자율형사립고(자사고)의 신입생을 일반고와 같은 시기에 뽑도록 했는데도 서울, 부산 등에서 특목고 경쟁률이 상승한 것으로 나타났다. 특목고 등의 단계적 폐지를 위해 일반고와 동시에 전형을 실시하도록 한 정부 정책이 시행 첫해 별다른 효과를 보지 못했다는 분석이 나온다.13일 서울시교육청의 ‘2019학년도 자사고·외국어고·국제고 원서접수 현황’을 보면, 외국어고의 일반전형(1120명 모집)은 경쟁률이 1.8 대 1로 지난해 1.5 대 1에 견줘 지원자가 오히려 20%가량 늘었다. 서울에 한곳뿐인 국제고(서울국제고)도 105명을 뽑는 전형에 346명이 지원해 3.3 대 1의 높은 경쟁률을 보였다. 지난해는 2.8 대 1이었다.부산 지역 상황도 비슷했다. 12일 접수가 끝난 부산의 3개 특목고인 부산국제고·부산외국어고·부일외국어고의 전체 일반전형 경쟁률은 1.6 대 1이다. 488명 모집에 776명이 지원했다. 지난해는 1.4 대 1이었다. 부산외고의 경쟁률이 약간 하락했지만 부산국제고와 부일외국어고가 비교적 많이 올랐다. 세종국제고는 2019학년도 일반전형 경쟁률이 2.7 대 1로 지난해 2.6 대 1에 견줘 약간 올랐다.경남의 외고 2곳은 희비가 엇갈렸다. 김해외고는 지난해와 같은 1.5 대 1을 기록했고 경남외고는 1.2 대 1로 지난해 1.4 대 1보다 소폭 하락했다. 인천·대구·경북·대전·충남·울산의 외고와 국제고도 대부분 경쟁률이 소폭 하락했다.경북 구미시의 경북외국어고는 일반전형 경쟁률이 1.1 대 1로, 지난해 1.6 대 1에 견줘 비교적 큰 폭으로 하락했다. 도교육청 관계자는 “구미는 고교 비평준화 지역이라 외국어고 후기모집에서 탈락하면 정원 미달 일반고에 가거나 멀리 떨어진 포항의 일반고에 갈 수밖에 없다. 지원자 입장에서 부담이 있었던 것 같다”고 말했다.자사고는 서울을 빼고 대부분 하락했다. 서울 21개 자사고는 일반전형에 8073명(정원 6231명)이 지원해 경쟁률이 1.3 대 1을 기록했다. 지난해 1.29 대 1과 거의 차이가 없다. 지원자가 미달한 자사고도 지난해 7곳에서 올해는 5곳으로 줄었다.부산의 유일한 자사고인 해운대고는 2년 연속 정원을 채우지 못했다. 지난해 일반전형 192명 모집에 176명이 지원해 0.9 대 1을 기록한 데 이어 올해도 일반전형 192명 모집에 160명이 지원해 0.8 대 1을 기록했다.지난해까지 일반고(후기고)보다 먼저 신입생을 뽑았던 외고·국제고·자사고(전기고)는 우수 학생을 대거 확보한 뒤 일부가 입시 명문고로 변질해 고교서열화를 부추겼다는 비판을 받아왔다. 정부가 특목고와 자사고의 선발 시기를 후기고로 옮기면서 이들이 입시 때 고전할 것이라는 예상이 나왔다. 하지만 외고와 국제고의 경쟁률이 되레 상승한 곳이 나왔고 나머지도 소폭 하락에 그쳤다.이런 결과는 최근 헌법재판소의 결정에 따라 특목고 지원자들이 탈락해도 2지망 등의 방법으로 일반고에 진학할 수 있게 된 것이 큰 영향을 끼쳤다고 전문가들은 보고 있다. 유성룡 에스티유니타스 커넥츠스카이에듀 진학연구소장은 “지원자들이 외고와 자사고를 지원해도 눈에 띄는 불이익이 없는데다 교육부의 수능 중심 정시전형 확대 방침도 외고나 자사고에 불리하지 않다고 판단한 것 같다”고 설명했다. 부산·대구·대전·인천·울산/김광수 김일우 송인걸 이정하 신동명 홍석재 기자 forchis@hani.co.kr[ 신뢰도 1위 ‘한겨레’ 네이버 메인 추가][블록체인 미디어 : 코인데스크][신문구독][ⓒ한겨레신문 : 무단전재 및 재배포 금지]"
104,2018-12-14,"""온수배관 파열 전조증상? 겨울에도 땅이 따뜻하다면 의심해봐야""",https://news.naver.com/main/read.nhn?mode=LSD&mid=shm&sid1=102&oid=052&aid=0001228777,YTN,"YTN라디오(FM 94.5) [김호성의 출발 새아침]□ 방송일시 : 2018년 12월 14일 (금요일)□ 출연자 : 조원철 前 연세대 방재안전관리연구센터장-열수송관, 전국 4만 km 이상 매설-열수송관 내구연한 40년, 유지관리 잘하면 50년도 사용가능-난방공사 1년에 2번 점검, 평소 수시로 점검해야-현재 육안·열화상카메라가 점검의 전부-열수송관 긴급점검, 난방공사 관리 지역만 해당-열화상카메라 상으로 10도이상 차이? 이미 일 벌어진 것-문제는 11kg 압력을 버틸 낡은 관 두께...빨리 측정·대비해야-사고위험지역 밝히지 않는 이유...정확하게 파악 못하고 있는 것◇ 김호성 앵커(이하 김호성): 조금 전 뉴스브리핑을 통해서 이상징후가 나타난 노후 열수송관 현황 어느 곳에 문제가 있는가 알려드렸습니다만, 조금 더 자세한 정보를 드리도록 하죠. 재난관리 전문가이시죠. 연세대학교 조원철 명예교수, 연결해서 관련 이슈를 이어가보도록 하겠겠습니다. 교수님, 안녕하십니까.◆ 조원철 前 연세대 방재안전관리연구센터장(이하 조원철): 예, 수고 많으십니다.◇ 김호성: 요즘 인터뷰하시느라고 굉장히 많이 바쁘신 것 같습니다. 지난 백석역 사고의 경우에는 사망사고까지 나지 않았습니까. 그런데 그 이후에 계속 이 같은 노후 열수송관 파열사고가 일어나고 있다는 보도가 나오고 있고요. 많은 분들이 불안해하고 그렇습니다. 그런데 이 같은 사고원인, 나타나는 징후가 다 비슷비슷하다고 봐야 하는 건가요?◆ 조원철: 그렇죠. 전국에 4만km 가까이 이런 열수송관이 크고 작은 것이 있습니다. 그 가운데 전체를 보면 가장 근본적인 원인은 관리부실입니다. 관리부실이라고 하는 것은 이런 뜨거운 고압 열수송관이기 때문에 평시에 일상적으로 해야 하거든요. 그런데 이걸 하지 않은 이유가 인건비 절감을 위해서 안전관리 요원들을 배치하지 않았기 때문에 이런 일이 발생한다. 저는 그렇게 판단하고 있습니다,◇ 김호성: 이게 관리부실이라고 말씀하시는데요. 그렇다면 부실한 관리로 인한 현상들이 계속 앞으로도 이어지지 않을까, 이런 걱정이 드는데. 계속 그런 상황이 지금 펼쳐질까요?◆ 조원철: 앞으로 점점 더 많아지죠. 왜냐면 시설이 날마다 늘어나고 있거든요. 날마다 늘어나고 있습니다. 아파트가, 주거시설이 집단화되면서 개별난방보다는 열 공급하는 것이 훨씬 효율적이기 때문에 이런 시설은 점점 늘어나기 때문에, 그리고 또 관의 그동안에 매설해놓은 것의 나이가 점점 들어가고 있거든요. 그렇기 때문에 날로 더 이런 일은 확장될 걸로 보고 있습니다.◇ 김호성: 배관이 나이가 들어간다는 게 결국 배관의 노후화 말씀하시는 거잖아요. 그런데 온수배관 수명이 평균 40년 된다고 하는데, 최근에 안산에서 터진 것은 그렇게 오래 전에 묻힌 게 아니라는 이야기잖아요.◆ 조원철: 예, 그게 문제죠. 왜냐면 40년이 설계목표라고 하면 40년까지는 안전하게, 이론적으로는 모든 것이 정상작동이 돼야 하는데 이게 사람도 태어나서 건강을 유지하기 위해서는 어릴 때부터 전부 예방주사도 맞고 또 비타민도 먹고 건강하게 우리가 예방활동을 하지 않습니까. 이런 시설물도 마찬가지입니다. 만들고 설치하고부터 모든 것을 유지관리를 잘해서 기대하는 수명 이상으로, 유지관리 잘하면 40년 아니라 50년까지도 사용할 수가 있습니다. 그런데 유지관리가 부실하기 때문에 이런 일이 발생하는 거죠.◇ 김호성: 그런데 지난번에 교수님께서 인터뷰하신 내용을 보면 노후관로를 덮고 있는 '토피'라고 표현하셨잖아요, 토피.?◆ 조원철: 그거, 예. 덮은 거.?◇ 김호성: 그것이 지금 약 1m50 정도 된다. 이렇게 이야기하는데 그것보다 훨씬 더 두텁게 묻혀있어야 하는 겁니까?◆ 조원철: 앞으로 기후변화에 대비해서요. 기후변화라고 하는 것이 극한 온도로 자꾸 바뀌어나가기 때문에 겨울이 더 추워질 수 있거든요. 지금 우리가 조금 실감하고 있습니다만. 그러면 토피라고 하는 것은 관 상단에서부터 지표면까지 그 두께를 이야기합니다. 그러면 이게 왜 중요하냐면 외부에서 오는 충격도 받아줘야 하고, 또 겨울 되면 얼어버립니다. 얼면 외부에서 오는 충격을 바로 전달하기 때문에 1m50 가지고는 적기 때문에 최소한 2m 또는 그 이상이 돼야 하는데 이거 땅을 더 파는 것 때문에 공사비가 더 들거든요. 그걸 피하기 위해서 현재 기준이 1m50 정도인데, 이건 아마 기준을 상향조정해야 할 겁니다.◇ 김호성: 그런데 이 같은 문제가 있는 부분을 한국지역난방공사에서 점검한 결과, 203곳에서 이상징후가 발생했다고 하는데요. 그러면 그 203곳에서 이상징후가 발견됐다고 한다는 것은 앞으로 유사한 사고가 이 지역들에서 다시 재발할 수 있다는 얘기잖아요.◆ 조원철: 그렇죠. 근본적으로 그런데, 수요 고잔에서 발생한 것은 그 203곳에 들지도 않았던 곳이거든요. 그러니까 문제입니다. 조사했다고 하는 것이 난방공사에서 관리하는 것만 조사했거든요.◇ 김호성: 민간들이 하는 건 제외된 겁니다.◆ 조원철: 예, 다 제외된 겁니다. 난방공사에서만 하는 건데도 고잔에서 발생된 상황은 그 203곳에 들지도 않았던 곳입니다. 그러니까 조사가 신뢰성 문제가 또 제기될 수 있는 거죠.◇ 김호성: 그런데 보통 조사를 하는 것이 어떻게 하는 겁니까? 육안으로 물이 새는지를 보거나, 열화상카메라로 점검하거나 이런 건데, 이 방법 이외에 다른 방법은 없습니까?◆ 조원철: 다른 방법이 더 정밀하고 시간이 걸리는 방법이 있죠. 현재 방법은 안전요원들이 관을 따라서 쭉 지나가면서 물이 새는지 여부를 육안으로 조사하고, 조금 이상징후가 보인다고 하면 열화상카메라인데. 열화상카메라라고 하는 것이 지금보다 온도가 더 뜨거우면, 약 3도 이상이 되는지, 아니면 10도 이상이 되는지를 기준으로 하고 있는데 그걸 판단하는 거거든요. 그러면 3도 정도의 온도차가 난다고 하는 것은 밑에 묻혀있는 관의 피복, 관 보호장치가 다 상해가지고 관으로부터 열기가, 뜨거운 열기만 나오는 정도가 3도 정도 되고요. 그다음에 10도 정도 차이난다고 하는 것은 이미 관에 구멍이 뚫려가지고 뜨거운 물기가 땅속으로 스며 나오는 경우입니다. 그렇기 때문에 이건 이미 일이 벌어진 상태예요. 그렇기 때문에 3도 이상이면 굉장히 주의 깊게 우리가 관 자체를 관찰해야 합니다. 경우에 따라서는 관을 파내가지고 직접 육안으로 관찰해야 하는 상태죠. 그렇기 때문에 조사는 매일매일 전 구간을 다 해야 합니다. 언제 어디서 무슨 일이 일어날지 모르지 않습니까.◇ 김호성: 그런데 지역난방공사, 그리고 민간에서 거의 절반씩 나눠서 맡아서 이것을 점검하고 있다고 하는데요. 민간이 관리하는 관리, 난방송사가 관리하는 관리. 어느 쪽이 조금 더 관리가 잘되고 있다고 봐야 할까요?◆ 조원철: 민간도 여러 부분으로 나눌 수 있는데 산업체에서 하는 것은 비교적 저는 잘하고 있다고 판단하고 있습니다. 예를 들어서 제강회사든지 발전소든지 이런 데는 하고 있는데, 순수 민간 아파트 지역에는 문제가 많죠. 거의 하고 있지 않죠. 하고 있지 않고, 난방공사도 1년에 2번 했다고 하는데 1년에 2번 해서는 안 되죠. 문제는 안 할 때 터지지 않습니까.◇ 김호성: 사고 위험성이 있다는 16곳 열수송관의 경우를 보면 고양, 분당, 수원, 대구, 강남, 이런 식으로 돼 있는데 구체적으로 그 지역에 사시는 분들 입장에서 보면 도대체 내가 살고 있는 곳이 해당하는 걸까, 굉장히 불안하거든요.◆ 조원철: 굉장히 불안하죠. 불안하면 그게 시민들을 굉장히 불편하게 만들고, 또 어떤 분들 좀 민감한 분들은 스트레스까지 쌓이게 하는 거거든요. 그렇기 때문에 이게 빨리 조처를 해야 합니다. 그뿐만 아니고 정밀조사를 해야 해요. 관을 조사하는 것이 가장 중요한 것이 낡은 관에 힘을 받을 수 있는, 압력을 받을 수 있는 관 두께가 얼마나 남아 있느냐 하는 거거든요. 그건 왜냐면 관 내부가 부식이 됩니다. 부식이 되기 때문에 남아있는 관의 두께를 빨리 측정하거나 예측해서 대책을 세워야 하고. 특히 문제 되는 것이 이번에 백석도 그렇고 고잔도 그렇고 전부 관의 용접 부분이 문제거든요. 관 용접이라고 하는 것은 열을 받게 하기 때문에 용접한 부분을 보호할 수 있는 커플링 장치를 덧씌우기입니다. 덧씌워서 보호하는 장치를 반드시 해야 하는데, 공법에서 그걸 하지 않은 경우가 상당히 많이 있거든요. 그래서 그 부분이 부식되니까 힘을 받아서 약하게 떨어지고. 안팎으로 힘을, 안에는 수압을 받고, 뜨거운 수압을 약 11kg까지 압력을 받고 바깥에서는 외부에서 오는 트럭이든지 이런 충격을 받고 하니까 그게 약해져서 터지는 거죠.◇ 김호성: 열수송관 사고 위험성이 높은 지역을 구체적으로 왜 가르쳐주지 않는 것이죠? 구체적으로 가르쳐줄 수 있을 만큼 조사가 제대로 이뤄지지 않고 있는 것인가요? 아니면 있는데 여러 가지 다른 이유가 있어서 공개하지 않는 것인가요?◆ 조원철: 바로 그 이유입니다. 이거 정확하게 파악을 못하고 있죠. 그러니까 그건 뭐냐면 조사를 제대로 하지 못했다는 겁니다. 그렇게 하고, 어느 지점이다 그러면 또 그 지역의 주민들이 상당히 불안해하시면서 반발하실 거 아닙니까. 그러니까 그런 두 가지가 다 그런 이유로 인해서 발표를 제대로 못하고 있죠.◇ 김호성: 교수님, 정밀조사 결과가 나오기 이전에 일반 시민들의 입장에서 이 같은 상황에 대처할 수 있는 가장 현명한 방법은 그러면 무엇입니까?◆ 조원철: 그런데 가장 중요한 것이, 시민들은 관이 어디 매설돼 있는지 모르지 않습니까. 보도에 있는지 아니면 도로 한 가운데에 있는지 잘 모르기 때문에 주의하기가 굉장히 힘이 들어요. 그걸 전조현상을 발견하기가. 그러나 길을 다니면서 갑자기 겨울 같은 때도 땅이 따뜻하게 느껴지는 곳이 있으면 바로 신고해주셔야 합니다.◇ 김호성: 일단 신고를 해야겠다. 알겠습니다. 진전되는 상황에 교수님 조언이 필요하면 다시 한 번 저희들이 연결하도록 하겠습니다. 오늘 말씀 고맙습니다.?◆ 조원철: 수고하세요.◇ 김호성: 지금까지 연세대 조원철 명예교수였습니다.▶ YTN 개편 구독하면 총 300만원의 행운이!▶ 네이버 메인에서 YTN을 구독해주세요![저작권자(c) YTN & YTN PLUS 무단전재 및 재배포 금지]"
105,2018-12-14,"文대통령, 차관급 16명 인사 단행…靑참모 3인도 전진 배치",https://news.naver.com/main/read.nhn?mode=LSD&mid=shm&sid1=100&oid=023&aid=0003416118,조선일보,"‘광주 동신고’ 출신 3인...황서종 인사혁신처장·이호승 기재부1차관·정무경 조달청장문재인 대통령은 14일 기획재정부를 포함한 차관급 16명을 교체하는 대규모 인사를 단행했다. 청와대에서 대통령 보좌관·비서관직을 수행하다 각 부처 차관급으로 포진한 인사 3명(차영환, 이호승, 문미옥)이 눈에 띈다.청와대 참모에서 차관급으로 자리를 옮긴 차영환 국무조정실 제2차장, 이호승 기획재정부 제1차관, 문미옥 과학기술정보통신부 제1차관 /청와대 제공청와대는 이날 기재부 1차관에 이호승 대통령비서실 일자리기획비서관, 기재부 2차관에 구윤철 기재부 예산실장, 국토교통부 제1차관에는 박선호 국토부 국토도시실장, 중소벤처기업부 차관에는 김학도 한국산업기술진흥원 원장 등이 임명됐다고 밝혔다.인사혁신처장에는 황서종 소청심사위원회 상임위원이 임명됐고 과학기술정보통신부 제1차관에는 문미옥 청와대 과학기술보좌관이, 행정안전부 차관에는 윤종인 개인정보보호위원회 상임위원이, 문화체육관광부 제1차관에는 김용삼 국민체육진흥공단 전무이사가 각각 임명됐다.조달청장에는 정무경 기재부 기획조정실장이, 소방청장에는 정문호 서울특별시 소방재난본부장이 각각 임명됐다. 농촌진흥청장에는 김경규 농림축산식품부 기획조정실장이, 행정중심복합도시건설청장에는 김진숙 같은 청 차장이, 국무조정실 제2차장에는 차영환 청와대 경제정책비서관이 각각 임명됐다.국가보훈처 차장에는 이병구 보훈처 기획조정실장이, 원자력안전위원회 위원장에는 엄재식 동(同) 위원회 사무처장이, 개인정보보호위원회 상임위원에는 김일재 행안부 정부혁신조직실장이 각각 임명됐다.김의겸 청와대 대변인은 이번 인사 배경에 대해 ""전체적으로 경제 활력을 불어넣을 수 있는 역동적 정부를 만들어 국민들이 성과를 체감하게 하겠다는 인사권자의 의지가 담겨있다""며 ""(청와대 참모들의 전진배치에는) 지난 1년 7개월간 청와대에서 일하면서 대통령의 뜻을 직접 받들어 정책을 만들고 구현했던 분들이 직접 현장에 들어가 대통령의 뜻을 잘 구현달라는 뜻이 담겨있다고 생각한다""고 설명했다.김 대변인은 ""(차관급) 인사는 거의다 마무리된 것으로 안다""며 ""(청와대 참모 빈자리는) 준비되는대로 순차적으로 발표할 것""이라고 덧붙였다.왼쪽부터 황서종 인사혁신처장, 구윤철 기획재정부 제2차관, 윤종인 행정안전부 차관, 김용삼 문화체육관광부 제1차관, 박선호 국토교통부 제1차관 /청와대 제공전남 강진 출신 황서종 인사혁신처장은 1961년생으로 광주 동신고, 서울대 외교학과를 졸업하고 행시 31회로 공직에 입문했다. 안전행정부 인사정책관, 인사혁신처 인사혁신국장, 인사혁신처 차장, 소청심사위원회 상임위원을 지냈다.전남 광양 출신의 이호승 기재부 1차관은 1965년생으로 광주 동신고, 서울대 경제학과를 졸업하고 행시 32회로 공직에 입문했다. 국제통화기금(IMF) 선임자문관, 기획재정부 정책조정국장 및 경제정책국장을 차례로 지냈고 현재까지 청와대에서 일자리기획비서관으로 일했다.대구 출신 구윤철 기재부 2차관은 1965년생으로 대구 영신고와 서울대 경제학과를 졸업하고 행시 32회로 공직에 들어섰다. 기재부에서 정책조정국장, 사회예산심의관, 예산총괄심의관을 지냈고 현재까지 예산실장을 맡아 일하고 있었다.경남 산청 출신 문미옥 과기정통부 1차관은 1968년생으로 성모여고 포항공대 물리학과를 졸업하고 같은 대학에서 박사 학위를 취득했다. 한국여성과학기술인지원센터 기획정책실장을 지낸뒤 20대 총선에서 더불어민주당 비례대표로 국회에 입성했고, 문재인정부 출범후 의원직을 버리고 대통령과학기술보좌관으로 청와대에서 일해왔다.충남 홍성 출신의 윤종인 행안부 차관은 1964년생으로 상문고, 서울대 서양사학과를 졸업하고 행시 31회로 공직에 입문했다. 충남도 행정부지사, 행안부 정부혁신조직실장과 지방자치분권실장을 차례로 지냈고 현재까지 개인정보보호위 상임위원으로 일해왔다.경기 연천 출신의 김용삼 문체부 1차관은 1957년생으로 연천종합고를 졸업하고 문체부 국립국악원 국악진흥과장, 문체부 감사관 및 종무실장으로 일했다. 현재까지 국민체육진흥공단 전무이사로 일했다.서울 출신 박선호 국토부 1차관은 1966년생으로 신일고와 서울대 경제학과를 졸업하고 행정고시 32회로 공직에 입문, 국토부에서 주택정책관, 대변인, 주택도시실장, 국토도시실장을 차례로 지냈다충북 청주 출신 김학도 중기부 차관은 1962년생으로 청주고와 서울대 국제경제학과를 졸업하고 행시 31회로 공직에 입문, 산업통상자원부에서 자유무역협정정책관, 통상교섭실장, 에너지자원실장을 차례로 지냈다. 현재는 한국산업기술진흥원에서 원장으로 일하고 있었다.전남 나주 출신 정무경 조달청장은 1964년생으로 광주 동신고, 고려대 경제학과를 졸업하고 행시 31회로 공직에 입문, 기재부에서 민생경제정책관, 관세국제조세정책관, 대변인, 기회조정실장을 지냈다.충남 논산 출신의 정문호 소방청장은 1962년생으로 대전 보문고, 충남대 화학과를 졸업하고 대전, 충남, 인천에서 소방본부장을 지냈고 현재는 서울특별시 소방재난본부장으로 일하고 있었다.경기 화성 출신 김경규 농진청장은 1964년생으로 경동고, 고려대 경영학과를 졸업하고 행시 30회로 공직에 들어섰다. 농림축산식품부에서 식량정책관, 식품산업정책관, 식품산업정책실장을 차례로 지냈고 현재는 기획조정실장으로 일하고 있었다.인천 출신 김진숙 행정중심복합도시건설청장은 1960년생으로 인화여고, 인하대 건축학과를 졸업하고 기시 23회로 공직에 들었다. 국토해양부 기술안전정책관, 국토교통부 건축정책관 및 서울지방국토관리청장을 지냈고, 현재까지 행정중심복합도시건설청 차장으로 일해왔다.서울 출신 차영환 국무조정실 2차장은 1964년생으로 대일고, 서울대 경제학과를 졸업하고 행시 32회로 공직에 입문했다. 국제부흥개발은행(IBRD) 선임 이코노미스트, 기재부 성장전략정책관 및 정책조정국장을 지냈고, 현재까지 청와대에서 경제정책비서관으로 일했다.전남 해남 출신 이병구 보훈처 차장은 1963년생으로 광주고, 한양대 행정학과를 졸업하고 행시 30회로 공직에 입문해 보훈처에서 보훈선양국장, 서울지방보훈청장, 보상정책국장, 기획조정실장을 지냈다.충북 충주 출신 엄재식 원안위원장은 1966년생으로 충주고, 서울대 사회복지학과를 졸업하고 행시 39회로 공직에 입문했다. 원안위에서 창조행정예산과장, 기획조정관, 방사선방재국장, 사무처장을 차례로 지냈다.전북 순창 출신 김일재 개인정보보호위 상임위원은 1960년생으로 숭실고, 서울대 정치학과를 졸업하고 행시 31회로 공직에 입문해 행안부 정책기획관, 안전행정부 인사기획관, 전북도 행정부지사을 지냈다. 현재까지 행안부 정부혁신조직실장으로 일했다.[박정엽 기자parkjeongyeop@chosunbiz.com][조선닷컴 바로가기][조선일보 구독신청하기]- Copyrights ⓒ 조선일보 & chosun.com, 무단 전재 및 재배포 금지 -"
106,2018-12-14,다시 찾아온 한파…찬바람에 체감온도 '뚝',https://news.naver.com/main/read.nhn?mode=LSD&mid=shm&sid1=103&oid=056&aid=0010650800,KBS,"네, 다시 추워졌습니다.중부내륙과 전북북동내륙, 경북내륙에는 한파경보와 주의보가 내려지기도 했습니다.서울은 현재 영하 6.7도에 찬바람이 옷깃을 파고들어 체감온도가 영하 11.2도까지 떨어져 있습니다.주말인 내일 아침에도 서울이 영하 6도로 내일까지는 평년 기온을 2도에서 5도 정도나 밑돌아 춥겠습니다.일요일인 모레는 전국 대부분 지역에 눈이 내리면서 추위가 주춤하겠습니다.모레는 특히 중부지방에 눈이 쌓이는 곳이 있을 것으로 보여 야외활동 계획 세우실 때 기상 정보를 참고하시기 바랍니다.현재 울릉도에는 대설경보가 내려진 가운데 눈이 내리고 있습니다.오늘 울릉도에는 최고 10센티미터의 눈이 더 쏟아져 쌓인 전망입니다.오늘은 전국이 맑겠지만, 전라도 서해안과 제주도에는 산발적으로 눈이 날리겠습니다.현재, 강원동해안과 일부 경남해안에는 건조주의보가 발효 중입니다.낮 기온은 서울이 1도, 대전과 전주 3, 광주와 대구 5도로 어제보다 1도에서 3도 낮겠습니다.바다의 물결은 동해 먼바다에서 4~5미터까지 매우 높게 일겠습니다.날씨 전해드렸습니다.KBS[저작권자ⓒ KBS 무단복제-재배포 금지]▶ 네이버 채널 KBS뉴스 구독! 시원하게 털어드립니다▶ ‘TV보다 ㄹㅇ’ 당신의 진짜 뉴스 ‘케이야’"
107,2018-12-14,"대종빌딩 입주자 ""쿵쿵 소리, 엘리베이터 흔들…아찔해""",https://news.naver.com/main/read.nhn?mode=LSD&mid=shm&sid1=102&oid=079&aid=0003175836,노컷뉴스,"신고 안했다면 아찔...다시 태어난 기분대종빌딩 뿐일까? 91년엔 자재파동 심각마감재 뜯을 수 없는데...육안점검만속 들여다볼 수 있는 점검구 마련해야■ 방송 : CBS 라디오 <김현정의 뉴스쇼> FM 98.1 (07:30~09:00)■ 진행 : 김현정 앵커■ 대담 : 익명(입주자), 안형준(건국대 전 건축대학장)서울 강남 한복판에 있는 지상 15층, 지하 7층의 대종빌딩이라는 곳. 91년도에 지어졌습니다. 그 안에는 중소기업, 법률 사무소, 상가 등등등 해서 90여 개 업체가 입주해 있었는데요. 물론 하루에 수백 명이 드나드는 곳이죠. 그런데 지난 8일 내부 인테리어 공사를 하던 중에 2층의 원형 기둥이 부풀어오르고 기둥을 감싼 콘크리트가 부서져 내리면서 철골이 드러나고 또 굉음이 나고 균열이 확산되는 현상이 발견된 겁니다.서울시와 강남구청이 긴급 진단을 진행했고요. 그날부로 주민 퇴거 명령을 내렸습니다. 다행히도 큰 사고로 이어지지는 않았습니다만 어떻게 이런 일이 벌어진 건지. 지은 지 30년도 안 된 빌딩이 왜 이런 건지 모두들 의아해하고 있습니다. 진단을 해 봐야겠죠. 우선 이 건물에 입주했다가 그날부로 퇴거 명령을 받아서 퇴거한 한 업체의 얘기부터 들어보죠. 익명으로 연결합니다. 안녕하세요?◆ 입주자> 여보세요?◇ 김현정> 예, 안녕하세요. 대종빌딩에 입주하신 지는 얼마나 되셨어요?◆ 입주자> 저희는 약 한 1년 정도 됐습니다.◇ 김현정> 1년. 12일에 안전 점검이 내려지고 그날부로 빨리 퇴거해라 명령 듣고는 그냥 집기 빼신 거예요?◆ 입주자> 네, 그날부로 다 뺐습니다.◇ 김현정> 직원이 한 몇 분이나 사무실에 근무하셨어요?◆ 입주자> 저희 직원분들은 한 50명 가까이 됐습니다.12일 오전 서울 삼성동 대종빌딩 내 입주업체 직원들이 짐을 챙겨 붕괴 건물을 나서고 있다. 서울시에 따르면 11일 오후 신고를 받고 강남구청과 함께 긴급 점검 결과 안전진단 최하 등급인 E등급으로 추정되는 등 붕괴 발생 위험성이 존재하는 것으로 나타나 입주자들을 모두 퇴거시켰다고 밝혔다. (사진=황진환 기자)◇ 김현정> 그 50명이 그날 다 집기며 뭐며 빼고 엄청나게 혼란스러우셨겠는데요.◆ 입주자> 보통 이사라는 것도 한 달 전에 준비해도 힘든 건데 갑작스럽게 이렇게 돼가지고 또 저녁 11시, 12시까지 일을 하고 빠져나오게 됐습니다.◇ 김현정> 그 건물에는 몇 명 정도 상주해 있었습니까?◆ 입주자> 제가 알기로는 한 몇백 명은 되는 걸로 알고 있습니다.◇ 김현정> 몇백 명이 다 그날부로 퇴거를 했어요?◆ 입주자> 그저께 저녁 12시부로 다 이제 퇴거된 걸로 알고 있습니다.◇ 김현정> 물론 큰 사고 없이, 익명 피해 없이 건물에서 빠져나온 것만으로도 일단은 다행이기는 합니다마는 강남구 한복판 삼성동에 있는 15층짜리 건물이 그전에 아무런 신호도 없이 갑자기 붕괴 위기, 다 퇴거하라. 이 상황이 참 황당해요. 전혀 모르셨던 거예요? 어떤 사전 통지도 없었어요?◆ 입주자> 네. 저도 이제 그저께 아침에 뉴스를 보면서 삼성동에 있는 빌딩 그게 저희 빌딩이더라고요. 그래서 그 전날에 아무런 사전 통보 없이 12일날도 아무런 이야기도 없이 저희는 출근해서 몰려 있는 기자분들한테 얘기를 듣고 나서야 자세한 상황을 알게 되고 심각성을 그때 알게 됐습니다.◇ 김현정> 그런데 당장 퇴거 명령을 해야 될 만큼 상황이 심각하다는 얘기인데 평소에 근무하실 때 어디가 금이 갔다거나 뭔가 조짐 같은 건 못 느끼셨습니까?◆ 입주자> 크게 어떤 징후에 대해서는 느끼지 못했는데 다른 업체분들 이야기 들어보면 소리가 났다라든지.◇ 김현정> 무슨 소리요?◆ 입주자> 뭐 쿵쿵쿵 하는 그런 소리도 갑자기 들렸다고 이야기를 들었고요. 그다음에 엘리베이터 탈 때 살짝살짝 흔들렸다, 어지러움이 있었다. 이런 거는 들어봤습니다.◇ 김현정> 그렇군요. 아니, 이게 지금 하루아침에 이렇게 돼 가지고 직원들 50명 어디서 어떻게 근무하고 계세요?◆ 입주자> 지금 커피숍에서 일하는 분도 계시고 집에서 일하는 사람도 있고 몇몇 지금 나눠져가지고 일을 하고 있는 상황입니다.◇ 김현정> 뿔뿔이 흩어져서 일하고 계시는 거네요? 알아서 그냥 재량껏. 물질적인 손해도 손해고 또 하나는 심리적으로도 이거 이러다가 그냥 무너졌으면 이게 진짜 큰일이 날 뻔했구나 생각하시면 덜컥하실 것 같아요.◆ 입주자> 무엇보다도 거기에 2층에 있는 새로 입주하게 될 사람들이 인테리어를 하다가 어느 정도 심각성을 보고 구청에 신고를 해가지고 검사를 하고 정밀 조사하니까 거기서 만장일치로 E등급이 나왔다, 건물 상태가. 최하 등급을 받게 돼가지고 만약에 그 인테리어 회사가 그냥 모르겠다, 일단 공사를 했었으면 분명하게 저희는 내년 같았으면 아마도... 저는 어제 같이 대표님들하고 밥 먹고 있을 때 다시 태어났다고 얘기를 했거든요.◇ 김현정> 다시 태어났다.◆ 입주자> 분명하게 무슨 사고가 아주 크게 전 세계적으로 알 만한 그런 사고가 나지 않았을까 싶습니다.◇ 김현정> 아찔하신 거죠, 그러니까 생각하면. 오죽하면 다시 태어났다라고 지금 표현을 하시겠어요.◆ 입주자> 많이 심각했다고 하더라고요.◇ 김현정> 95년에 삼풍백화점 무너지던 그때가 떠올랐다는 분들도 계시겠어요.◆ 입주자> 네. 대한민국에서 가장 화려한 곳인 강남 삼성동 한복판에 발생했다는 것에 대해서도 의아하고.◇ 김현정> 일단은 90년대 지어진 건물이 어떻게 이렇게 콘크리트를 빼놓고 지을 만큼 허술하게 지어졌는가. 이게 하나 의문이고요. 또 하나는 안전 점검을 계속 받아왔는데 여태 어떻게 다 통과가 됐는가. 이게 의문입니다.그나마, 그나마 삼풍 그때보다 나아졌다고 느껴지는 건 그래도 조짐을 발견하자마자 신고를 했고 퇴거 명령을 즉시 내렸고 입주자들이 즉시 퇴거했고 이거 하나는 나아진 게 아닌가. 그런 생각이 드는데요. 얼른 좋은 사무실 얻으셔서 안전하게 근무하실 수 있기를 바라겠습니다.◆ 입주자> 감사합니다.◇ 김현정> 붕괴 위기에 처한 대종빌딩 입주 업체 한 분의 이야기를, 증언을 좀 들어봤습니다. 말씀드린 대로 어제 자정부터 사용이 전면 금지된 이 빌딩. 12일에 강남구가 실시한 안전 점검에서 최하등급 E등급을 받았기 때문인데요.E등급은 건물이 심각하게 노후해서 철거가 시급한 수준을 의미합니다. 그런데 놀라운 건 불과 9개월 전 같은 강남구청이 실시한 안전 점검에서는 최상 등급 A를 받았다는 사실입니다. 육안으로 점검했기 때문인데요. 전문가 연결합니다. 건국대 안형준 교수 연결이 돼 있습니다. 안 교수님, 안녕하세요?◆ 안형준> 안녕하세요.◇ 김현정> 현장 가보셨어요?◆ 안형준> 가봤습니다.◇ 김현정> 전문가 눈으로 보기에 건물 상태가 어떻던가요?◆ 안형준> 글쎄요. 제가 2층에 최초 발견한 현장을 가봤는데 당초에 사각형 기둥으로 설계됐던 것이 원형 기둥으로 시공돼 있는 걸 발견했고요. 원형 시공의 철근을 둘러싸고 하는 피복 콘크리트가 갈라져 있는 그런 상태를 확인했습니다.◇ 김현정> 저희는 이렇게 들어가지고는 잘 모르겠고 만약 이번에 인테리어를 시공하다가 시공 업자가 신고를 했으니 망정이니 그냥 뒀다면 어떤 일이 벌어졌던 거예요?◆ 안형준> 그냥 뒀다면 어떠한 일이 벌어질지도 모르는 거죠. 왜냐하면 대부분의 구조물들은 기둥이라든지 보라든지 슬라브를 마감재로 둘러싸여 있어요. 그러기 때문에 정기적으로 안전 점검, 안전 진단할 때는 마감재를 철거하고 일부를 봐야 됩니다. 기둥, 보 이런 걸.그러니까 전부 철거를 할 수 없으니까 점검구라고 해서 꼭 봐야 될 부분에는 점검을 해서 그걸 열고 보고 닫고 하는 이런 시스템이 필요한데 우리는 점검구가 적절하게 설치돼 있지 않은 것이 현실입니다.◇ 김현정> 그러니까요. 좀 생각하기 싫지만 만약 이 건물 인테리어 시공 업자가 신고 안 했으면 삼풍백화점 그 참사의 이런 것이 재현될 수 있었던 거예요?◆ 안형준> 그렇죠. 그 가능성을 배제할 수 없고요. 그렇기 때문에 우리가 환자가 의사한테 보일 때는 자기 몸의 일부를 보여줘야 되잖아요.◇ 김현정> 그렇죠.◆ 안형준> 그런데 환자가 옷을 입고 의사한테 판정 내리라는 것이 지금의 안전 점검, 안전 진단 같은 그런 상황이라고 비유할 수 있습니다.◇ 김현정> 두 가지입니다. 하나는 91년도에 준공했는데 왜 이렇게 지어졌느냐, 왜 이렇게 부실하게 지어졌느냐 이건데요. 왜라고 보세요?◆ 안형준> 우선은 기둥 사이즈가 달라졌어요. 90cm 사각형 기둥이 원형으로 돼 있어서 90cm 지름으로 했으니까 콘크리트의 단면이 15% 부족하고요.◇ 김현정> 왜 그렇게 바꿨을까요? 네모를 왜 동그라미로?◆ 안형준> 그렇죠. 그거는 아마 미관상 그랬는지 모르지만 미관상 그렇다고 하더라도 충분한 내력이 확보되어야 되고 그다음에 사각형 주위에 피복 두께를 빼놓고는 철근을 배근해야 되고 원형에서 또 마찬가지라면 사각형의 대각선 방향하고 지름이 90cm인 거하고는 철근의 내력이 41% 최대 떨어지는 시공을 했어요.왜냐하면 사각형의 대각선 방향은 1.41배가 되는데 90cm의 1.41배가 넘어서 철근이 배근돼야 되는데 원형 기둥은 그 안에서 배근해야 되기 때문에 철근도 최대 41% 내력이 저하되는 시공을 했습니다.◇ 김현정> 결국은 돈 아끼려고 그렇게 한 거 아니냐라는 의심을 하시는 거예요?◆ 안형준> 동일한 철근을 넣었다 할지라도 40% 떨어지는데 또 철근의 개수를 이번에 안전 진단에서 봐야 되고요. 아까 질문하셨던 91년도에 부실 시공을 했다는 것은 공교롭게도 신도시가 시공이 됐던 시점입니다. 그때 자재 파동이 있었고 자재 수급이 원활치 않은 상황이라서 그때는 어떤지 모르겠지만 정밀 안전 진단을 가지고 조사를 해 봐야겠지만 그때 어떤 문제가 있었나 하는 걸 정밀 조사해야 된다고 봅니다.◇ 김현정> 어떤 분이 그런 말씀을 하시던데. 6.25 전쟁 때 불고기 먹는 꼴이었다. 그러니까 그 당시 자재 파동이 한창이던 때 이런 건물들을 마구 지었던 것이 그런 것과 마찬가지라는 비유를 제가 어디서 들었는데 맞는 말입니까?◆ 안형준> 제가 얘기한 것 같은데요. 왜냐하면 그 당시에는 더 철저하게 좋은 자재를 써야 되고 시공을 철저히 해야 되는데 그 당시에는 여러 가지 우리 사회적으로 많은 공사가 있었기 때문에 자재 파동이라는 그런... 아마 국민들도 기억할 겁니다. 시멘트도 부족했고 철근 이런 것들도 품질 정보들을 안 쓰는 경우가 많아서 신도시에도 문제가 지적됐던 시기로 기억합니다.◇ 김현정> 알겠습니다. 그럴 때 자재 파동이 한창일 때 지어진 빌딩. 그래서 혹시 콘크리트 덜 쓴 거 아니냐. 지금 의심을 하는 건데 그러면 그 시점에 지어진 이런 빌딩 많지 않습니까?◆ 안형준> 많죠.◇ 김현정> 대종빌딩도 겉으로 보기에는 아주 멀쩡해요.◆ 안형준> 겉에는 외벽이 있으니까 힘받는 게 아니기 때문에 겉은... 안으로 뼈가 문제가 있으면 나중에 이제 문제가 생기는 거죠.◇ 김현정> 그래서 그때 지어진 이런 빌딩들 지금 다 괜찮은 건가. 걱정이 들어서요.◆ 안형준> 그래서 정기적으로 시설물 안전 관리 특별법에 의해서 정기적으로 안전 점검, 안전 진단하게 돼 있는데 바로 대종빌딩도 바로 하루 전까지만 해도 B등급을 받았던 건데 하루아침에 E등급이라서 철수한다는 것은 말이 안 되고요.E등급을 내려면 정밀 안전 진단을 통해가지고 판단해야 되는데 강남구청에서 섣부르게 판단해서 입주자를 다 내보내는 그런 상황이었는데 이것은 입주자들이 정밀 안전 진단을 위해서 철수해 주십시오. 이렇게 얘기해서 설득을 해야 되는데 그것을 막기 위해서 졸속적으로 E등급을 내린 게 아닌가. 이렇게 판단합니다.◇ 김현정> 저는 말입니다. 사실은 삼풍백화점 참사도 있었고 이런 성수대교 참사 이런 거 겪으면서 우리 사회가 그런 쪽에 상당히 의식이 높아졌고 실제로 제도도 많이 만들어졌더라고요. 그런데 이 빌딩은 15층이었어요. 15층까지는 육안으로 점검해도 되게끔 법이 돼 있어서 육안 점검을 해 왔다. 이 얘기를 듣고.◆ 안형준> 그건 아니고 1종 건물은, 1종 구조물은 21층 이상 5만 제곱미터. 2종은 5층에서 15층까지 3만 제곱미터. 15층에서 20층까지. 그다음에 3종은 5층에서 15층입니다. 그런데 이 건물은 3종이라서 안전 점검, 안전 진단을 하게 돼 있어요. 그래서 얼마 전에도 안전 점검해서 보고서가 B등급을 낸 그런 보고서가 있습니다.◇ 김현정> 그런데 그게 육안 점검이었다는 거잖아요.◆ 안형준> 안전 점검이 육안뿐이 아니라 체크를 하게 돼 있어요. 왜냐하면 의사가 환자를 볼 때 일반인하고 다릅니다. 점검구를 통해서 정확하게 전문가들이 점검하는 것을 안전 점검, 안전 진단이라고 하거든요.◇ 김현정> 그런데 지금 나오는 얘기들을 보면 이 건물은 다 뜯어보고 정밀 진단을 한 게 아니라 육안으로 대충 점검했기 때문에 A등급, B등급을 받아왔었다. 그런데 이번에 정밀 진단하니까 E등급 나왔다. 이렇게들 얘기가 되고 있는데 아닙니까?◆ 안형준> 정밀 진단을 지금 하고 있는 거죠. E등급을 내려면 정밀 진단을 해야 되고 그다음에 육안으로 봤을 때도 마감 재료 보면 아무 소용없고요. 뼈인 기둥과 보와 슬라브를 직접 눈으로 봐야 됩니다. 그런데 지금 현재 안전 점검, 안전 진단 실패는 그걸 보지 않고 하는 경우가 왕왕 있습니다.◇ 김현정> 육안 점검에서도 그러니까 안을 들여다보는 것과 겉으로 쓱 보는 게 있는데 지금 이...◆ 안형준> 반드시 보를 보고 기둥을 보고 봐야 되는데 건축주가 마감재를 뜯는 것을 원치 않아요. 그렇기 때문에 점검구가 있어야 된다는 거죠. 왜냐하면 사람을 보려면 심장이 가장 중요하잖아요. 심장 부분에 점검을 해서 필요할 때 열어서 보고 닫고 하는 이런 점검구가 반드시 있어야 하는데 우리나라에...◇ 김현정> 점검구가 없다.◆ 안형준> 제도는 있지만 그 제도를 정확하게 활용하기에는 우리가 현실적인 안전 점검, 안전 진단이 필요하다는 게 제 주장입니다.◇ 김현정> 그러면 지금까지는 이 3종 건물 같은 경우. 1, 2종은 반드시 안에 다 뜯어보고 보지만 3종 15층 이하 이런 건물 같은 경우에는 갔는데 점검구 없어요. 그러면 그냥 보고 오는 거였어요?◆ 안형준> 그러니까 1, 2종도 뜯어보고 안 했다는 거죠.◇ 김현정> 안 했던 거예요. 법으로는 어떻게 돼 있습니까? 무조건 뜯게 돼 있습니까? 아니면 점검구 없으면 그냥 와도 되는 겁니까, 육안으로 보기에는?◆ 안형준> 점검구를 반드시 설치하게 되는데 점검구가 없으면 뜯으면 얼마나 손해겠어요, 마감했던걸. 점검으로 하면 우리 소화전도 문을 열면 소화기가 있잖아요. 그런 식으로 점검구가 좀 현실적으로 설치해야 된다는 것이 제 주장입니다, 지금까지.◇ 김현정> 그러면 지금 법으로는 점검구 없으면 강제로 뜯어서 들여다보고 이렇게까지는 안 했던 거군요?◆ 안형준> 그렇죠. 그러니까 점검구라는 법이 없고.◇ 김현정> 법 자체가 없고.◆ 안형준> 그것이 바로 행정 지도죠, 관할 구청에서.◇ 김현정> 알겠습니다. 그래서 겉으로 쓱 보고 A등급 주고 왔다는 얘기가 그래서 나오는 거군요.◆ 안형준> 그렇죠. 그렇습니다.◇ 김현정> 그러면 이제 어떻게 해야 되는가의 문제가 남아 있는데.◆ 안형준> 원칙을 준수하는 게 필요하단 말이죠. 우리가 지진이 왔을 때 전문가는 어떻게 하고 관할 구청은 어떻게 하고 사용자는 어떻게 하고 매뉴얼이 없고요. 마찬가지 평소에도 그 건물을 사용하는데 거기에 관할 구청은 그 건물에서 어떻게 하고 그다음에 안전 관리 책임자는 어떻게 하고 사용자는 어떻게 하는지 매뉴얼이 없습니다. 그렇기 때문에 이번 기회에 각기 전문가라든지 구청이라든지 사용자들이 안전에 대한 의식을 그냥 겉으로만 하지 않고 교육과 실천하는 것이 안전을 지키는 가장 바람직한 일이라고 생각합니다.◇ 김현정> 여기까지 말씀 듣겠습니다. 안 교수님, 고맙습니다.◆ 안형준> 네.◇ 김현정> 건국대학교 안형준 교수였습니다. (속기=한국스마트속기협회)▶ 확 달라진 노컷뉴스▶ 진실지킴이 노컷뉴스를 지켜주세요▶ CBS가 만든 동영상 뉴스 구경하기저작권자 © CBS 노컷뉴스 무단전재 및 재배포 금지"
108,2018-12-14,국민연금 정부안 4개…소득대체율 40~50%·보험료율 9~13%,https://news.naver.com/main/read.nhn?mode=LSD&mid=shm&sid1=101&oid=003&aid=0008962808,뉴시스,"복지부, 현행유지·기초연금인상 포함 제시기초연금 30만~40만원으로 제시하기도 해다층노후소득보장…국가지급보장 명문화국무회의 심의 거쳐 12월말 국회에 제출【서울=뉴시스】정부가 국민연금 제도 개편안으로 현행유지방안과 기초연금 강화, 노후소득보장 강화 등 4개 개선안을 발표했다. 제도 조정 범위로 소득대체율은 40~50%, 보험료율은 9~13%, 기초연금은 30만~40만원 등을 제시했다. (그래픽=안지혜 기자) hokma@newsis.com【서울=뉴시스】강세훈 임재희 기자 = 정부가 국민연금 제도 개편안으로 현행유지방안과 기초연금 강화, 노후소득보장 강화 등 4개 개선안을 발표했다.제도 조정 범위로 소득대체율은 40~50%, 보험료율은 9~13%, 기초연금은 30만~40만원 등을 제시했다.보건복지부는 14일 정부서울청사에서 제4차 국민연금 재정계산 장기 재정전망과 제도개선 등을 포함한 '제4차 국민연금 종합운영계획안'을 발표했다.◇ 현행유지부터 기초연금·노후소득보장 강화까지국민 의견을 수렴한 결과 복지부가 제시한 개편안은 현행유지 방안과 기초연금강화 방안, 노후소득보장 강화방안 2개 등 크게 4개 안이다. 소득대체율은 40~50%, 보험료율은 9~13%, 기초연금은 30만~40만원까지 조정하는 방안을 정책대안으로 고려했다.우선 1안인 '현행유지 방안'은 소득대체율을 올해 45%에서 2028년까지 40%로 낮추고 9%(직장가입자 4.5%)인 현 제도를 유지하는 안이다. 대신 현재 25만원인 기초연금을 2021년부터 30만원으로 인상해 소득대체율을 보완한다. 30만원이 2022년 국민연금 A값의 12%에 해당하므로 노후소득을 평균소득의 52%까지 보장한다는 의미다.2안은 '기초연금강화 방안'이다. 소득대체율과 보험료율은 현행 제도를 유지하되, 기초연금을 2021년 30만원, 2022년 이후 40만원으로 인상해 노후소득을 최대 55%까지 보장하겠다는 내용이다.나머지 3안과 4안은 '노후소득보장강화 방안'이다. 기초연금을 2021년 30만원으로 두되, 소득대체율 인상 수준에 따라 보험료율을 올리는 두 가지 방안을 제시했다.우선 노후소득보장강화 방안 첫번째 안은 소득대체율을 2021년 45%로 유지하면서 그해부터 5년마다 보험료율을 현재 9%에서 1%포인트씩 올려 2031년 12%까지 인상하는 방안이다.두번째 노후소득보장강화 방안은 소득대체율을 2021년부터 50%까지 높이는 안이다. 이를 위해선 2021년부터 5년마다 1%포인트씩 2036년까지 13%로 인상해야 한다는 게 복지부 정책대안이다.이 같은 정책을 통해 실제로 국민연금 가입자가 노후에 돌려받는 금액은 얼마나 될까.평균 월소득이 250만원인 가입자를 기준으로 했을 때 실질급여액이 가장 높은 방안은 2안인 기초연금강화 방안으로 국민연금과 기초연금을 더해 총 101만7000원을 돌려받는다.이어 소득대체율을 50%까지 높이는 4안(노후소득보장강화 방안 두번째 안) 97만1000원, 3안(노후소득보장강화 방안 첫번째 안) 91만9000원 순이다. 1안인 현행유지방안을 택했을 경우엔 86만7000원을 받게 된다.각 방안에 따른 국민연금 기금 소진시점은 소득대체율을 45%까지 올리는 노후소득보장 강화방안 1안이 2063년으로 가장 늦고 2안이 2062년으로 뒤를 이었으며 현행유지방안과 기초연금 강화방안은 2057년 기금이 소진된다.박능후 복지부 장관은 ""대국민의견수렴 결과 국민연금 소득대체율, 보험료율에 대해 현행 제도를 유지하자는 의견, 노후소득부담을 강화하자는 의견, 재정안정성 강화를 주장하자는 의견이 혼재하는 것으로 나타났다""며 ""하나의 통일된 대안을 만드는 것은 어려웠고 소득대체율과 보험료율의 다양한 정책조합 범위 내에서 국민들의 의견을 최대한 반영하고 실현가능성 등을 고려해 여러 대안을 제시하기로 했다""고 말했다.국민연금 가입자 및 수급자 2000명을 대상으로 한 전화설문결과 가입자의 63.4%는 현행 보험료 수준이 부담된다고 답했다. 개선방향에 대해선 52.2%가 노후소득보장이, 43.5%가 재정건전성 확보가 중요하다고 했다. 구체적인 개편 방안으로는 현행제도 유지가 47.0%로 가장 많았고 더 내고 더 받는 방안(27.7%), 덜 내고 덜 받는 방안(19.8%) 순서로 선호했다.◇ 기초연금 2021년 30만원 조기인상…국가지급보장 명문화과거 1~3차 개혁과 달리 이번에는 국민연금 제도뿐만 아니라 기초연금, 퇴직연금, 주택·농지연금 등 연금제도와 연계해 노후소득을 보장하는 게 특징이다.복지부는 기초연금 강화 방안을 제시했다. 현재 소득하위 70%에게 올해 25만원씩 지원하는 기초연금은 내년 소득하위 20%를 시작으로, 2020년 40%까지 기초연금액을 30만원으로 인상한 뒤 2021년부턴 모든 수급자로 확대된다.【서울=뉴시스】이영환 기자 = 박능후 보건복지부 장관이 14일 오전 서울 종로구 정부서울청사 별관 브리핑룸에서 제4차 국민연금 종합운영계획안을 발표하고 있다. 2018.12.14. 20hwan@newsis.com아울러 퇴직금제도 폐지를 포함한 퇴직연금 활성화 및 적용대상 확대·중소기업퇴직연금기금제도 도입 추진 등을 통해 퇴직연금제도를 확충한다는 계획이다.주택연금은 일시인출한도 확대 및 실거주요건을 완화하고 농지연금은 제도의 맞춤형 홍보 강화를 통해 공적연금 제도를 보완한다.그간 퇴직금 성격인 공무원연금과의 형평성 등을 이유로 제기됐던 국가지급보장도 국민연금법에 명문화하기로 했다.박 장관은 ""국민연금은 국가가 존재하는 한 영속적으로 운용되는 것""이라며 ""이를 위해 가장 중요한 것은 국민연금에 대한 국민의 신뢰가 기반이 돼야 한다""고 말했다. 실제 전화설문조사 결과 응답자의 91.7%가 국가지급보장 명문화에 찬성했다.◇ 연금 사각지대 해소하고 기금운용수익률 높인다이외에도 복지부는 국민연금 사각지대를 해소하고 기존 제도 혜택수준을 개선한다.사업중단, 실직 등으로 보험료 납부가 어려운 지역가입자(납부예외자)에게 국민연금 보험료의 50%를 지원해주는 '저소득 지역가입자 보험료 지원' 제도가 신설된다. 첫 해에만 약 350만명의 납부예외자가 지원을 받을 수 있을 것으로 복지부는 내다봤다.사업주에게 국민연금 보험료 일부를 국가가 지원해주는 두루누리 연금보험료 지원 수준도 내년도 최저임금 인상분을 반영해 노동자 소득 기준을 190만원에서 210만원으로 올려 지원대상자를 늘린다. 농어업인 연금보험료 지원 사업의 기준소득월액도 91만원에서 97만으로 인상돼 혜택 대상이 늘어난다.현재 둘째아 12개월, 셋째아부터 18개월씩 국민연금 납부기간을 추가 인정해주는 출산크레딧 제도는 첫째아부터 6개월씩 인정해주는 방향으로 확대한다.배우자 사망시 30%만 지급하던 유족연금 중복지급률은 40%로 인상한다. 가입자가 사망할 경우에만 지급하던 사망일시금은 수급자가 연금 수급 개시 후  조기 사망할 경우에도 지급한다. 지급액은 사망시점과 관계없이 본인소득의 4배를 최소 보장한다.노령연금 수급시점에 급여를 분할하던 분할연금 분할방식은 이혼시점 소득이력에 따라 분할하는 식으로 바뀐다. 최저혼인 기간은 5년에서 1년으로 단축해 이혼한 배우자의 연금수급권을 강화한다.이번 종합운영계획안에는 기금운용 수익성과 투명성 강화 방안도 담겼다.재정추계상 수익률(평균 4.5%)보다 높은 목표수익률을 설정하고 위험자산(주식+대체) 60% 내외, 해외투자 45% 내외 등으로 투자를 다변화해 기금운용 수익률을 높인다는 계획이다. 기금운용직 보수인상 등 처우개선을 통해 기금운용본부 역량을 강화한다.기금운용위원회의 전문성과 대표성을 강화하고 위원회가 상시 운영되도록 국민연금법령 개정에 나선다.이번에 발표된 제4차 국민연금 종합운영계획안은 국민연금심의위원회를 거쳐 대통령이 주재하는 국무회의에서 심의·의결, 이르면 이달 말에 국회에 최종안 형태로 제출된다.박능후 장관은 ""다른 선진국도 오랜 기간 사회적 논의를 거쳐 공적연금 개혁을 이룬 바 있다""며 ""정부가 제시한 안에 기초해 향후 사회적 논의를 통해 개혁 방안이 선택될 수 있기를 바란다""고 말했다.limj@newsis.com▶ 뉴시스 빅데이터 MSI 주가시세표 바로가기▶ 뉴시스 SNS[페이스북][트위터]<저작권자ⓒ 공감언론 뉴시스통신사. 무단전재-재배포 금지.>"
109,2018-12-14,국민연금 보험료 9%→9~13%…소득대체율 40%→40~50% 추진,https://news.naver.com/main/read.nhn?mode=LSD&mid=shm&sid1=102&oid=001&aid=0010525956,연합뉴스,"복지부, 국민연금 4개 개편안 마련…'현행 유지' 안도 포함복지부, 국민연금 4개 개편안 마련 (CG)  [연합뉴스TV 제공](서울=연합뉴스) 신재우 기자 = 정부가 14일 국민연금 제도를 현재보다 조금 더 내고 조금 더 받는 구조로 개편하는 방안을 내놓았다. 현재 9%인 국민연금 보험료율을 12~13%로 올려 조금 더 내게 하는 대신 소득대체율(생애 평균소득 대비 노후 연금수령액의 비율)을 40%까지 낮추지 않고 45∼50%로 올려 노후소득을 좀 더 높여주는 방안이다.보건복지부는 이날 이런 내용을 골자로 한 '제4차 국민연금 종합운영계획안'을 발표했다.국민연금 보험료 9%→9~13% 추진…정부, 4개 개편안 마련 / 연합뉴스 (Yonhapnews)정부는 공적연금 정책목표를 달성하기 위해서는 국민연금 소득대체율의 조정 범위는 40∼50%, 보험료율은 9∼13%, 기초연금은 30만∼40만원 범위 정책대안을 고려할 수 있다고 밝히고 4개 방안을 제시했다.1안은 '현행유지' 방안으로 소득대체율을 40%로 유지하는 것이고, 2안은 기초연금을 40만원으로 올려 소득대체율을 40%로 맞추는 방안이다.3안은 소득대체율을 45%로 올리기 위해 보험료율을 현행 9%에서 12%로 올리는 방안, 4안은 소득대체율을 50%로 끌어올리고 보험료율은 13%로 인상하는 방안이다.정부는 정책목표를 달성하기 위한 정책조합의 선택은 국회 및 경제사회노동위원회 등 사회적 합의를 통해 이뤄져야 한다고 강조했다.박능후 보건복지부 장관은 이날 오전 10시 30분 정부서울청사에서 종합운영계획안을 발표한다.이번 정부안에 앞서 지난 8월 17일 발표된 국민연금 제4차 재정계산 결과, 국민연금 제도를 현재대로 유지하면 저출산과 인구고령화, 경제성장률 둔화로 2042년에 국민연금은 적자로 돌아서고 2057년에 적립기금이 소진될 것으로 추산됐다.withwit@yna.co.kr▶뭐 하고 놀까? #흥▶쇼미더뉴스! 오늘 많이 본 뉴스영상▶네이버 홈에서 [연합뉴스] 채널 구독하기"
110,2018-12-14,"제주, 예멘인 2명 난민인정…""언론인 출신으로 박해가능성""",https://news.naver.com/main/read.nhn?mode=LSD&mid=shm&sid1=104&oid=001&aid=0010525968,연합뉴스,"85명 중 50명 인도적 체류허가, 22명 불인정난민 인정자와 인도적 체류허가자 출도제한 조치 해제(제주=연합뉴스) 고성식 전지혜 기자 = 제주출입국·외국인청은 도내 예멘 난민 신청자 중 심사 결정이 내려지지 않았던 85명 가운데 2명을 난민으로 인정키로 했다고 14일 밝혔다.제주 예멘인 난민신청자 (PG)[최자윤 제작] 사진합성·일러스트출입국청은 난민 인정을 받은 2명이 언론인 출신으로 후티 반군 등에 비판적인 기사를 작성, 게시해 납치·살해협박 등을 당했으며 향후에도 박해 가능성이 높은 것으로 판단했다.출입국청은 이들이 제출한 진술과 자료를 면밀히 검증하고 관계기관 신원검증도 거쳐 난민 인정을 했다고 설명했다.또한 50명은 인도적 체류허가, 22명은 단순 불인정 결정됐으며 11명은 완전히 출국해 심사가 직권종료됐다.난민인정 요건에 해당하지 않지만 추방할 경우 예멘의 현재 내전 상황 등으로 인해 생명 또는 신체의 자유 등을 현저히 침해당할 수 있을 것으로 판단되는 50명에 대해서는 난민법 제2조 제3호에 따라 인도적 체류허가를 하기로 했다고 출입국청은 설명했다.제주, 예멘인 2명 난민 인정... ""언론인 출신"" / 연합뉴스 (Yonhapnews)단순 불인정 결정된 22명은 제3국에서 안정적인 정착이 가능한 것으로 보이는 등 국내 체류가 부적절하다고 판단된 사람들이다.난민 인정이나 인도적 체류허가를 받은 사람들의 경우 출도 제한 조치가 해제된다.이들은 출도제한 조치 해제 후 체류지를 변경할 경우 전입한 날부터 14일 이내에 관할 출입국·외국인 관서에 체류지 변경신고를 해야하기 때문에 향후 내륙으로 이동하더라도 체류지는 모두 파악이 가능하다고 출입국청은 설명했다.인도적 체류허가를 받았더라도 향후 예멘의 국가정황이 호전되거나 국내외 범죄사실이 발생 또는 발견될 경우에는 체류허가 취소 등의 조치가 취해지게 된다.올해 상반기 제주에 입국해 난민신청을 한 예멘인은 총 484명이다.3차례에 걸쳐 이뤄진 심사발표 결과 2명은 난민으로 인정받았고 총 412명이 인도적 차원의 체류를 허가받았다.56명은 단순 불인정 결정됐으며 14명은 직권종료(난민신청을 철회하거나 출국 후 재입국 기간 내에 입국하지 않은 자)로 심사가 마무리됐다.koss@yna.co.kr▶뭐 하고 놀까? #흥▶쇼미더뉴스! 오늘 많이 본 뉴스영상▶네이버 홈에서 [연합뉴스] 채널 구독하기"
111,2018-12-14,"국민연금 개편안, 보험료 9→9~13% 4개 방안 제시",https://news.naver.com/main/read.nhn?mode=LSD&mid=shm&sid1=102&oid=421&aid=0003740133,뉴스1,"(서울=뉴스1) 민정혜 기자 = mjh@news1.kr▶ 진짜 블록체인을 만나는 곳 '크립토허브' 오픈!▶ [페이스북] 바로가기!▶ 에어팟&스타벅스 커피 경품(~12/25)[© 뉴스1코리아(news1.kr), 무단 전재 및 재배포 금지]"
112,2018-12-14,"국민연금 개편 정부안, 국가지급보장 명문화",https://news.naver.com/main/read.nhn?mode=LSD&mid=shm&sid1=102&oid=421&aid=0003740114,뉴스1,"(서울=뉴스1) 민정혜 기자 = mjh@news1.kr▶ 진짜 블록체인을 만나는 곳 '크립토허브' 오픈!▶ [페이스북] 바로가기!▶ 에어팟&스타벅스 커피 경품(~12/25)[© 뉴스1코리아(news1.kr), 무단 전재 및 재배포 금지]"
113,2018-12-14,"제주출입국청, 예멘인 2명 난민인정…""언론인 출신 박해가능성""",https://news.naver.com/main/read.nhn?mode=LSD&mid=shm&sid1=104&oid=001&aid=0010525865,연합뉴스,"(제주=연합뉴스) 고성식 전지혜 기자 = 제주출입국·외국인청은 도내 예멘난민 신청자 중 심사 결정이 내려지지 않은 85명 중 2명에 대해 난민으로 인정했다.50명은 인도적 체류허가, 22명은 단순 불인정하기로 결정했다.난민인정을 하기로 한 2명은 언론인 출신으로 후티반군 등에 비판적인 기사 등을 작성한 것으로 조사했다.제주출입국청은 후티반군 등에 의해 납치, 살해·협박 등을 당했으며 앞으로도 박해 가능성이 높은 것으로 판단했다.제주, 예멘인 2명 난민 인정... ""언론인 출신"" / 연합뉴스 (Yonhapnews)제주 예멘인 난민신청자 (PG)[최자윤 제작] 사진합성·일러스트koss@yna.co.kr▶뭐 하고 놀까? #흥▶쇼미더뉴스! 오늘 많이 본 뉴스영상▶네이버 홈에서 [연합뉴스] 채널 구독하기"
114,2018-12-14,"국민연금 연금 급여 지급, 국가 보장 법으로 명시",https://news.naver.com/main/read.nhn?mode=LSD&mid=shm&sid1=102&oid=018&aid=0004272631,이데일리,"[이데일리 김보영 기자] 보건복지부는 14일 오전 10시 30분 국민연금 종합운영계획안을 발표해 국민연금법상 연금급여 지급을 국가가 보장한다는 취지가 명확히 드러나게 법 개정을 추진한다고 밝혔다.김보영 (kby5848@edaily.co.kr)선착순 '5만명' 한정, KFC 쿠폰이 공짜~[오만한 이벤트▶]빡침해소! 청춘뉘우스~[스냅타임▶]총 경품 1억원! 당첨인원 5만명![경품 타가세요▶]＜ⓒ종합 경제정보 미디어 이데일리 - 무단전재 & 재배포 금지＞"
115,2018-12-14,국민연금 보험료율 9~13%로…기초연금 합쳐 월 100만원 준다 ,https://news.naver.com/main/read.nhn?mode=LSD&mid=shm&sid1=102&oid=028&aid=0002436092,한겨레,"오늘 국민연금 정부안 발표보험료율 9~13%, 소득대체율 45~50% 4개안국민연금과 기초연금 합쳐 100만원 ‘노후 보장’박능후 보건복지부 장관이 14일 오전 정부서울청사 별관에서 브리핑을 열어 제4차 국민연금 종합운영계획안을 설명하고 있다. 백소아 기자 thanks@hani.co.kr14일 국민연금 정부안이 발표된다. 문재인 대통령이 정부안을 1차로 보고받은 뒤에 ‘국민의 눈높이에 맞는 개편안을 마련하라’고 재검토를 지시한 지 한달 만이다.이날 정부는 크게 4가지 선택지를 제시할 예정이다. 보험료율은 현행 9%에서 최대 13%까지 인상하는 내용을 담고 있다. 소득대체율은 현행 40%에서 45~50%까지 높아진다. 특히 정부는 국민연금과 기초연금을 합쳐 최소 월 100만원까지 보장받을 수 있는 안을 제시해, 국민들이 노후를 안심할 수 있도록 할 계획이다. 국민연금과 기초연금 등 공적연금 개혁의 목표를 명확히 한 셈이다. 국민연금과 기초연금 인상, 소득대체율과 보험료율 인상 등 여러 안을 조합해서 최종안이 결정된다.이날 오전 10시30분 박능후 보건복지부 장관, 김성주 국민연금공단 이사장 등이 직접 정부서울청사에서 기자회견을 열어 이러한 안을 발표한다. 국민연금 종합운영계획 최종안은 대통령이 참석하는 국무회의를 거쳐 국회에 제출된다.황예랑 기자 yrcomm@hani.co.kr[ 신뢰도 1위 ‘한겨레’ 네이버 메인 추가][블록체인 미디어 : 코인데스크][신문구독][ⓒ한겨레신문 : 무단전재 및 재배포 금지]"
116,2018-12-14,"제주출입국청, 예멘인 난민신청자 2명 난민인정",https://news.naver.com/main/read.nhn?mode=LSD&mid=shm&sid1=104&oid=001&aid=0010525865,연합뉴스,"(제주=연합뉴스) 고성식 전지혜 기자 = 제주출입국·외국인청은 도내 예멘난민 신청자 중 심사 결정이 내려지지 않은 85명 중 2명에 대해 난민으로 인정했다.50명은 인도적 체류허가, 22명은 단순 불인정하기로 결정했다.난민인정을 하기로 한 2명은 언론인 출신으로 후티반군 등에 비판적인 기사 등을 작성한 것으로 조사했다.제주출입국청은 후티반군 등에 의해 납치, 살해·협박 등을 당했으며 앞으로도 박해 가능성이 높은 것으로 판단했다.제주, 예멘인 2명 난민 인정... ""언론인 출신"" / 연합뉴스 (Yonhapnews)제주 예멘인 난민신청자 (PG)[최자윤 제작] 사진합성·일러스트koss@yna.co.kr▶뭐 하고 놀까? #흥▶쇼미더뉴스! 오늘 많이 본 뉴스영상▶네이버 홈에서 [연합뉴스] 채널 구독하기"
117,2018-12-14,"제주출입국청, 예멘인 2명 난민 지위 인정",https://news.naver.com/main/read.nhn?mode=LSD&mid=shm&sid1=102&oid=421&aid=0003740070,뉴스1,"(제주=뉴스1) 안서연 기자 = asy0104@news1.kr▶ 진짜 블록체인을 만나는 곳 '크립토허브' 오픈!▶ [페이스북] 바로가기!▶ 에어팟&스타벅스 커피 경품(~12/25)[© 뉴스1코리아(news1.kr), 무단 전재 및 재배포 금지]"
118,2018-12-14,"靑 ""특별특감반, 공직감찰반으로 명칭 변경…파견기관도 다양화""",https://news.naver.com/main/read.nhn?mode=LSD&mid=shm&sid1=100&oid=421&aid=0003740002,뉴스1,"조국 청와대 민정수석, 쇄신안 발표조국 청와대 민정수석. 2018.12.11/뉴스1 © News1 박정호 기자(서울=뉴스1) 양새롬 기자 = 조국 청와대 민정수석은 14일 민정수석실 산하 반부패비서관실 소속 특별감찰반(특감반) 사태와 관련해 쇄신안을 발표했다.권위적 어감의 '특별감찰반' 명칭을 '공직감찰반'으로 변경하고, 감찰반 내부 상호 견제 강화를 위해 파견기관을 다양화하기로 한 것이다.조 수석은 이날 보도자료를 통해 ""민정수석실은 이번 반부패비서관실 소속 특감반 사태를 법과 원칙에 따라 처리했다. 특감반원의 비위를 공개하지 않고 조용히 무마하던 과거 관행부터 개선해야 한다고 판단했다""며 이같이 밝혔다.조 수석은 ""정치권과 언론의 의혹제기 등 예상되는 정무적 부담을 감수하면서, 향후 공직감찰의 기강을 재정립하기 위해 특감반원에 대한 청와대 차원의 정식감찰, 징계청구, 그리고 전원교체라는 유례없는 선택을 했다""고 설명했다.그러면서 ""7일 민정수석은 특감반 쇄신안을 마련하여 대통령께 보고하고 재가를 받았다""고 말했다.조 수석에 따르면 특별감찰반은 감찰반으로 그 명칭이 변경된다. 조 수석은 ""고위공직자 및 대통령 임명 공공기관장 등을 감찰업무를 하는 반부패비서관실 감찰반을 '공직감찰반'으로 명명하여, 새로운 명칭에 업무범위를 명확히 하고자 했다""고 전했다.또 2003년 당시 문재인 민정수석에 의해 제도화된 '감찰반' 직제령도 보완·개정된다. 개정 직제령은 오는 18일 국무회의 상정 예정으로 국무회의 통과 후 공개될 예정이다.아울러 현재 검찰과 경찰로만 구성된 감찰반 구성도 다양화된다. 조 수석은 ""'공직감찰반의' 구성을 검찰·경찰·감사원·국세청 등 조사권한을 보유한 여러 기관출신으로 다양화 하고, 또 하나의 기관이 전체 구성의 1/3을 넘지 않도록 하여 내부 상호견제가 강화되도록 하겠다""고 설명했다.이밖에도 관행적으로 운영해왔던 감찰반 관리체계를 구체화·제도화했다. 조 수석은 ""이를 위해 사상 최초로 총 21조로 구성된 '공직감찰반' 업무내규를 제정했다""고 언급했다.flyhighrom@news1.kr▶ 진짜 블록체인을 만나는 곳 '크립토허브' 오픈!▶ [페이스북] 바로가기!▶ 에어팟&스타벅스 커피 경품(~12/25)[© 뉴스1코리아(news1.kr), 무단 전재 및 재배포 금지]"
119,2018-12-14,"혁신학교 ""빛 좋은 개살구"" vs ""강남도 21세기 교육을""",https://news.naver.com/main/read.nhn?mode=LSD&mid=shm&sid1=102&oid=079&aid=0003175823,노컷뉴스,"<송파 반대 학부모>학부모 90%이상이 반대..선택권 묵살한 학급당 30명 넘는 초과밀 지역토론식 창의교육? 현실적으로 어려워혁신학교 결론나면 등교거부·소송할것<곽노현 전 서울시 교육감>혁신학교 핵심은 '교사'...역량 뛰어나초과밀지역? 집단지성으로 해결 가능해학부모들 우려, 경험하고 나면 달라져일단 해보고 그때도 반대면? ""중간평가하자""■ 방송 : CBS 라디오 <김현정의 뉴스쇼> FM 98.1 (07:30~09:00)■ 진행 : 김현정 앵커■ 대담 : 익명(송파 반대 학부모), 곽노현(전 서울시 교육감)서울 송파구에 초대형 아파트 단지가 들어섭니다. 그런데 이 단지 내에 짓는 초등학교 두 곳, 중학교 한 곳을 혁신 학교로 지정하는 문제를 놓고 지금 진통이 격화되고 있습니다. 그제는 조희연 서울시 교육감과 주민들의 간담회가 있었는데 학부모들이 그 자리에서 점거 농성을 했죠.혁신 학교. 획일적인 학교 교육에서 벗어나서 창의적이고 능동적인 교육을 해 보자. 취지를 들어서는 참 좋은데 학부모들은 왜 반대하는 걸까요. 서울시 교육청, 이곳의 혁신 학교 지정 여부를 재검토해서 오늘 발표를 합니다. 그 발표의 날 아침, 양측의 입장을 듣고 판단해 보죠. 먼저 그제 교육감과의 면담 자리에 다녀오신 분이세요. 송파구의 한 학부모 익명으로 연결을 하겠습니다. 어머님, 안녕하세요?◆ 학부모> 네, 안녕하세요.◇ 김현정> 사진을 보니까 바닥에 학부모님들이 쭉 누워서 시위를 하실 정도로 아주 강하게 반대를 하시더라고요.◆ 학부모> 네, 그렇습니다.◇ 김현정> 이렇게까지 반대하시는 어떤 핵심적인 이유는 뭘까요?◆ 학부모> 저희가 자체적으로 입주 예정자들을 대상으로 설문 조사를 했는데요. 다수의 학부모들이 혁신 학교 강제 지정에 대해서 반대하고 있다라고 의견을 주셔서 저희가 3월에 반대 서명을 받아서 서울시 교육청 혁신교육과에 제출을 한 바가 있습니다.◇ 김현정> 그러면 다 학부모입니까 아니면 전체 그냥 주민 대상이에요?◆ 학부모> 다 학부모고요. 반대율로 보면 전체 인원 대비 90%의 반대를 하고 있는 상황이거든요.◇ 김현정> 90%가요?◆ 학부모> 네.◇ 김현정> 90%나 왜 혁신 학교는 안 된다 하시는 걸까요?◆ 학부모> 일단 저희가 반대하는 핵심은 한 반에 31명, 34명 되는 초과밀 학급에서 혁신 학교가 주장하는 토론식 창의적 교육 그런 것들이 이루어질 수가 없는 학급 구성이고요.◇ 김현정> 일단 초등학교 두 곳에 중학교 한 곳 지으면 그 주민들, 입주하시는 분들 아이들 수하고 비교해 보면 한 학급당 몇 명이나 되는데요?◆ 학부모> 한 학급당 가락초의 경우 31명이고. 31명, 32명이고요. 해누리초는 34명이라고 지금 알려져 있고요. 지금 타 송파구 평균 초등학교 구성이 22명에서 23명입니다.◇ 김현정> 그러면 혁신 학교의 어떤 교육 방침과 이런 걸 한 반에 31명 가지고는 할 수가 없을 것이다?조희연 서울시교육감 (사진=박종민 기자, 자료사진)◆ 학부모> 저희 환경과 지금 전혀 맞지 않는 거고요. 그리고 지금 일반 학교에서도 충분히 토론식 수업, 모둠 수업이 이루어지고 있거든요. 과밀 학급에서 굳이 혁신 학교로 반드시 해야 할 이유를 교육청 쪽에서도 대고 있지 못하고.실제 어떤 혁신 학교 다니고 있는 한 부모님의 말에 따르면 혁신 학교에서는 선생님에 따라서 다르겠지만 교과서 진도는 중요하지 않다. 너희들이 교과서를 배우는 건 큰 의미가 없고 선생님이 나름대로 구성해서 하는 게 더 중요하기 때문에 수학 교과서를 두 단원을 건너뛰고 학기를 마치는 그런 사례도 실제로 있다고 합니다.◇ 김현정> 그래요. 한마디로 말해서 그럼 지금 같은 환경에서 혁신 교육을 한다고 해 봤자 내실 있게 되기가 어려울 것이고 오히려 학력 저하만 가지고 올까 염려가 된다. 이런 말씀이시네요.◆ 학부모> 실제로 그걸 겪으신 분들이 많으시고요. (혁신학교가) 10년 동안 경기도나 다른 타 도로 퍼져왔는데 몇몇 잘된 사례 제외하고는 대부분의 학교가 일반 학교에 비해서 학력 저하가 있다라는 거는 밝혀진 사실이고요. 그것도 국감에서도 다 밝혀진 사실입니다. 저희가 없는 걸 얘기하는 것이 아니고 실제로 혁신 학교 많이 다니다가 저희 헬리오시티로 혁신 학교가 싫어서 오신 많은 학부모들이 계십니다.◇ 김현정> 알겠습니다, 어머님. 다른 거 다 떠나서 그쪽 주민들, 학부모들 90%가 반대하는데 이것을 묵살하면서 가는 게 옳으냐. 지금 그 부분을 많이 말씀하시는 것 같아요?◆ 학부모> 네, 그렇습니다. 지금 선택권을 보장하지 않고 그리고 가락초는 기존에 일반 학교였고 해누리초와 해누리중만 신설 학교인데 3개를 다...  가락초를 휴교 5년을 했다고 재개교를 신교처럼 취급을 해서 이렇게 강제로 조희연 교육감 독단으로 지정을 하려는 것 자체에 대해서 분노하는 것이고.◇ 김현정> 알겠습니다. 그러면 만약 과밀 학급 해소해서, 학급 수 늘려서 혁신 학교 하겠다. 이렇게 조건을 맞춰오면 그때는 오케이 하실 수 있어요? 그때도 그건 아닙니까?◆ 학부모> 저희가 굉장히 답답해하는 게 조희연 교육감님은 일반 학교와 혁신 학교 모두를 총괄하는 교육감이신데 왜 굳이 이렇게 대다수의 주민들, 학부모들이 대다수가 원치 않는 혁신학교를 반드시 해야만 하는지 거기에 대해서 저희가 조희연 교육감과 이번 주 직접 만난 자리에서 여쭤봤지만 거기에 대한 명확한 대답을 하지 못하시거든요.◇ 김현정> 그러면 학부모님들이 염려하시는 거는 사실은 30명을 15명으로 줄여주면 혁신 학교 하겠다. 이 문제라기보다는 어떤 교육의 질을 보장하지 못하는 학력 저하가 우려되는 상황에서 가지 말아라. 이쪽이 더 크신 거네요?◆ 학부모> 학력 저하도 물론 혁신 학교를 원하는 학부모도 일부 있을 수 있겠죠. 그렇지만 저희의 요구는 일반 학교로 세 학교를 다 개교를 해 주시고 지금 그 후에 학교가 안정화된 다음에 학부모들이 존재하는 상태에서 찬반 여부를 물으시라는 겁니다.◇ 김현정> 알겠습니다. 그래도 오늘 혁신 학교로 결론이 나면 그때는 어떻게 하실 계획이세요?◆ 학부모> 저희가 교육감에게도 말씀을 직접 드렸습니다. 저희는 학생들 등교 거부 같이할 거고요. 학생 없이 학교가 개교하게 되는 사태를 맞이할 것이고 그에 대한 책임은 저희 학부모들한테 있는 게 아니고 교육감 독단으로 강제 지정을 한 교육감님에게 있다고 생각합니다.◇ 김현정> 알겠습니다.◆ 학부모> 그리고 그에 맞춰서 저희가 지정 철회를 하기 위한 저희 행정 소송도 불사할 생각입니다.◇ 김현정> 여기까지 말씀 듣죠. 고맙습니다.◆ 학부모> 네, 감사합니다.◇ 김현정> 혁신 학교 설립을 두고 지금 심하게 갈등을 빚고 있는 곳입니다. 송파구의 초대형 아파트가 들어설 그 단지의 학부모 한 분 먼저 연결해 봤습니다. 이어서 혁신 학교를 처음으로 도입한 분이죠. 곽노현 전 서울시 교육감. 지금은 징검다리 교육공동체 이사장이세요. 만나보겠습니다. 곽노현 전 교육감님, 안녕하세요?◆ 곽노현> 네, 안녕하십니까.◇ 김현정> 앞서 송파구 학부모님의 입장 들으셨다시피 설문 조사를 해 보니까 그 단지에 입주할 학부모들 가운데 90% 이상이 혁신 학교에 반대하더라. 주민들의 자율권, 선택권을 존중해 달라 이러시는 거예요. 어떻게 생각하십니까?◆ 곽노현> 저는 일단 혁신 학교가 뭔지부터 시작해야 될 것 같은데요. 혁신 학교는 21세기 아이들에게 20세기 방식으로 교육하지 말고 21세기 교육시키자는 선도 학교예요. 지금 학교가 말단 관료 조직처럼 권위주의적으로 돌아갑니다. 그리고 공부 잘하는 아이들만 끼고 가고요. 그래서 여기에서 벗어나서 교육의 본질로 돌아가자. 아이 하나하나에게 초점을 맞춰서 올바른 성장과 발전을 돕자. 이런 취지 아닙니까? 그런데 혁신 학교는 한마디로 얘기하면 교사가 달라지기로 한 학교입니다. 그래서 교사가 학생 중심으로 교육하고 결단하고 거기 필요한 역량을 기르기 위해서 노력하는 학교다.자료사진, 위 사진은 내용과 내용과 다름◇ 김현정> 그러면 이사장님, 그러면 구체적으로 예를 들면 이런 식으로 이게 변한다. 어떤 수업의 한 장면을 조금 구체적인 예를 들어주신다면?◆ 곽노현> 혁신 학교에서는 토론 수업 같은 걸 많이 한다든가 발표, 토론 수업을 시키고 팀 프로젝트 수업을 시키고 또 모둠 협력 수업을 시키는 경우가 많이 있죠. 아이들이 중심이 되거든요.◇ 김현정> 초등학교에서 모둠 수업, 발표 수업 예전보다 훨씬 많아지기는 했던데요, 일반 학교도?◆ 곽노현> 그럼에도 불구하고 아직까지는 많은 경우에 문서로 남아 있는 경우가 대부분입니다.◇ 김현정> 조금 더 적극적으로 토론식 수업, 팀 프로젝트, 모둠 수업 이런 것들을 해 보겠다.◆ 곽노현> 뿐만 아니라 생활 교육에서도 아이들의 주체성 같은 것 좀 확실하게 인정해 주고 아이들 너무 수동적으로 만들지 않고 교육 과정도 가급적이면 통융합적으로 운용하려고 하고, 이게 다 선생님들 부담이 높아지는 거예요. 그래서 사실은 선생님들이 이런 교육으로 가야 된다라고 결단하신 분들이 모이기 제일 좋은 학교가 신설 학교잖아요. 사실 혁신 학교로 성공하기가 제일 좋은 시설 조건뿐만 아니라 그런 인적 조건을 갖춘 셈이에요. 신설 학교를 100% 혁신 학교로 지정한다는 방침은 제가 있을 적에 만들었습니다.◇ 김현정> 그때부터군요. 그래서 이번에도 신설 학교를 혁신 학교로 초등학교, 중학교를 만들겠다는 건데 앞에 학부모님은 그러세요. 그런데 지금 말씀하신 그런 것들을 구현해내기 위해서는 학생 수도 적절해야 되고 교사의 자질도 충분해야 되는데 지금 보면 이곳에는 학생수가 30명, 31명 이 정도가 되는데 30명 넘는 학생들 가지고 어떻게 혁신적인 수업이 가능하냐. 토론 수업, 팀 프로젝트 소화하기 너무 많다는 거고 또 혁신 학교의 수업을 충분히 이해하고 담아낼 정도로 숙련된 교사를 충분히 확보할 수 있겠는가. 그것도 믿을 수 없다. 이러시는데요?◆ 곽노현> 우선 첫 번째, 교사를 확보할 수 있느냐는 이건 이제 새로 만드는 (혁신)학교는 교사를 100% 신청받아서 뽑잖아요. 그렇기 때문에 그런 결단한 교사들, 그걸 아주 원하는 교사들. 그래야 교사의 기쁨과 보람이 있다고 생각하고 교사로서 성장할 수 있다고 생각하는 교사들이 신청을 할 것 아닙니까? 그러니까 다른 일반 학교하고는 비교할 수 없을 정도로 확보할 수 있는 가능성이 있는 거고요, 첫째.두 번째로 학급당 인원이 이제 한 30명쯤 된단 말이에요. 그러면 일반 학교보다 많게 되는 건데 이건 교사의 집단 지성이 발동되면요. 그러니까 학년별 교사들이 서로 협력하기 시작하고 서로 토론해서 대책을 강구하기 시작하고 그러면 교사들의 집단 역량이 굉장히 크게 돼요. 교사 한 사람, 한 사람으로서는 할 수 없는 것을 교사 집단이 할 수 있는 가능성이 확 열리거든요. 그게 사실은 혁신 학교거든요.◇ 김현정> 그러면 지금 과밀 학급이라는 부분보다도 교사의 자질이 충분히 확보만 된다면 과밀 학급이라는 건 해결될 수 있는 문제다? 다뤄질 수 있는 문제다라고 보시는 거예요, 곽 교육감님은?◆ 곽노현> 혁신 학교가 처음 만들어질 때 워낙 인기가 높아서 전학 오는 학생들이 많잖아요.◇ 김현정> 초반에 그랬어요.◆ 곽노현> 그래서 상당 기간 동안 과밀학급으로 운영되지 않을 수가 없었어요. 그 당시에 그렇게 많아져도 학부모들의 절대적인 지지가 계속됐거든요. 사실은 혁신 학교는요. 혁신 학교 학부모들에 대해서 전수 조사했어요, 국가 기관이. 이때 85% 안팎으로 초, 중, 고 모두에서 또 다른 자녀가 있으면 혁신 학교에 다시 보내겠다. 그 결과가 나와 있어요.◇ 김현정> 그러면 지금 송파구의 학부모님들은 왜 90% 이상이 반대하고 있다고 생각하세요? 그러면 그분들은 이 취지를 이해를 못 하셔서일까요?◆ 곽노현> 학부모들이 생각하시는, 걱정하시는 부분이 있잖아요. 혁신 학교는 애들 공부 안 시킨다더라. 이런 몇 가지 공통적인 우려 같은 게 있었어요. 그런데 이런 우려를 가진 학부모가 물론 한 20% 정도 있었으면 혁신 학교 1년 이상 경험하고 나서 조사해 보면 이런 우려를 가진 학부모의 수가 다 3분의 1, 4분의 1로 다 줄어듭니다. 그러니까 아주 극소수만 남아요. 다른 사람들은 왜 이렇게 좋아했으며 왜 이것이 정말 바람직한지를 직접 경험하시고 판단하는 게 더 올바를까요.◇ 김현정> 일단 경험해 보시고 그래도 반대다 하면 그때는 번복할 수 있습니까, 그러면? 학교를 다시 일반 학교로 바꿀 수도 있나요?◆ 곽노현> 지금처럼 이제 갈등 국면이 심하잖아요. 이런 국면에서는 뭐 그렇게 해 볼 수도 있는 것이죠. 우리가 중간 평가라는 게 있잖아요. 그래서 이 혁신 학교에 대해서, 사실은 굉장한 기회입니다.저는 교육청이 지금 헬리오시티에 혁신 학교 3개를 만드는 것에 큰 관심이 있는 이유를 이렇게 이해해요. 저라면 이렇게 생각했을 겁니다. 강남이 우리나라 최첨단이고 최혁신이지 않습니까? 그러면 한국의 교육 표준을 혁신 학교로 바꾸려면 강남에서 성공해야 됩니다. 그런데 지금까지 혁신 학교는 강남 3구에 별로 진출하지 못했어요. 그것은 정책적으로 혁신 학교를 다소 열악한 지역에 우선적으로 배려한다는 생각이었어요. 지원한다는 생각이었습니다. 왜냐하면 좋은 거를 다소 불리한 여건의 아이들에게 먼저 선보여야 된다는 생각 때문에요. 그래서 사실은 강남 한복판. 송파구의 한복판에 아주 고가의 대규모 단지가 아파트 단지에 혁신 학교를 세울 수 있게 된 건 이번이 처음이거든요.◇ 김현정> 좋은 기회를 준 것이다. 이런 말씀이시네요.◆ 곽노현> 여기서 성공하는 것이 한국 교육의 표준을 바꾸는 기회가 되는 겁니다. 이런 기회가 잘 안 와요. 그러니까 서울시 교육청 입장에서는 또 전국의 그런 혁신교육청 입장에서는 전부 다 이 헬리오시티를 주목하지 않을 수 없다고 생각하고요. 윈윈하는 방법이라고 봐요.◇ 김현정> 좋은 기회를 강남에 어떻게 보면 강남 지역에 처음으로 준 것인데 이걸 오히려 잘 잡았으면 좋겠고 정 안 된다면 일단 시행해 보고 중간에 바꾸는 한이 있다더라도 일단 시행해 보자는 대안까지 제시를 하셨어요. 여기까지 말씀을 듣도록 하겠습니다. 고맙습니다.◆ 곽노현> 네, 감사합니다.◇ 김현정> 징검다리 교육공동체 이사장이세요. 곽노현 전 서울 교육감이었습니다. (속기=한국스마트속기협회)▶ 확 달라진 노컷뉴스▶ 진실지킴이 노컷뉴스를 지켜주세요▶ CBS가 만든 동영상 뉴스 구경하기저작권자 © CBS 노컷뉴스 무단전재 및 재배포 금지"
120,2018-12-14,대종빌딩만 위험할까…서울 4채 중 한 채 40살 이상 노후건물,https://news.naver.com/main/read.nhn?mode=LSD&mid=shm&sid1=102&oid=018&aid=0004272528,이데일리,"대종빌딩, 지난 3월 안전등급 A 받았지만 12월엔 E붕괴위험으로 출입 통제된 대종빌딩(사진=연합뉴스)[이데일리 박한나 기자] 서울 시내 한복판인 삼성동 대종빌딩이 붕괴위험 진단을 받아 노후 건물에 대한 시민들의 불안감이 높아지고 있다.대종빌딩은 준공 28년째 건물로, 30년이 넘지 않아 노후건축물로 규정되지 않는다. 그럼에도 최근 건물 내부 기둥의 균열 등 하자가 발견돼 부실 시공 의혹을 받고 있다.대종빌딩뿐 아니라 80년대 후반부터 90년대 초중반 사이 지어진 건물은 노후화됐을 뿐 아니라 부실시공으로 현재 안전하지 않을 것이라는 우려가 높다.서울연구원에 따르면 2015년 기준 서울의 40년 이상 노후 건축물은 16만 동으로 전체 건축물의 25%다. 30년 이상 노후 건축물은 25만3705동으로 전체 63만9412동의 39.7%에 달한다. 즉 서울 전체 건축물 4채 중에 1채는 지은 지 40년 이상, 5채 중에 2채는 30년 이상이 된 노후건축물이다.공공시설물이 아닌 민간 시설물은 안전 관리의 책임이 건물주에게 있다.그나마 16층 이상 또는 연면적 3만㎡ 이상 건축물은 정기적인 안전점검과 정밀진단이 의무지만, 정확한 진단이 이뤄지고 있는지 의심의 눈초리를 받게 됐다. 대종빌딩 역시 올해 3월 강남구 관계자와 건축사 9명과 받은 안전진단에서 최상등급인 A등급을 받았기 때문이다. 불과 9개월 후인 지난 12일, 기둥에 균열이 갔다는 신고에 따라 실시된 진단에서는 철거가 시급한 수준인 E등급을 받았다.12일 대종빌딩을 전면 폐쇄하고 출입통제 조치한 강남구청은 현장브리핑에서 “해당 빌딩은 1991년 준공 당시부터 시공 내력 80%로 지어져 부실시공 가능성이 크다”며 “기둥이 도면과 다르게 시공됐으며 철근의 이음이나 시멘트 골재조합 상태가 정상이 아니다”라고 지적했다.대종빌딩 입주자들은 붕괴 우려에 11일 모두 퇴거 조치됐다. 입주자의 70%는 짐을 미처 챙기지 못한 것으로 알려졌다.철골 드러낸 대종빌딩 중앙기둥(사진=연합뉴스)박한나 (hnpk@edaily.co.kr)선착순 '5만명' 한정, KFC 쿠폰이 공짜~[오만한 이벤트▶]빡침해소! 청춘뉘우스~[스냅타임▶]총 경품 1억원! 당첨인원 5만명![경품 타가세요▶]＜ⓒ종합 경제정보 미디어 이데일리 - 무단전재 & 재배포 금지＞"
121,2018-12-14,중부·경북 내륙 '한파 특보'…강한 바람에 체감온도 '뚝',https://news.naver.com/main/read.nhn?mode=LSD&mid=shm&sid1=103&oid=056&aid=0010650774,KBS,[날씨] 중부·경북 내륙 ‘한파 특보’…강한 바람에 체감온도 ‘뚝’KBS[저작권자ⓒ KBS 무단복제-재배포 금지]▶ 네이버 채널 KBS뉴스 구독! 시원하게 털어드립니다▶ ‘TV보다 ㄹㅇ’ 당신의 진짜 뉴스 ‘케이야’
122,2018-12-14,"강추위 맹위, 서울 -7.7℃…낮애도 찬 바람",https://news.naver.com/main/read.nhn?mode=LSD&mid=shm&sid1=103&oid=052&aid=0001228772,YTN,"어제 눈이 지나고 오늘 출근길은 기습 강추위가 찾아왔습니다.오늘 아침 서울의 기온은 -7.7도까지 떨어져 어제보다 조금 더 낮은데요, 낮에도 서울 기온은 영상 1도, 찬 바람이 불며 체감 온도는 영하권에 머물겠습니다.목도리나 핫팩 등 방한 용품 꼭 챙기셔서 옷차림 따뜻하게 하고 나오시기 바랍니다.강원 평창과 산간에는 한파경보가, 그 밖에 중부와 경북, 전북 일부 지역에는 한파주의보가 내려졌습니다.오늘 아침 대관령의 기온이 -19.5도까지 떨어져 전국에서 가장 낮고요, 제천 -16.2도, 파주 -13.2도로 중부와 경북 내륙 지역은 -15도 안팎의 강추위가 찾아왔습니다.낮에도 찬 바람이 불며 춥겠습니다.서울 1도, 대전 3도, 광주와 대구 5도로 어제보다 1~3도가량 낮겠습니다.오늘 내륙 지역은 맑겠지만 호남 서해안과 제주도는 눈이 날리겠습니다.또 대설 경보가 발효 중인 울릉도, 독도에는 내일까지 5~10cm의 눈이 더 내리겠습니다.일요일에는 또다시 전국에 눈이 오겠고요, -10도 안팎의 강추위는 내일 아침까지 이어진 뒤 누그러질 전망입니다.이면도로는 어제 내린 눈이 녹지 못하고 빙판길인 곳이 많습니다.되도록 장갑을 끼고 주머니에서 손을 뺀 채 천천히 다니시기 바랍니다.지금까지 YTN 박현실입니다.▶ YTN 개편 구독하면 총 300만원의 행운이!▶ 네이버 메인에서 YTN을 구독해주세요![저작권자(c) YTN & YTN PLUS 무단전재 및 재배포 금지]"
123,2018-12-14,한국당 '인적청산' 발표 임박…갈등 불씨 되살아나나,https://news.naver.com/main/read.nhn?mode=LSD&mid=shm&sid1=100&oid=421&aid=0003739861,뉴스1,"조강특위, 14일 기자회견 통해 활동·심사 경과 설명""현역 대상 쇄신 우려"" vs ""대여투쟁을 숫자로 하나""나경원 자유한국당 원내대표가 지난 13일 오전 서울 여의도 국회에서 열린 비상대책위원회 회의에서 김병준 비대위원장과 악수를 나누고 있다.  © News1 임세영 기자(서울=뉴스1) 강성규 기자,구교운 기자 = 자유한국당 비상대책위원회의 당협위원장 교체 대상 지역 발표가 임박한 가운데, 한국당 계파 갈등의 불씨가 새로운 양상으로 불거질 조짐이다.자유한국당의 전국 253개 당협 심사를 주도한 조직강화특별위원회는 각 당협위원장을 대상으로 한 정량·정성 평가를 마무리하고, 14일 오전 10시 국회에서 조강특위의 활동과 경과를 설명하는 기자회견을 열 예정이다.한 조강특위 외부위원은 뉴스1과 통화에서 ""최종 (심사) 마감을 앞두고 그동안 조강특위가 어떻게 활동했고 어떤 기준에 따라 어떻게 해왔는지 설명하는 자리""라고 설명했다.다만 그는 ""최종결과(교체대상 지역) 발표가 아니고 그동안 조강특위 활동경과에 대해 발표하는 자리다. 결과 발표는 (김병준 비상대책위원장에게 보고 등) 절차가 마무리되면 이에 따를 것""이라며 ""(발표는) 빠르면 이번 주말, 늦으면 다음 주 초로 넘어갈 수 있다""고 전했다.비대위의 심사결과 발표가 나경원 원내대표의 당선으로 결론 난 한국당 원내대표 선거가 치러진 직후 열리는만큼 이에 따른 파장도 선거 전 양상과 다르게 일 수 있다는 관측이 제기되고 있다.나 원내대표가 현역 의원을 대상으로 한 비대위의 인적청산 작업에 우려를 나타내고 있는데다, 잔류파가 측면 지원한 나 원내대표의 당선 이후 잔류파의 목소리도 다시 커지고 있는 모양새이기 때문이다.나 원내대표는 13일 비대위회의 후 기자들과 만나 ""인적쇄신 자체에는 반대하지 않는다""면서도 ""다만 저는 112명의 의원들을 모시고 (대여투쟁 등) 싸워야 하지 않나. 군사 한 명, 한 명이 중요한데 숫자가 줄어드는 것은 굉장히 걱정되는 부분이다. 우리 당의 단일대오가 흐트러질까봐 걱정""이라고 우려했다.잔류파 핵심인사인 홍문종 의원은 언론인터뷰 등을 통해 ""아무도 관심이 없는 비대위는 빨리 짐을 싸는 수밖에 없다. 오히려 비대위가 이제는 나경원 의원한테 당대표 권한 자리와 자기들이 하던 것(혁신작업을) 넘겨줘야 한다""며 거세게 압박했다.반면 김병준 위원장 등 비대위·조강특위 인사들은 인적쇄신 강행의지를 밝히고 있다. 김 위원장은 회의 후 기자들과 만나, 나 원내대표의 우려에 대해 ""나중에 할 일이 있고 지금 할 일이 있다. 나에게 (당초) 가장 강력하게 요구한 것이 인적쇄신 아닌가""라고 강조했다.조강특위 외부위원은 뉴스1과 통화에서 ""대여투쟁은 머릿 수로 하는게 아니다""라며 ""가치나 이념, 정책으로 투쟁하는 것""이라며 나 원내대표의 주장을 반박했다.이처럼 인적쇄신을 둘러싼 양측의 입장이 엇갈리면서 비대위의 혁신 작업에 차질이 빚어지거나, 비대위가 혁신을 강행할 경우 비대위와 원내지도부 또는 각 진영간 계파갈등이 재차 불거질 수 있다는 관측이 적지 않다.다만 일각에서는 중도를 표방하며 친박계와 일정거리를 두려는 나 원내대표와 최소한의 쇄신 성과가 필요한 김 위원장의 이해관계가 맞물리면서 인적쇄신 규모를 최소화하는 쪽으로 가닥을 잡을 수 있다는 분석도 나온다.sgkk@news1.kr▶ 진짜 블록체인을 만나는 곳 '크립토허브' 오픈!▶ [페이스북] 바로가기!▶ 에어팟&스타벅스 커피 경품(~12/25)[© 뉴스1코리아(news1.kr), 무단 전재 및 재배포 금지]"
124,2018-12-14,"노량진 구시장 전운…""최대한 빨리 철거"" vs ""절대 안 나가""",https://news.naver.com/main/read.nhn?mode=LSD&mid=shm&sid1=102&oid=003&aid=0008962106,뉴시스,"노량진 舊수산시장, 전날 강제집행 취소 및 연기상인들 ""언제 철거할지 모른다…돌아가며 순찰""수협 ""3년이나 협상해…얘기 더 들을 것도 없다""【서울=뉴시스】이윤청 수습기자 = 수협중앙회의 구시장에 대한 명도집행이 예고된 지난 13일 오전 서울 동작구 구 노량진수산시장에서 수협 관계자들과 구시장 상인들이 충돌하고 있다. 2018.12.13.  radiohead@newsis.com【서울=뉴시스】김지은 김동현 기자 = 노량진 구(舊)수산시장 단전·단수 조치 후 첫 강제집행이 취소되면서 상인들과 수협 간 갈등의 골은 걷잡을 수 없이 깊어지고 있다. 이제 사실상 접점을 찾는 것은 불가능해 보이고, 다시 진행될 강제집행을 둘러싼 싸움만 남은 형국이다.수협은 전날인 13일 아침 7시 노량진 구시장에 대한 강제집행을 예고했으나 법원에 의해 취소됐다.수협 측은 ""사전에 지나치게 많은 관심을 받았고 겨울철 철거에 대한 일부 비판적인 시각이 제기되고 충돌이 우려가 되는 점 등이 이유가 됐을 수 있다고 본다""며 ""정확하게는 연기라고 보면 된다""고 밝혔다.집행 소식이 알려지자 민중당은 지난 12일 기자회견을 열어 ""박원순 서울시장이 서울에서 겨울 강제 철거가 없다고 밝혔는데 이를 진행하고 있다""고 비판한 바 있다.상인들이 당장 집행을 모면했다고 마냥 기뻐할 수 있는 상황은 아니다. 시장에 대한 단전·단수가 실행된 지 한 달이 되어가면서 상황은 점점 열악해지고 있고, 언제 다시 집행이 이뤄질지 모르기 때문이다.13일 오후 구시장 분위기 차분했다. 단전으로 인해 설치한 대형 발전기의 소음만 컸을 뿐 상인들은 침묵 속에 가라앉아 있었다. 최근 수협이 진행한 폐쇄 조치로 인해 주차장 한 쪽은 거의 허물어졌고 입구에는 경찰 인력이 늘어서 있었다.노량진에서 영업을 한 지 40년이 됐다는 상인 신모(77)씨는 ""죽을 때가 됐는지 예전에 여기서 열심히, 즐겁게 장사한 기억만 난다. 여기서 자식 네 명을 업어키웠다""며 ""이 추위에 몰아낸다고 하니 막막하다. 오늘은 집행이 연기됐지만 언제 들어올지 모르니 서로 순찰을 서야 한다. 오늘은 내 차례""라고 말했다.【서울=뉴시스】이윤청 수습기자 = 수협중앙회의 구시장에 대한 명도집행이 예고된 지난 13일 오전 서울 동작구 구 노량진수산시장에서 수협 관계자들과 구시장 상인들이 충돌하고 있다. 2018.12.13. radiohead@newsis.com진모(63)씨도 ""여기는 3평이지만 신시장은 1.5평이고 장사할 구도가 전혀 그려지지 않는다. 수협이 강제로 정한 자리에 우리가 왜 죽으러 가야 하느냐""며 ""인생을 열심히만 살면 되는 줄 알았는데 답답한 노릇이다. 우리는 절대 안 나간다""고 강조했다.수협은 구시장 상인들과의 대화는 더 이상 어렵다고 판단하고 있다.수협 관계자는 ""오늘은 집행이 이뤄지지 않았지만 최대한 빠른 시일 내에 철거 조치를 할 것""이라며 ""이제 구시장 상인들에게 해 줄 것도 없고 이야기를 들을 것도 없다. 3년의 시간 동안 꾸준히 협상을 했음에도 해결되지 않았다""고 밝혔다.수협은 2007년부터 노량진 수산시장 현대화 사업을 추진했으며, 구시장에 대해 지난달 5일 단전·단수에 들어가기까지 4차례 명도집행을 시도했지만 상인들의 반발로 무산된 바 있다.수협은 또 지난달 19일 차량 출입을 통제하고 굴착기로 바닥을 파는 등 폐쇄 작업에 돌입했다.수협 측은 ""2009년 상인 측과 양해각서를 체결해 모든 사항에 합의했는데도 일부 상인들이 일방적으로 이전을 거부하고 있다""고 했다.【서울=뉴시스】이윤청 수습기자 = 수협중앙회의 구시장에 대한 명도집행이 예고된 지난 13일 오전 서울 동작구 구 노량진수산시장에서 수협 관계자들과 구시장 상인들이 충돌하고 있다. 2018.12.13. radiohead@newsis.com앞서 신시장 입주 신청 기간에 258개 구시장 점포 중 127개가 이전을 신청했고, 이 중 5개가 신청을 철회해 최종 122개 점포 입주가 완료됐다.구시장 잔류 상인 136명 중 9명은 시장 자체에서 자진 퇴거해 현재 상인 127명이 잔류 중이다.상인들은 신시장 건물 통로가 좁고 임대료가 비싸 실질적으로 이득이 되지 않는다며 이전할 수 없다는 입장이다.whynot82@newsis.commiggy@newsis.com▶ 뉴시스 빅데이터 MSI 주가시세표 바로가기▶ 뉴시스 SNS[페이스북][트위터]<저작권자ⓒ 공감언론 뉴시스통신사. 무단전재-재배포 금지.>"
125,2018-12-14,"佛경찰, 스트라스부르 총격 용의자 사살…IS 배후자처",https://news.naver.com/main/read.nhn?mode=LSD&mid=shm&sid1=104&oid=421&aid=0003739872,뉴스1,"아마크통신 ""용의자는 IS 지하디스트 중 한 명""크리스마스 마켓 14일부터 재개장프랑스 스트라스부르 총격사건 용의자 세리프 셰카트가 사살된 뇌도르프 지역을 경찰이 지키고 있다. © AFP=뉴스1(서울=뉴스1) 이창규 기자 = '지하디스트'(이슬람 성전주의자)로 추정되는 프랑스 북동부 스트라스부르에서 발생한 총격사건의 용의자가 13일(현지시간) 사살됐다고 AFP통신이 보도했다.통신에 따르면, 경찰은 용의자인 셰리프 셰카트(29)를 체포하려고 노력했지만, 셰카트가 먼저 총을 발사하면서 맞대응하게 됐고, 결국 사살하게 됐다고 설명했다.셰카트는 지난 11일 스트라스부르 시내의 크리스마스 마켓에서 총을 발사했고 이에 따라 3명이 목숨을 잃었고 13명이 다쳤다.이슬람국가(IS) 선전 매체인 아마크통신은 사건이 발생한 후 트위터를 통해 ""스트라스부르에서 발생한 총격 사건 가해자는 IS의 '지하디스트' 중 한 명으로 IS와 맞서는 연합국 국민들을 타깃으로 하라는 요청에 응해 작전을 수행했다""고 밝혔다.당시 셰카트는 현장에서 경찰들과 총격전을 벌이다 부상을 당했지만 택시를 타고 현장을 빠져나간 것으로 알려졌다. 이후 경찰은 셰카트가 택시에서 내린 스트라스부르 구도심에서 가까운 뇌도르프 지역에서 대대적인 수색작업을 벌였다.  그러면서 셰카트의 몽타주를 배포, 주민들에게 용의자가 매우 위험한 인물이므로 가까이 가지 말 것을 당부했다. 통신에 따르면, 셰카트는 유럽 4개국에서 최소 27건의 범죄기록을 가진 인물이다.이날 용의자가 사살되면서 스트라스부르의 크리스마스 마켓은 14일부터 다시 열릴 예정이다.yellowapollo@news1.kr▶ 진짜 블록체인을 만나는 곳 '크립토허브' 오픈!▶ [페이스북] 바로가기!▶ 에어팟&스타벅스 커피 경품(~12/25)[© 뉴스1코리아(news1.kr), 무단 전재 및 재배포 금지]"
126,2018-12-14,국민연금 개편 정부안 오늘 발표…보험료율 인상 등 관심,https://news.naver.com/main/read.nhn?mode=LSD&mid=shm&sid1=101&oid=003&aid=0008962198,뉴시스,"오전 정부서울청사서 복지부안 공개""차관회의·국무회의 거쳐 최종안 발표""【서울=뉴시스】박영태 기자 = 28일 오후 서울 영등포구 여의도 국회에서 열린 보건복지위원회 전체회의에서 박능후 보건복지부 장관이 인사말을 하고 있다. 2018.11.28.since1999@newsis.com【서울=뉴시스】임재희 기자 = 보건복지부가 국민연금 제도개선안을 14일 발표한다. 애초 준비했던 보험료율 인상안에 대해 문재인 대통령이 지난달 재검토를 지시한 지 한 달여 만이다.보건복지부는 이날 오전 10시30분 정부서울청사에서 브리핑을 열고 제4차 국민연금 종합운영계획안을 공개한다고 밝혔다.앞서 복지부는 지난달 15일 소득대체율 등을 인상하면서 제도 지속 가능성을 고려해 보험료를 단계적으로 인상하는 노후소득보장 강화안과 소득대체율 인상 없이 보험료율만 올리는 지속가능성 제고안 등 복수안을 국회에 제시할 예정이었다.현행 제도 설계상 소득대체율은 현재 45%에서 2028년 40%로 낮아지고 보험료율은 9%(직장가입자 4.5%)다.여기에 국가지급보장을 명문화하고 기초연금 강화와 퇴직연금, 주택연금 등 제도를 함께 개선하는 다층 노후소득보장체계까지 내놓을 계획이었던 것으로 알려졌다.그러나 보험료율 인상을 골자로 한 제도개선안이 언론에 공개된 지 하루 만인 지난달 7일 문재인 대통령은 ""그동안 수렴해 온 다양한 의견들을 종합하되, 국민들의 의견이 보다 폭넓고 충실히 반영될 수 있도록 수정 보완하라""며 재검토를 지시했다.청와대에서 박능후 복지부 장관으로부터 보고를 받은 문 대통령은 보험료율 인상이 국민들의 눈높이에 맞지 않는다고 판단했다고 당시 김의겸 청와대 대변인은 설명했다.최종 국민연금 종합운영계획안은 향후 복지부 차관이 위원장으로 있는 국민연금심의위원회와 차관회의 심의를 거쳐 국무회의에서 대통령 승인을 받아 국회에 제출된다.복지부 관계자는 ""그동안 수렴한 국민 의견을 충실히 반영됐는지 등을 검토하고 관계부처 협의로 수정·보완했다""며 ""정부 최종안은 차관회의와 국무회의를 거쳐 결정될 것""이라고 말했다.limj@newsis.com▶ 뉴시스 빅데이터 MSI 주가시세표 바로가기▶ 뉴시스 SNS[페이스북][트위터]<저작권자ⓒ 공감언론 뉴시스통신사. 무단전재-재배포 금지.>"
127,2018-12-14,"대종빌딩 안전등급 9개월새 'A→E'… 눈대중으로 대충, 못믿을 안전점검",https://news.naver.com/main/read.nhn?mode=LSD&mid=shm&sid1=102&oid=023&aid=0003415994,조선일보,"[오늘의 세상]강남구청, 외관만 보고 진단 완료… 12일 ""3월 B등급"" 이랬다가 번복서울 강남구 삼성동 대종빌딩이 지난 12일 건물 안전 최하 등급인 E등급을 받고 13일 자정부터 사용이 전면 금지됐다. E등급은 건물이 심각하게 노후해 철거가 시급한 수준이다. 이 건물은 불과 9개월 전 강남구가 실시한 안전 점검에서 최상 등급을 받았다. 육안에 의존하는 현행 건물 안전 점검 체계에 심각한 문제가 있다는 지적이 나온다.13일 강남구에 따르면 구는 지난 3월 건축사 9명과 함께 대종빌딩을 포함한 건물 700여곳에 대한 안전 점검을 실시했다. 당시 현장에 간 구청 관계자와 건축사 등은 건물 수백 곳의 외관만 보고 '점검'을 완료했다. 그 결과 대종빌딩은 안전 진단 등급 중 최상 등급인 A등급을 받았다. 이들은 대종빌딩 외에도 점검 대상 건물 700여곳에 대해 문제가 없다는 진단을 내렸다. 추가 점검이 필요하다는 진단을 받은 건물은 단 한 곳이었다. 이에 대해 구 관계자는 ""국토교통부의 지침(시설물의 안전 및 유지관리 실시 등에 관한 지침)에 건물의 외관 수준을 점검하도록 돼 있다""며 ""건물 700곳을 일일이 뜯어볼 수도 없는 노릇 아니냐""고 말했다. 강남구 측은 앞서 지난 12일 ""3월 진단 때 대종빌딩 안전 등급은 B등급""이라고 밝혔으나 이날 ""다시 확인해보니 A등급""이라고 정정했다.지난 3월 점검 전까지 대종빌딩은 '15층 이하 소규모 시설물'로 분류돼 법적 안전 관리 대상에 포함되지 않았다. 시설물의 안전 및 유지관리에 관한 특별법에 따르면, 16층 이상 또는 연면적 3만㎡ 이상 건축물은 정기 안전 점검과 정밀 진단을 받아야 한다. 정밀 진단 때는 각종 특수 장비를 동원해 건물의 안전도를 측정한다.'눈가림 점검'에만 맡겨졌던 대종빌딩이 정밀 진단을 받은 것은 지난 8일 인테리어 공사 도중 심각한 균열이 발견되고 나서였다. 이상을 확인한 빌딩 측이 민간 업체에 정밀 진단을 의뢰했다. 구 관계자는 ""준공 15년이 넘은 민간 건물은 2년에 한 번씩 자체 육안 안전 점검 결과를 제출받아왔다""며 ""지난 2월 대종빌딩 측으로부터 받은 결과에서도 특이 사항은 없었다""고 말했다.전문가들은 법 개정을 통해서라도 건축구조기술사를 동반한 정밀 점검을 의무화해야 한다고 지적한다. 현행 국토부 지침은 '건축사 이상 전문가와 동행'을 조건으로 하고 있다. 한용섭 한국건축구조기술사회 부회장은 본지 통화에서 ""건축사는 안전 진단 전문가가 아니기 때문에 구조상 위험성을 판단하는 데 한계가 있다""며 ""정밀 안전 진단 경험을 갖춘 구조기술사가 점검해야 균열의 양상을 보고 문제의 원인을 파악할 수 있다""고 말했다. 조성일 서울시립대 소방방재학과 교수는 ""불과 수 명이 수백 곳을 점검하게 되면 수박 겉핥기식 점검이 될 수밖에 없다""며 ""점검 인원을 늘리고 점검 대상도 세밀화하도록 지침을 바꿔야 한다""고 말했다.지난 1991년 준공된 대종빌딩은 지하 7층, 지상 15층 규모 건물이다. 지난 11일 2층에서 4층까지 건물을 떠받치는 기둥 안쪽 철근에서 시멘트가 상당 부분 떨어져 나가는 등 부실시공 정황이 발견됐다.강남구 관계자는 ""오는 16일까지 지하 1층부터 지상 4층까지 층별로 20개씩 지지대를 설치하고 정밀 안전 진단에 들어갈 계획""이라고 밝혔다.[김선엽 기자] [김승현 기자][조선닷컴 바로가기][조선일보 구독신청하기]- Copyrights ⓒ 조선일보 & chosun.com, 무단 전재 및 재배포 금지 -"
128,2018-12-14,"정책실무 차관에 靑참모 대거 투입… ""이제 성과 낼때"" 메시지",https://news.naver.com/main/read.nhn?mode=LSD&mid=shm&sid1=100&oid=020&aid=0003187073,동아일보,"[文정부 경제 살리기 총력전]14일 차관급 15명 안팎 교체문재인 대통령이 14일 15명 안팎의 대규모 차관급 인사에 나서기로 한 것은 집권 3년 차를 앞둔 국정 쇄신 차원이다. 연일 ‘정책성과’와 ‘속도’를 강조하고 있는 가운데 대대적인 차관급 인사를 통해 느슨해진 공직사회를 다잡고 정책 이행 속도를 높이겠다는 것이다. 특히 1기 청와대에서 국정철학을 공유한 참모진을 각 부처의 정책을 주도하는 차관급으로 내려보내는 것은 청와대가 주도한 개혁정책의 성과를 내는 데 집중하겠다는 의중을 담은 것으로 풀이된다.○ 집권 3년 차 앞두고 대규모 인적쇄신여권 고위 관계자는 “큰 규모의 차관 인사안이 마련됐다. 경기 침체로 민심이 악화되고 있는 상황에서 분위기를 쇄신하기 위한 차원으로 보인다”고 말했다. 취임 직후인 지난해 6월 두 차례에 걸쳐 차관급 인사에 나선 데 이어 1년 반 만에 대규모 차관급 인사에 나서는 셈이다.차관 인사 대상 부처는 경제 부처와 일부 사회 부처인 것으로 알려졌다. 기획재정부 1차관에는 이호승 대통령일자리기획비서관이, 2차관에는 구윤철 기재부 예산실장이 유력하게 거론된다. 고형권 1차관은 경제협력개발기구(OECD) 대사로 이동할 것으로 알려졌다.노형욱 전 차장이 국무조정실장에 임명되면서 공석이 된 국무조정실 국무2차장에는 차영환 대통령경제정책비서관이 거론되고 있다. 중소벤처기업부 차관에는 기재부 출신 관료들이 하마평에 오른 가운데 주현 대통령중소기업비서관도 하마평에 올랐다. 과학기술정보통신부 1차관으로는 문미옥 대통령과학기술보좌관이 물망에 오르고 있다.이 외에도 행정안전부 국토교통부 문화체육관광부 금융위원회 등이 교체 대상으로 거론된다. 특히 KTX 사고로 오영식 코레일 사장이 자진 사퇴한 가운데 국토부 차관 교체와 함께 코레일 사장이 조기 임명될 것이라는 관측도 나온다. 청와대 관계자는 “차관급 교체 주기는 평균적으로 1년 3개월 정도”라며 “정부 출범 후 1년 반 정도가 지난 만큼 교체 시점이 된 상황”이라고 말했다.○ 국정장악력 높이고 정책 속도 끌어올리기문 대통령이 경제 투 톱 교체에 이어 대규모 차관급 인사에 나선 것은 이제 그동안 내놨던 경제·사회정책의 본격적인 성과를 내야 한다는 위기감이 반영된 것으로 보인다. 특히 문재인 정부 출범 후 청와대에서 호흡을 맞췄던 관료들이 대거 부처로 돌아가면서 국정 장악력을 높이고 정책 이행 속도를 끌어올려야 한다는 취지도 반영된 것으로 보인다.특히 경제 부처가 대대적인 쇄신 대상에 오른 것은 내년 민생지표를 반등시키지 못하면 국정운영 동력이 약화될 수 있다는 인식에 따른 것이다. 여기에 포용국가 3개년계획 발표를 기점으로 내년 사회정책을 강화하고 생활적폐 청산의 속도를 높이기로 한 것도 차관급 인적쇄신의 배경이 된 것으로 보인다. 앞서 문 대통령은 지난달 20일 반부패정책협의회를 주재한 자리에서 장관들에게 “현장을 모르는 것 같다”고 질타하며 생활적폐 청산에 대한 가시적인 성과를 내야 한다고 강조한 바 있다.대대적인 차관급 인사에 따라 청와대 개편도 예상보다 빨라질 수 있다는 관측이 나온다. 청와대 참모진이 각 부처 차관으로 이동하면서 청와대 내에도 적지 않은 공백이 생기기 때문이다. 이에 따라 장하성 전 대통령정책실장이 김수현 정책실장으로 교체된 가운데 정책실을 시작으로 2기 청와대 구성을 위한 인적 재편이 본격화할 것으로 전망된다.문병기 weappon@donga.com·김상운·송충현 기자▶ 동아일보 단독/우아한 : 우리 아이들의 & 아름다운 한반도▶ 네이버 홈에서 [동아일보] 채널 구독하기ⓒ 동아일보 & donga.com, 무단 전재 및 재배포 금지"
129,2018-12-14,[비례100명 시대?]늘리는 게 능사 아냐…여건·제도 보완 먼저,https://news.naver.com/main/read.nhn?mode=LSD&mid=shm&sid1=100&oid=018&aid=0004272463,이데일리,"- 야3당 주장하는 ‘연동형 비례대표제’ 도입시 비례대표 늘어나- “사회 약자 위한 다양성” 취지 좋지만…비례, 의정활동서 ‘한계’- 근본적으론 ‘공천’부터 문제…“투명·공정한 공천 제도화돼야”바른미래당, 민주평화당, 정의당 등 야3당은 13일도 연동형 비례대표제 도입을 위한 농성을 이어갔다. 연동형 비례대표제로 선거제가 개편되면 비례대표 의원 수는 늘어나게 된다.(사진=연합뉴스)[이데일리 김미영 기자] 야3당이 요구 중인 연동형 비례대표제를 도입하려면 비례대표 국회의원 수를 현재보다 늘려야 한다. 그러나 현재의 비례대표제 공천과 의원들의 활동상을 되짚어보면 우려되는 점도 적잖다. 각 정당들이 공천 과정의 투명성, 전문성 발휘를 위한 여건 보장 등을 먼저 약속하고 실천의지를 보여야 증원 주장이 설득력을 얻을 수 있다는 지적이 나온다.◇비례대표, 소수약자·직능 대변하지만…지역구와 ‘차별’바른미래당, 민주평화당, 정의당은 연동형 비례대표제 도입이 필요한 이유로 비례성 강화와 함께 다양성 확보를 들고 있다. 정동영 민주평화당 대표는 “우리 사회에는 숫자는 많지만 정치적 힘이 없는 비정규직 노동자, 소상공인, 자영업자, 농민 등 약대 집단이 존재한다”며 “비정규직 노동자가 절규하고 파업한들 그 분들에겐 정치적 대리인이 없다”고 주장했다. 비례대표 의원 수를 늘려, 이들의 ‘정치적 대리인’이 목소리를 낼 수 있도록 해야 한다는 얘기다.실제로 20대 총선에서 처음 금배지를 단 초선 132명 가운데 대다수는 공직자(35%)였고 정당인(14%), 법조인(11%), 기업인(8%), 교수(7%), 시민단체·노동단체 출신(5%), 언론인(5%) 출신 등 특정 직업군 쏠림 현상이 뚜렷했다. 18~19대 때를 상기해봐도 비례대표제를 통해 시각장애인인 최동익 전 민주당 의원, 다문화가정의 이자스민 전 새누리당 의원, 농민 출신이었던 강기갑 전 민주노동당 의원 등이 등원했지만, 20대의 경우 정 대표가 말하는 ‘약대 집단(힘이 약한 대규모 집단)’ 대표자는 눈에 띄지 않는다.그러나 정 대표의 지적처럼 비례대표를 늘려 다양성을 담보할 수 있다 해도, 현재와 같은 정치풍토에선 비례대표 의원들이 제 몫을 하기가 녹록지 않다. 지역구 의원과의 차별이 온존하는 까닭이다.비례대표 의원들을 두고 지역구 의원들 사이에선 ‘0.5선’이란 평가절하가 심심찮게 나온다. 치열한 선거운동, 주민들의 직접 선출 과정 등을 거치지 않았기에 지역구 의원과 똑같은 ‘1선’이 아니란 것이다. 20대에선 전문성을 인정받아 직능 대표로 국회의원이 되고도 정작 유관 상임위에서 배제되는 경우마저 발생했다. 도시계획학 박사 출신인 김현아 자유한국당 의원은 20대 국회 후반기 상임위에선 국토교통위에서 배제됐다. 당시 한국당 한 의원은 “억울하면 지역 잡든지... (지역 민원 해결에 용이한) 국토위는 다음 총선이 어려운 지역구 의원들이 먼저 들어가야 하지 않나”라고 말하기도 했다. 김 의원은 유승민 전 바른미래당 대표와 뜻을 함께 하면서 당 인사들의 눈밖에 났다는 평가가 있었는데, 실상은 ‘지역구 의원 우선주의’도 개입됐단 얘기다.◇’돈공천’ ‘사천’ 잡음 계속…“투명성 보장이 우선돼야”비례대표 의원의 재선 도전 역시 만만치 않다. 이미 당내 현역 지역위원장 혹은 당협위원장이 있는 지역엔 발을 붙이기 어렵고, 원외 지역위원장이 있는 곳도 견제가 상당하다. 지역구 터잡기에 본격 나설 요량이면 “비례대표가 일은 안하고 지역만 넘본다”는 비난을 감수해야 한다. 정치권 한 관계자는 “예전엔 비례대표들에 지역구를 줘도 임기 4년 중 막판에 했다”며 “임기 반환점 돌 때부터 지역구 물색하고 다니는 건 염치 없는 일이었는데 요새는 한둘이 아니다”라고 했다.무엇보다 현행 비례대표제의 근본적인 문제는 공천 과정의 불투명성이다. 과거 몇 차례 공천헌금 파동에서 확인됐듯, 비례대표직은 정당 혹은 실세 정치인의 정치자금 마련 수단으로 악용돼왔다. 비례대표 의원을 전국구 의원으로 부르던 시절엔 전국(全國)구 의원이 전국구(錢國)구 의원으로 조롱받았던 것도 이 때문이다.비례대표직을 둘러싼 ‘공천헌금’ 논란은 다소 해소됐지만, ‘사천(私薦)’ 논란은 끊이지 않고 있다. 당 지도부가 비례대표직을 전리품 정도로 여기고 친소관계를 따지고, 계파를 따져 사사로이 공천한다는 비판은 20대에도 터져나왔다. 이러한 상황에서 정당들의 자정 노력도 없이, 예컨대 중앙선거관리위원회의 안처럼 현재 300명 국회의원을 지역구 200명, 비례대표 100명으로 조정한다면 공천부터 상당한 잡음이 나올 게 뻔하다.김형준 명지대 교수는 “비례대표 공천 과정의 투명성을 법적으로 보장하고, 비례대표 의원들이 지역구 의원으로 나아갈 수 있게 지역구 공천도 공정성을 담보하는 등의 제도를 먼저 다져야 한다”고 말했다. 김 교수는 “지금처럼 당 대표, 지도부가 공천권을 쥐면 ‘사천’ 논란 속에 역량이 떨어지는 비례대표들이 나올 공산이 있고 재선을 위해 지도부 눈치를 보면서 의정활동도 위축될 수밖에 없는 것”이라고 꼬집었다.김미영 (bomnal@edaily.co.kr)＜ⓒ종합 경제정보 미디어 이데일리 - 무단전재 & 재배포 금지＞"
130,2018-12-14,"메이 英 총리 ""EU 정상회의 기간 브렉시트 돌파구 마련 어려워""",https://news.naver.com/main/read.nhn?mode=LSD&mid=shm&sid1=104&oid=001&aid=0010525496,연합뉴스,"""EU 정상들과 '안전장치' 관련 '법적·정치적 확약' 논의할 것""""2022년 총선 이전 사퇴"" 확인…브렉시트 직후 사퇴 관측은 부인EU 정상들 ""메이 돕고 싶지만 재협상은 어려워"" 못박아EU 정상회의 참석을 위해 브뤼셀에 도착한 테리사 메이 영국 총리 [AFP=연합뉴스](런던=연합뉴스) 박대한 특파원 = 테리사 메이 영국 총리는 13일(현지시간)부터 이틀간 열리는 유럽연합(EU) 정상회의에서 브렉시트(Brexit) 합의안 수정과 관련한 즉각적인 돌파구가 마련되기는 어려울 것으로 내다봤다.메이 총리는 EU 정상회의에서 회원국 지도자들과 만나 브렉시트 합의안 수정, 그중에서도 영국 내에서 가장 큰 반발을 불러오고 있는 '안전장치'(backstop) 문제에 집중할 계획이다.앞서 영국과 EU는 아일랜드와 북아일랜드 간 '하드 보더'(Hard Border·국경 통과 시 통행과 통관 절차를 엄격히 적용하는 것)를 피하기 위해 미래관계 합의에 이르지 못할 경우 영국 전체를 당분간 EU 관세동맹에 잔류하도록 하는 '안전장치' 방안을 브렉시트 합의안에 담았다.그러나 메이가 속한 집권당 보수당의 브렉시트 강경론자들은 '안전장치'가 일단 가동되면 영국이 일방적으로 협정을 종료할 수 없어 EU 관세동맹에 계속 잔류해야 하는 상황에 부닥칠 수 있다고 반발하고 있다.이들이 메이 총리에 대한 불신임 서한을 제출하면서 지난 12일 당에서 신임투표가 열렸으나 메이 총리는 과반이 넘는 찬성표를 얻어 당 대표 및 총리직을 계속 수행하게 됐다.이날 정상회의 참석차 벨기에 브뤼셀을 찾은 메이 총리는 기자들과 만난 자리에서 ""이번 정상회의 기간 브렉시트 합의와 관련해 즉각적인 돌파구가 마련될 것으로는 기대하지 않는다""고 말했다.메이 총리는 ""의회에서 합의안을 통과시키기 위해 '안전장치'(종료)에 필요한 '법적·정치적 확약'을 EU 정상들과 논의할 것""이라고 설명했다.그는 영국과 EU 모두 아무런 협정을 맺지 못하고 결별하는 '노 딜'(no deal) 브렉시트를 준비하고 있지만, 가장 좋은 것은 합의에 이르는 것이라고 강조했다.메이는 정상회의에 앞서 이날 오전 레오 바라드카르 아일랜드 총리를 만났고, 이어 도날트 투스크 EU 정상회의 상임의장, 자비에 베텔 룩셈부르크 총리 등과도 양자 면담을 갖고 합의안 수정 필요성을 설명했다.바라드카르 아일랜드 총리와 메이 영국 총리 [AP=연합뉴스]그러나 EU 지도자들은 여전히 브렉시트 합의안, 특히 '안전장치'와 관련해 법적 구속력 있는 수정을 가하는 것은 어렵다는 입장을 고수하고 있다.베텔 총리는 진심으로 메이 총리를 돕고 싶지만 브렉시트 합의안 재협상은 매우 어렵다고 밝혔다.에마뉘엘 마크롱 프랑스 대통령은 정상회의 참석에 앞서 기자들과 만난 자리에서 ""합의를 재논의할 수는 없다""면서 ""오늘 (정상회의의) 논의는 정치적인 것이지 법률에 관한 것이 아니다""고 선을 그었다.EU 정상회의장에 도착한 에마뉘엘 마크롱 프랑스 대통령 [AFP=연합뉴스]제바스티안 쿠르츠 오스트리아 총리는 영국 내 브렉시트 강경파들의 주장이 합리적이지 않다고 지적했다.'안전장치'의 직접적 이해당사자인 아일랜드의 바라드카르 총리는 어떤 경우에도 아일랜드와 북아일랜드 국경에서 '하드 보더'를 만들지 않겠다는 약속이 필요하다고 강조했다.'안전장치'를 포함한 영국의 EU 탈퇴협정은 이를 법률로 명문화한 것으로 이에 대한 비준을 기대하고 있다고 밝혔다.바라드카르 총리는 '노 딜' 브렉시트의 위험은 영국이 리스본 조약 50조에 따른 브렉시트 절차를 중단함으로써 제거할 수 있다고 주장했다.한편 메이 총리는 오는 2022년 총선 이전에 사퇴하겠다는 뜻을 명확히 했다.전날 신임투표 직전 보수당 평의원들을 만난 메이 총리는 당 대표로서 차기 총선을 이끌지 않겠다고 밝혔다.총리는 ""마음속으로는 차기 총선에서 보수당을 이끌고 싶지만, 당이 새 지도자와 함께 총선을 치르는 것을 선호할 것으로 보인다""며 이같은 입장을 재차 확인했다.다만 내년 3월 29일 브렉시트를 단행한 뒤 곧바로 사퇴할 수 있다는 관측에 대해서는 ""차기 총선은 2022년에 열린다""며 부인했다.pdhis959@yna.co.kr▶뭐 하고 놀까? #흥▶네이버 홈에서 [연합뉴스] 채널 구독하기"
131,2018-12-14,"최저임금 인상 역설…""저임금 근로자 급여 줄어""",https://news.naver.com/main/read.nhn?mode=LSD&mid=shm&sid1=101&oid=003&aid=0008962135,뉴시스,"한은 '최저임금이 고용구조에 미치는 영향' 보고서""최저임금미만자 비율 1%p↑월급여 1.2만원 감소""""월평균 급여수준 감안할 때 상대적으로 영향 미미""【서울=뉴시스】조현아 천민아 기자 = 최저임금 인상이 최저임금도 못받는 저소득 근로자의 임금을 더 줄이고, 정규직과 비정규직간 임금격차는 늘리는 것으로 분석됐다.14일 한국은행의 BOK경제연구에 실린 '최저임금이 고용구조에 미치는 영향' 보고서(송헌재 서울시립대 교수, 임현준 한은 경제연구원 연구위원, 신우리 서울시립대 경제학부 박사과정 작성)에 따르면 최저임금 인상 등으로 최저임금 미만·영향자의 비율이 증가하면 이들 임금은 떨어졌다.보고서는 고용노동부 자료 등을 토대로 2010년~2016년 최저임금 미만자와 영향자 비율, 비정규직화율 등을 시산해 분석했다. 여기서 최저임금 미만자는 임금이 그해 최저임금 수준이 안되는 근로자고, 영향자는 다음해 최저임금보다 낮은 임금을 받는 근로자를 의미한다.분석 결과 산업내 최저임금 미만자의 비율이 1%p 증가하면 월평균 급여는 1만2000원 감소했다. 이는 이들의 월평균 급여 약 83만원의 1.45% 수준이다. 최저임금 영향자의 급여도 1만원 줄었다. 월평균 근로시간도 각 2.1시간과 2.3시간 줄었다. 이들보다 높은 임금을 받는 근로자와의 월평균 급여 격차도 8000~9000원 확대되는 것으로 추정됐다.정규직과 비정규직 근로자간 월평균 급여차도 벌어지는 것으로 분석됐다. 최저임금 영향자의 비율이 1%p 증가할 때 집단 근로자간 월평균 급여차는 약 5000원 늘어났다. 이는 현재의 월평균 급여 격차 약 159만원의 0.3% 수준으로 계산됐다.비정규직 증가에도 영향을 주는 것으로 나타났다. 분석대상 기간 중 최저임금 미만·영향자 비율이 1%p 증가하면 비정규직화율은 각 0.45%p와 0.68%p 상승하는 것으로 추정됐다. 비정규직화율은 정규직 대비 비정규직 비율을 의미한다.해당 기간 비정규직화율은 평균 45.1% 정도였다.임현준 한은 경제연구원 연구위원은 ""최저임금 인상으로 노동비용이 늘어나면 노동시간을 줄이기 어려운 정규직 신규고용을 줄이고 비정규직을 늘리는 식으로 영향을 미칠 수 있다""고 말했다.하지만 연구진은 최저임금 인상이 고용구조에 미치는 영향은 미미한 수준이라고 평가했다. 연구진은 ""최저임금 영향자의 현재 월평균 급여나 근로시간을 감안할 때 최저임금 상승으로 인한 임금 격차 확대는 상대적으로 미약하다고 할 수 있다""고 말했다.이번 연구에서는 통계가 아직 마련되지 않아 지난해와 올해 최저임금 인상분은 분석대상에 포함되지 않았다. 또 최저임금 인상을 보완하기 위한 일자리안정자금이나 소상공인 지원대책 등 보완 대책의 효과는 감안하지 않았다고 연구진은 전했다.hacho@newsis.com▶ 뉴시스 빅데이터 MSI 주가시세표 바로가기▶ 뉴시스 SNS[페이스북][트위터]<저작권자ⓒ 공감언론 뉴시스통신사. 무단전재-재배포 금지.>"
132,2018-12-14,"""26일 남북 철도 착공식""…북미협상은 교착상태",https://news.naver.com/main/read.nhn?mode=LSD&mid=shm&sid1=100&oid=214&aid=0000899811,MBC,"[뉴스투데이]◀ 앵커 ▶남북 철도, 도로 연결을 위한 착공식이 연내에 이뤄지게 됐습니다.남북 간 사업은 순조롭게 진행되고 있는 반면, 북미 협상은 여전히 돌파구를 찾지 못하고 있는데요.북한은 미국에 모든 책임이 있다고 날을 세웠습니다.조국현 기자입니다.◀ 리포트 ▶남북이 경의선과 동해선 철도·도로 연결과 현대화를 위한 착공식의 연내 개최에 전격 합의했습니다.[백태현/통일부 대변인]""경의선 동해선 철도 도로 연결 및 현대화 착공식을 12월 26일 수요일에 개성 판문역에서 개최하기로 의견이 모아졌습니다.""남북을 혈맥을 잇는다는 상징적인 의미와 함께 지난 9월 평양공동선언의 남북 정상 간 약속이 지켜졌다는 점에서 의미가 크다는 평가입니다.행사를 위해 조명균 통일부 장관과 김현미 국토교통부 장관 등 100여 명이 방북할 예정이지만, 문재인 대통령과 김정은 북한 국무위원장은 참석하지 않을 것으로 알려졌습니다.행사 성격의 착공식은 열리지만 대북 제재에 막혀 실제 공사로 당장 이어지지는 않을 것으로 보입니다.통일부는 착공식 개최를 포함해 ""미국 등과 추가로 소통해 국제사회의 우려가 없도록 준비하겠다""고 밝혔습니다.남북 관계와 달리 북미 비핵화 대화에 진전이 없는 상황에서 북한은 ""북미협상의 교착은 두말할 것 없이 미국 탓""이라며 날을 세웠습니다.북한은 조선중앙통신 논평을 통해 ""대북제재가 협상력을 높인다는 미국의 믿음은 우둔한 것""이라며 ""제재압박과 관계개선은 함께 이뤄질 수 없다""고 강조했습니다.워싱턴의 고위 외교소식통은 ""북한과 미국 간에 물밑 접촉은 계속 진행되고 있다""면서 미국은 북측과 실무협상에서 조건 없이 만나겠다는 입장이지만 아직 북측의 답이 없는 것으로 안다고 분위기를 전했습니다.MBC뉴스 조국현입니다.조국현 기자 (jojo@mbc.co.kr)[저작권자(c) MBC (http://imnews.imbc.com) 무단복제-재배포 금지]▶ [엠빅비디오] 취(재)중진담 - 법카로 혈세를 펑펑? 장인수 기자의 서울디지털재단 비리 추적기▶ [바로간다] 운송업체 돌며 돈 챙긴 노조간부…'비리' 제보 잇따라▶ [14F] 빅데이터로 확인된 요즘 회식 트렌드는?!Copyright(c) Since 1996,MBC&iMBCAll rights reserved."
133,2018-12-14,또 어디서… 공포로 번지는 90년대 '건설 광풍' 부메랑,https://news.naver.com/main/read.nhn?mode=LSD&mid=shm&sid1=102&oid=005&aid=0001156649,국민일보,"날림 시공 허다, 도심 시한폭탄 우려서울 강남 한복판의 빌딩 붕괴 위험이 ‘포비아(공포)’ 현상으로까지 번지고 있다. 전문가들이 비슷한 시기 지어진 여러 건축물 시공이 부실했을 가능성을 제기하면서 건물 안전진단을 궁금해하는 시민이 크게 늘었다. 정부가 위험한 노후건축물 현황조차 제대로 파악하기 어려운 상태여서 대책 마련이 요구된다.대종빌딩 사건 발생 후 한국안전진단기술원 등 건물 안전진단 전문기관에 관련 방법과 가격을 묻는 전화가 늘었다. 기술원 관계자는 “평소 안전진단 관련 문의가 하루 10건 남짓했는데 지금은 체감상 20~30% 늘었다”면서 “9월 동작구 상도유치원 붕괴 사고 직후에도 비슷한 현상이 발생했다”고 13일 말했다.전문가들은 대종빌딩 사례가 유독 심한 부실시공 사례라는 데 동의하면서도 비슷한 사례가 또 있을 가능성을 배제할 수 없다고 말했다. 김순환 한국건축구조기술사회 윤리위원장은 “건물이 완공된 1991년 당시는 6공화국이 100만 가구 주택 건립을 추진하면서 폭발적으로 건축이 이뤄진 탓에 건축자재가 모자라 부실시공이 많았다”고 말했다. 90년대 건설광풍의 대가가 대종빌딩에만 국한된 사안이 아닐 수 있다는 것이다.정밀진단의 구멍도 많다. 현재 정밀진단은 대개 안전진단 시행 기관이나 업체가 의뢰를 받아 실시한다. 시설물안전관리에관한특별법(시특법)이 규정한 의무 정밀진단 대상은 15층을 넘는 1·2종 건축물이다. 대종빌딩처럼 15층 이하 ‘소규모 건축물’은 제외다.국토교통부는 시특법의 허점을 보완하기 위해 지난 6월 ‘시설물의 안전 및 유지관리 실시 세부지침’을 개정했다. 15년 이상 노후건물이 안전등급 C등급을 받아 ‘3종 시설물’로 지정되면 정밀진단 의무대상이 되도록 하는 내용이다. 그러나 3월 구청 조사 당시 진단은 육안 점검에 그쳤고 대종빌딩은 B등급 판정을 받아 3종 시설물로 지정되지 않았다.전문가들은 대종빌딩 사례처럼 안전점검 의무대상 지정을 피해간 민간 건물이 상당수일 수 있다고 말한다. 박홍근 서울대 건축학과 교수는 “지방자치단체에서 점검을 한다고 해도 안전수준을 제대로 밝혀내기엔 인력이나 시스템이 충분치 못하다”면서 “현재로선 이상 징후를 건물주가 확인하고 개별적으로 정밀진단을 받을지를 판단하는 수밖에 없다”고 말했다.국토부 관계자는 “개정된 지침 적용을 위해 9월까지 각 지자체에 3종 시설물 지정을 하라고 권고했지만 예상했던 5만7000곳보다 훨씬 저조한 5만개 아래에 그쳤다”고 설명했다. 이 관계자는 “민간시설 건물주들은 정밀점검을 의무로 받게 되면 새로 발생할 지출 탓에 3종 시설물로 지정되는 데 반발하는 경우가 많다. 그 때문에 지자체들도 소극적”이라고 말했다.15년이라는 기준도 현재로선 제대로 적용될 여지가 적다. 진단이 필요할 만큼 오래된 건물이 얼마나 되는지 각 지자체가 파악하는 것조차 쉽지 않아서다. 서울시 관계자는 “전산화 작업이 2008년 이뤄져 그 이전 건물의 정보를 제대로 파악하려면 각 구청의 협력을 받아 상당한 노력을 들여야 할 것”이라고 말했다. 구청 등 각 지자체도 이를 대장으로만 가지고 있을 뿐 전산화한 곳은 드물다.조효석 기자 promene@kmib.co.kr[네이버 메인에서 채널 구독하기][취향저격 뉴스는 여기][의뢰하세요 취재대행소 왱]GoodNews paper ⓒ국민일보(www.kmib.co.kr), 무단전재 및 재배포금지"
134,2018-12-14,"현장에선 '택시 엑소더스' 이미 시작, 승차거부 택시를 승객이 거부",https://news.naver.com/main/read.nhn?mode=LSD&mid=shm&sid1=102&oid=005&aid=0001156653,국민일보,"택시업계도 자구책 마련 잰걸음‘택시 애용자’였던 직장인 배모(29)씨는 최근 차량 공유 서비스를 알아보기 시작했다. 경기도 군포에서 서울로 출근하는 그는 1주일에 세 번 이상 택시를 이용하지만 불쾌했던 기억이 더 많다. 승차를 거부당해 1시간 가까이 걸어가거나 불친절한 기사 때문에 난처했던 적이 한두 번이 아니다. 배씨는 13일 “택시 기사가 길을 안내하라며 다짜고짜 짜증을 내거나 가는 길 내내 40분 넘게 큰 소리로 통화했던 적도 있다”며 “매번 스트레스 받을 바에야 다른 서비스로 갈아타는 게 낫겠다 싶더라”고 말했다.택시 기사들의 집단 반발로 카카오 카풀 서비스 도입은 잠정 연기됐지만 택시업계의 자정 노력 없이는 이미 시작된 ‘택시 엑소더스’(탈출)를 막기 어렵다는 진단이다. 이용자들은 택시의 고질병으로 지목됐던 승차거부나 불친절 문제를 개선한 대안 서비스에 눈을 돌리고 있다. 소비자 눈높이에 맞춰 질적 변화를 이뤄내야만 경쟁력을 갖출 수 있다는 지적이다.이용자들은 “내 돈 내고 택시를 타는데 주눅 드는 일이 너무 잦다”고 입을 모은다. 서울시에 따르면 올해 9월까지 접수된 택시불편신고 민원 1만4401건 중 불친절이 5006건(34.7%)으로 가장 많았다. 승차거부(4087건), 부당요금(3439건)이 뒤를 이었다. 직장인 윤모(28)씨는 “장을 보고 카카오택시를 호출했는데 짐이 많다는 이유로 ‘배차를 취소하라’고 소리 지르며 가버렸다”며 “택시 기사들이 카풀을 반대할 자격이 있나 싶었다”고 말했다.이런 틈새를 공략한 차량 공유 서비스는 급속도로 성장하고 있다. 지난 10월 출시된 11인승 승합차 공유 서비스 ‘타다’는 한 달 만에 앱 다운로드 10만건을 넘어섰고, 카풀 서비스 ‘풀러스’도 이용자 수 90만명을 돌파했다. 이용객들은 승차거부 우려가 없고, 고객 서비스도 더 낫다고 평가한다. 타다는 택시와 이용 방법이 같지만 기사가 고객의 목적지를 미리 알 수 없어 승차거부가 불가능하다. 운행 중 클래식 음악을 틀고, 고객에게 불필요한 말을 걸지 않는 등의 고객 대응 매뉴얼도 마련했다. 직장인 박모(35)씨는 “원래 야근하는 날이면 택시를 타고 퇴근했는데 지난달부터 ‘타다’로 갈아탔다”며 “승차감과 고객 서비스 모두 택시보다 나았고 요금도 별 차이가 없었다”고 했다.결국 카카오 카풀 등 신규 산업 저지가 택시업계의 생존법이 돼서는 안 된다는 지적이다. 택시가 변화하지 않으면 소비자에게 외면받을 수밖에 없다는 점은 이번 택시업계 투쟁에 대한 부정적 여론에서도 드러났다. 최근 서울시내 곳곳에서 발생한 ‘시위성 승차거부’ 형태의 전면전은 택시업계를 더욱 고립시킬 것이라는 비판도 나온다.택시업계 내부에서도 ‘바뀌어야 한다’는 위기의식은 조금씩 나타나고 있다. 서울지역 50개 법인택시 업체가 세운 타고솔루션즈는 승차거부가 불가능한 택시 ‘웨이고 블루’를 출시하기로 했다.전문가들은 정부 차원의 대책도 필요하다고 조언했다. 택시 기사 고령화와 수요·공급 불균형 문제는 민간에서 자율적으로 해결하기 어렵기 때문이다. 서울시에 따르면 지난 9월 말 기준 서울 개인·법인택시 기사 8만528명 중 60대 이상이 4만8857명으로 60.6%를 차지했다. 강경우 한양대 교통물류학과 교수는 “택시 수입이 적다보니 은퇴자나 고령자의 노후대책 정도로만 활용되는 경우가 많고, 그 결과 소비자 불만은 더 커지는 악순환”이라며 “공급 감소나 세대교체 등을 위한 제도적 개선이 필요하다”고 했다.이재연 기자 jaylee@kmib.co.kr[네이버 메인에서 채널 구독하기][취향저격 뉴스는 여기][의뢰하세요 취재대행소 왱]GoodNews paper ⓒ국민일보(www.kmib.co.kr), 무단전재 및 재배포금지"
135,2018-12-14,'熱水 시한폭탄' 돈다… 서울·대구 등 203곳 이상징후,https://news.naver.com/main/read.nhn?mode=LSD&mid=shm&sid1=102&oid=023&aid=0003415973,조선일보,"[오늘의 세상]20년 넘은 전국 열수관 점검한국지역난방공사는 전국의 노후 열수관을 긴급 점검한 결과 서울·경기·대구 등 203곳에서 사고 발생 가능성이 있는 이상 징후가 발견됐다고 13일 밝혔다. 난방공사는 지난 5일부터 12일까지 전국 열수관 2164㎞ 가운데 20년 이상 된 686㎞를 열화상카메라와 인력 93명을 투입해 긴급 점검을 했다. 이상 징후가 발견된 203곳 중 위험이 특히 큰 곳도 16곳이었다. 이 중 5곳은 굴착 공사로 점검한 결과 큰 문제가 없었고, 나머지 11곳은 굴착 공사를 위한 절차가 진행 중이다. 난방공사는 내달 12일까지 추가 정밀 점검을 실시할 계획이다. 난방공사는 또 사고가 난 백석역 열수관과 같은 공법으로 매설된 443곳 열수관을 확인하고, 내년 3월까지 굴착 공사를 통해 열수관 상태를 점검하고 보강·교체 공사를 진행하겠다고 밝혔다.한국지역난방공사는 경기도 백석역 열수관 사고 발생 9일 만에 사고 원인과 긴급 대책을 내놨다. 하지만 뒤늦은 대책에 최근 유사 사고까지 잇따르면서 '발밑 위험물' 공포는 커지고 있다. 지난 11일에는 서울 목동에서, 12일에는 경기도 안산에서 열수관이 파열되는 사고가 발생했다. 특히 점검 결과 백석역 열수관과 같은 공법으로 매설돼 사고 위험성이 있는 지점은 403곳에 달하고, 이상 징후가 포착된 노후 열수관도 203곳이었다. 서울과 고양·분당은 물론 경기 수원·용인, 대구에 이르기까지 전국이 위험했다. 불안감은 커졌지만 정작 석 달 뒤인 내년 3월 말이 되어야 문제가 된 열수관 점검·교체가 완료될 예정이어서 주민들은 겨울 내내 불안에 떨어야 하는 상황이다. 난방공사는 문제의 열수관이 매설된 구체적인 지점에 대해서는 '불안감을 조성할 수 있다'는 이유로 공개하지 않아 주민 안전을 외면한다는 지적이 나온다.◇""백석역 사고, 징후조차 파악 못 해""황창화 한국지역난방공사 사장은 13일 ""안전 관리 시스템이 변화하는 환경을 고려하지 못해 사고를 방지하지 못했다""며 사과했다. 난방공사는 ""백석역 사고는 길이 12m 열수관을 서로 연결하는 용접 부분에 사각형 덮개가 노후화해 손상이 발생한 게 원인으로 추정된다""고 했다. 열수관 연결 용접부 덮개는 2002년 이전에 시공된 곳에만 있다. 백석역 열수관은 1991년 매설됐는데, 이런 방식으로 매설된 열수관이 전국 443곳이고, 수도권에만 80%가 몰려 있다.난방공사는 그동안 용접 부분 덮개 파손으로 인한 사고 위험성을 전혀 인지하지 못했고, 사고 발생 뒤에야 실태 파악에 나섰다. 황창화 사장은 ""난방공사 30여 년 동안 온수관에 금이 가거나 찢긴 사고는 종종 있었지만 백석역 같은 폭발형 사고는 처음이었다""며 ""현재 매뉴얼로는 사고 징후조차 파악하기 어려웠다""고 했다. 안전 점검 매뉴얼 자체가 엉터리였다는 점을 자인한 것이다. 난방공사는 443곳 열수관을 모두 파내 용접부 덮개 상태를 점검할 계획이다. 내년 3월 말까지 보강·교체 공사를 하겠다지만 언제 어디서 유사 사고가 발생할지 모르는 상황이다.◇뒤늦은 노후 열수관 전수 점검백석역 열수관 사고는 난방공사의 노후관에 대한 사전 점검과 관리 부실이 빚은 인재(人災)로 밝혀지고 있다. 난방공사는 백석역 열수관이 수명을 다한 위험 구간이라는 사실을 사고 이전에 알고 있었는데도 바로 조치하지 않았던 것으로 드러났다. 난방공사는 지난달 고양시 전체 열수관을 대상으로 사용 가능 연한 조사를 진행했다. 점검 결과 고양 지역 341㎞ 열수관 중에서 백석역 열수관을 비롯해 10%인 34.1㎞가 앞으로 사용할 수 있는 기대 수명이 '0년'이 안 되는 위험 1등급으로 분류됐는데도 사고 때까지 아무런 후속 조치를 하지 않았다.난방공사는 사고가 발생하자 뒤늦게 20년 넘는 노후 열수관 전 구간(686㎞)에 대해 긴급 점검을 진행했다. 난방공사 전체 열수관(2164㎞)의 32%다. 열화상카메라를 이용해 지열 차이를 분석하는 방식이었는데 서울 여의도·상암·반포(78곳), 서울 강남·송파·서초(18곳), 경기 분당(49곳)·고양(24곳)·용인(15곳)·수원(7곳), 대구(12곳) 등 전국 203곳에서 이상 징후가 발견됐다. 난방공사는 다음 달 12일까지 정밀 장비를 동원해 추가 진단을 한 뒤 취약 지점으로 분류되는 곳은 보수·교체 작업 전까지 매일 열화상카메라로 검사를 하기로 했다.◇절반 가까운 민간 열수관은 어쩌나이번 난방공사의 열수관 긴급 점검이나 대책에는 지방자치단체 산하나 민간 업체가 관리하는 열수관이 제외돼 불안감을 키운다. 전국 열수관 3956㎞ 중 난방공사가 관리하는 열수관은 절반이 조금 넘는 2164㎞이고, 나머지 1792㎞는 지역 난방 사업자가 관리한다. 지난 11일과 12일 사고가 발생한 서울 목동과 경기 안산 고잔동 열수관도 서울에너지공사와 안산도시개발이 각각 관리하고 있다. 이번 사고를 계기로 황창화 사장에 대해서도 '정치인 낙하산 인사' 논란도 불거질 것으로 보인다. 국회의원 보좌관 출신인 황 사장은 국무총리 정무수석비서관, 국회 도서관장 등을 지냈다. 지난 2016년 총선에서 더불어민주당 후보로 출마했다가 낙선했다.▲[포토]열수관 공포…203곳 이상 징후에 전국 대책 마련 시급[전수용 기자jsy@chosun.com] [안준호 기자][조선닷컴 바로가기][조선일보 구독신청하기]- Copyrights ⓒ 조선일보 & chosun.com, 무단 전재 및 재배포 금지 -"
136,2018-12-14,인력 감축·운용 경직… 비틀거리는 코레일,https://news.naver.com/main/read.nhn?mode=LSD&mid=shm&sid1=101&oid=081&aid=0002963516,서울신문,"<하> 무너진 작동원리 바로 세우자[서울신문]MB·朴정부 효율 내세워 과도하게 줄여올해 증원됐지만 노조 입김에 관리 제약격무 인센티브 없어 오지 근무 기피경강선 유지·보수 50%가 비숙련자365일 운영 불구 정부 획일적 관리 잣대시설 첨단화에 맞춰 전문인력 양성 필요“철도 현장에서는 아무리 열심히 일해도 승진이나 금전적 보상을 기대하기 어려워요. 이런 구조에서 누가 자발적으로 일을 챙기려고 하겠어요?”우리나라 철도의 기본이 무너졌다. 철도 안전관리 시스템이 부실해졌을 뿐 아니라 안전과 직결된 현장 업무마저 제대로 관리되지 않고 있다는 평가다.철도 안전과 인력·예산은 동면의 양면과 같다. 13일 코레일에 따르면 지난해 기준 코레일이 관리하는 선로는 총 9693㎞로 2014년 8456㎞보다 14.6% 늘었다. 하지만 최대 3만 2000여명에 달했던 코레일 정원은 현재 2만 7000명선에 머물고 있다. 선로가 꾸준히 늘어나고 있음에도 인력은 되레 줄었다. 코레일은 올해 2000명을 새로 뽑았고 해고자(98명)와 KTX 여승무원(180여명)을 특별 채용했다. 올해 임단협에서는 노조의 3064명 증원 요구도 받아들였다. 그럼에도 인력 부족 현상은 나아지지 않고 있다.철도 전문가들은 이런 상황이 이명박·박근혜 정부에서 추진한 ‘공공기관 효율화’로 인해 인력이 과도하게 줄어들어 나타나는 현상으로 본다. 그렇다면 인력만 늘리면 앞으로 이런 사고나 장애가 없어질까. 코레일 내부에서조차 이에 대해 동의하지 않는다. 지금과 같은 주먹구구식 추정이 아닌 정확한 진단을 통해 제대로 된 대책이 필요하다고 입을 모은다. 또 정확한 역량 평가를 통해 코레일이 제 구실을 다하고 있는지도 확인할 필요가 있다.이번 기회에 철도 현장의 ‘작동 원리’를 바로 세워야 한다는 지적도 나온다. 지난 8일 발생한 경강선(서울~강릉) KTX 열차 탈선 사고는 철도 현장 근무자들의 전문성 부족과 책임의식 부재를 여실히 보여줬다. 코레일은 지난해 12월 22일 경강선을 개통하면서 신규 인력을 전체의 30%나 배치했다. 새로 운행을 시작하는 노선이고 평창동계올림픽 성공에 중추적 역할을 하는 철도라는 점을 감안했을 때 납득하기 어려운 인력 구성이었다. 심지어 유지 보수 인력의 경우 비숙련자 비율이 50%를 넘는다는 말도 나왔다. 코레일 관계자는 “기존 직원 가운데 오지, 그것도 고생할 것이 뻔한 신설 노선을 누가 지원하겠나. 격무에 대한 인센티브가 없다 보니 회사가 직원들에게 사정사정해서 현장에 배치한 것으로 안다”고 전했다.여기에 문재인 정부 들어서 노조의 입김이 강해지고 근로 조건도 강화돼 인력 운용 경직성이 심해졌다는 평가다. 사측의 인사권을 제약하던 ‘자동 근속 승진 제도’와 ‘강제 순환 전보 제한’이 2014년 이후 폐지됐지만 현장에서는 여전히 암묵적으로 이뤄지고 있다. 이런 가운데 올해 복직된 해고자 65명 가운데 50여명이 승진해 논란이 크다. 특히 2005년 이후 공사(코레일)로 입사한 직원들의 상대적 박탈감이 큰 것으로 전해졌다.정부의 획일적 관리 방식에도 개선이 요구된다. 철도 현장은 365일, 24시간 쉬지 않고 운영되는 데도 정부가 코레일 역시 일반적인 공기업과 똑같은 잣대를 들이대다 보니 안전 관리에 차질이 생긴다는 것이다. 코레일 관계자는 “초과근무나 휴일수당 지급이 안 되니까 본사나 지역본부 직원들이 대체근무를 나가야 하는 상황”이라고 토로했다. 한국철도시설공단 관계자는 “(공단이) 철도 시설관리 업무에만 치중하다보니 기술자로서의 역할이 부족하다”며 “시설 첨단화에 맞춰 전문인력 양성 교육 등이 뒷받침돼야 한다”고 강조했다.대전 박승기 기자 skpark@seoul.co.kr▶채널 구독하고, 따뜻한 시간 보내세요(기프티콘 증정)▶ [인기 무료만화] [페이스북]ⓒ 서울신문(www.seoul.co.kr), 무단전재 및 재배포금지"
137,2018-12-14,강추위 엄습…대관령 -18.7도·서울 -6.9도,https://news.naver.com/main/read.nhn?mode=LSD&mid=shm&sid1=103&oid=052&aid=0001228740,YTN,"눈구름 뒤로 찬 공기가 가득 밀려왔습니다.강원 산간과 평창에 한파 경보가, 그 밖의 영서와 경기 북동부, 충북과 경북 일부 지방에 한파주의보가 내려진 가운데 어제보다 기온이 10도가량 크게 떨어졌습니다.현재 대관령 기온이 영하 18.7도까지 떨어져 전국에서 가장 낮고요.파주 영하 12.4도, 서울 영하 6.9도, 남부 지방도 영하권을 보이고 있습니다.옷차림 따뜻하게 하고 나오시기 바랍니다.현재 내륙 지방은 대체로 맑지만, 울릉도와 독도에는 대설 경보가 내려진 가운데 눈이 오고 있습니다.오늘 울릉도와 독도에는 5에서 10cm의 눈이 더 오겠습니다.오늘 내륙 지방은 종일 맑겠고, 어제 내린 눈이 얼어 빙판을 보이는 곳이 많겠습니다.현재 제주도를 제외한 전국이 영하의 기온을 보이고 있습니다.서울의 기온이 영하 6.9도를 비롯해 전주가 영하 2.6도를 보이고 있는데요.낮에도 어제보다 기온이 내려가 춥겠습니다.서울의 한낮 기온이 0도에 그치겠고요.청주가 2도, 안동과 대전, 전주가 3도, 창원 5도 선에 그치겠습니다.이번 추위는 주말 아침까지 이어진 뒤 누그러지겠습니다.하지만, 일요일에는 전국에 비나 눈이 내릴 전망입니다.날씨정보였습니다.▶ YTN 개편 구독하면 총 300만원의 행운이!▶ 네이버 메인에서 YTN을 구독해주세요![저작권자(c) YTN & YTN PLUS 무단전재 및 재배포 금지]"
138,2018-12-14,회계장부로만 줄인 '꼼수 예산' 지역 SOC 확충 사업으로 부활,https://news.naver.com/main/read.nhn?mode=LSD&mid=shm&sid1=101&oid=032&aid=0002911237,경향신문,"ㆍ나라살림연구소, 2019년도 예산안 증감사업 전수조사해보니포항~영덕 고속도로 등규모 상관없이 1000억 ↑‘정치적 타협’ 편성 가능성여야가 내년도 예산안 처리 과정에서 삭감한 3조5000억원이 회계 장부상의 ‘꼼수’에 불과하다는 주장이 제기됐다. 실제 사업지출 규모를 줄인 것이 아니라 애초부터 과도하게 설정된 금리를 낮춘 ‘회계적 삭감’이 대부분을 차지했다는 이유에서다. 국회는 내년도 예산안을 정부안(470조5000억원)보다 약 9000억원이 줄어든 469조6000억원 규모로 확정해 지난 8일 본회의에서 통과시켰다.13일 나라살림연구소가 2019년도 예산 심의 과정에서 증감한 사업을 전수조사한 결과를 보면, 국회 심의 과정에서 감액된 5조2000억원 가운데 92%인 4조8000억원은 100억원 이상 감액된 57개 사업에서 발생했다. 연구소는 “삭감된 4조8000억원 중 사업 규모를 줄이는 방식으로 지출을 줄인 규모는 1조3000억원에 불과하다”며 “나머지 3조5000억원은 단순 회계상 감액”이라고 지적했다.사업별로 보면, 단일 사업 중 가장 큰 규모의 감액 사업인 ‘국고채 이자상환’ 사업은 국고채에 적용되는 금리 예측치를 낮춰 9000억원의 이자상환액 예산을 삭감했다. 금리가 높을수록 이자상환 예상액이 커져 정부가 미리 잡아놓아야 하는 예산 규모도 커진다. 그동안 기획재정부는 국고채 이자상환 예산을 편성할 때 의도적으로 신규 국채 발행 금리를 높게 설정한다는 지적이 꾸준히 제기됐다.보통교부세 지출액이 7166억원 줄어든 이유도 지방소비세가 확대되면서 자동적으로 줄게 된 보통교부세를 반영한 결과였다. 보통교부세는 내국세의 19.24%가 지원되는데 지방소비세 확대로 내국세가 감소하면 그만큼 보통교부세가 줄어든다. 국회에서 4000억원이 깎인 공무원연금 퇴직급여도 연금 지급액을 삭감한 것이 아니라 공무원연금 지급 예측치를 변경한 것이었다. 국민연금 급여 지급도 이 같은 방식으로 2700억원이 삭감됐다. 이들은 미래 지급을 대비해 마련한 가상 숫자여서 실질적으로 사라지거나 축소된 사업은 없다.회계적으로 삭감시킨 예산은 지역 사회간접자본(SOC)을 확충하기 위한 사업 예산으로 부활했다. 포항~영덕 고속도로 건설, 거제~마산 국도건설, 안심~하양 복선전철 등은 사업 규모와 관계없이 모두 예산결산특별위원회에서 1000억원씩 동일하게 예산이 증액됐다. 경제적 필요성이 아닌 정치적 타협으로 증액됐을 수 있다는 의미다.100억원 이상 증액된 사업은 총 2조1000억원 규모로 이 중 국토교통부 도로사업이 8000억원을 차지했다. 이상민 나라살림연구소 수석연구위원은 “공식적인 국회 예결위 소위에서는 회계적인 감액 규모는 잘 논의되지 않는다”며 “우리나라 예산 심의 과정의 고질적인 문제점은 법적 근거가 없는 밀실 합의체인 ‘소소위’에서 중요한 감액과 대부분의 증액이 이뤄진다”고 했다. 이와 관련, 기재부 관계자는 “예산안 편성 과정에서 예측치를 높게 계산해 감액된 부분은 있지만 전체 삭감액에 비하면 그 규모는 작은 편”이라고 말했다.박상영 기자 sypark@kyunghyang.com▶[경향비즈 바로가기], 경향비즈 SNS[페이스북]▶[인기 무료만화 보기][©경향신문(www.khan.co.kr), 무단전재 및 재배포 금지]"
139,2018-12-14,'삼바' 이제 검찰로…20여 곳 압수수색 '승계' 정조준,https://news.naver.com/main/read.nhn?mode=LSD&mid=shm&sid1=102&oid=214&aid=0000899779,MBC,"[뉴스데스크]◀ 앵커 ▶검찰이 분식회계 혐의로 고발된 삼성 바이오로직스에 대해서 대대적인 압수수색을 벌였습니다.검찰이 본격적인 수사에 착수하면서 고의 분식회계 의혹, 나아가 이재용 부회장의 경영권 승계 과정에 위법성이 있었는지 여부도 가려질 것으로 보입니다.최경재 기자입니다.◀ 리포트 ▶서울중앙지검 특수2부는 오늘(13일) 오후 4시쯤, 인천 연수구의 삼성바이오로직스 본사에 검사와 수사관을 보내 회계 관련 장부 등을 확보했습니다.동시에 바이오로직스의 모회사인 삼성물산과 자회사인 삼성바이오에피스, 당시 외부 감사를 맡은 회계법인 삼정과 안진도 압수수색했습니다.삼성 계열사 일부 임원의 주거지까지 포함해 총 20여곳을 대상으로 하는 대규모 압수수색이 진행됐습니다.검찰은 ""자료 확보 시기를 놓칠 경우 진실 규명이 어려울 것으로 예상돼 신속하고 전방위적인 압수수색을 벌였다""고 설명했습니다.""대형 기업인데다 자료가 방대해 압수수색도 앞으로 며칠 더 걸릴 것""이라고 설명했습니다.앞서 증권선물위원회는, 지난 2015년 말 삼성바이오로직스가 자회사였던 바이오에피스의 가치를 3천억 원에서 4조 8천억 원으로 키울 때 고의 분식회계가 있었다고 판단하고 검찰에 고발했습니다.바이오에피스의 가치가 대폭 높게 평가되면서 바오오로직스의 대주주인 삼성물산의 재무제표가 개선됐고, 이 부분은 궁극적으로 이재용 부회장의 경영권 승계에 영향을 미쳤다는 의혹을 받고 있습니다.검찰은 우선 압수물 분석이 끝날 때까지 삼성바이오로직스 관계자들에 대한 참고인 조사를 비공개로 진행할 예정입니다.MBC뉴스 최경재입니다.최경재 기자[저작권자(c) MBC (http://imnews.imbc.com) 무단복제-재배포 금지]▶ [엠빅비디오] ""음란물은 가족들이.."" 여기어때 前사장피셜▶ [바로간다] 운송업체 돌며 돈 챙긴 노조간부…'비리' 제보 잇따라▶ [14F] 빅데이터로 확인된 요즘 회식 트렌드는?!Copyright(c) Since 1996,MBC&iMBCAll rights reserved."
140,2018-12-14,'붕괴 위험' 오피스텔 대책 분주…주변 건물들도 '불안',https://news.naver.com/main/read.nhn?mode=LSD&mid=shm&sid1=102&oid=055&aid=0000696103,SBS,"<앵커>붕괴 위험이 발견된 서울 강남의 오피스텔 건물이 오늘(13일) 새벽 0시부터 '사용 제한' 처분을 받았습니다. 강남구청 측은 입주민들과 대책을 논의하면서도 주변 건물의 안전에 대해서는 신경 쓰지 못하고 있습니다.보도에 소환욱 기자입니다.<기자>새벽 0시부터 일반인 출입이 제한된 오피스텔 건물, 집기류를 빼내려는 입주민들 발걸음은 이어졌습니다.[입주민 친구 : 저는 친구사무실에 제 차를 가지고 도와주러 왔어요. 소식을 듣고 놀라서.]입주자와 소유주들은 하루 종일 앞으로 대책을 논의하느라 분주했습니다.강남구청은 당장 갈 곳이 없는 입주자들에게 동 주민센터와 보건소 등의 빈 공간을 임시로 제공하겠다고 약속했습니다.110명이 넘는 건물주들과 정밀 안전진단을 위한 일정 협의도 시작했습니다.[박종섭/강남구청 건축과장 : 건물주 관계자들의 회의에서 원칙적으로 응급 보강과 안전진단 하는 것에는 동의했다고 합니다.]급한 대로 지하 1층부터 4층까지 중앙 기둥 주변부터 지지대를 설치하기로 했습니다.하지만 다른 기둥들의 상태는 점검조차 못 했습니다.[박성수/인근 빌딩 입주 상인 : 불안하다고 (다들 그러세요.) (문제가 된 빌딩) 그게 무너지면 도미노처럼 (옆 건물들도) 넘어질 수 있으니깐.]비슷한 시기에 허가받고 지어진 주변 건물들도 불안하기는 마찬가지인데, 정작 강남구청은 안전 진단을 실시할지 아직 못 정하고 있습니다.[강남구청 관계자 : 사람이 있어도, 콕 집어서 지시하지 않으면 그렇게 할 수가 없죠.]강남 한복판 15층 건물이 언제, 어떻게 될지 모른다는 불안감이 번져가는 모습입니다.(영상취재 : 김흥기, 영상편집 : 하성원)소환욱 기자(cowboy@sbs.co.kr)▶[제보하기] 모든 순간이 뉴스가 됩니다▶[끝까지 판다] 뿌리 깊은 사학 비리※ ⓒ SBS & SBS Digital News Lab. : 무단복제 및 재배포 금지"
141,2018-12-14,어린이집 '급식비 기준' 올린다지만…'문제' 풀릴지 의문,https://news.naver.com/main/read.nhn?mode=LSD&mid=shm&sid1=102&oid=437&aid=0000198345,JTBC,"[앵커]부실한 급식에 대한 문제가 여러차례 불거지면서 정부가 대응 방안을 준비하고 있습니다. 급식비 지원을 늘려주고 소규모 어린이집은 '급식관리 지원센터'에 의무적으로 등록해서 관리 받도록 하는 방안이 추진됩니다. 급식비 지원금이 워낙 적어서 올릴 필요는 있는데 이것만으로 문제가 풀릴지는 의문입니다.배양진 기자입니다.[기자]'유기농 식품을 쓴다고 학부모를 속이고 식단에서 고기를 빼라고 했다.''학부모 상담할 때만 비싼 식자재를 사고, 상담이 끝나면 집에 가져간다.'어린이집 비리 관련 온라인 조사에 올라온 부실급식 제보들입니다.이렇게 부실 급식 사례가 쏟아지자 정부가 어린이집 급식 관리를 강화하겠다고 나섰습니다.우선 비현실적이었던 급식비 기준을 바로 잡는 것부터 시작합니다.복지부 지침에는 아동 1명의 급식비로 하루 최소 1745원을 쓰도록 규정되어 있습니다.27년째 그대로인데 그간 물가가 올라 작은 우유 2팩만 사도 기준을 넘습니다.하루 식사 1번, 간식 2번을 제대로 주기에는 모자랍니다.이를 변명 삼아 질 낮은 급식을 제공하는 것을 차단하겠다는 것입니다.영양사가 없는 어린이집은 어린이급식관리지원센터에 의무 등록하도록 하는 방안도 추진됩니다.그러나 어린이집 운영이 폐쇄적인 탓에 한계가 있다는 지적이 나옵니다.실제로 어린이집 원장이 식재료비 지출을 '보육정보시스템'에 보고하더라도, 영수증만 확인될 뿐 식재료가 어떻게 쓰였는지는 알 수 없습니다.(영상디자인 : 최수진·이지원)배양진(bae.yangjin@jtbc.co.kr) [영상편집: 지윤정]▶ 라이브 시청은 JTBC 뉴스앱!,제보는 뉴스룸으로!▶ 뉴스룸 뒤 이어지는 취재후기는 '소셜라이브'Copyright by JTBC(http://jtbc.joins.com)and JTBC Content Hub Co., Ltd. All Rights Reserved. 무단 전재 및 재배포 금지"
142,2018-12-14,법 없어 암표 단속 못 한다는데…못 잡나? 안 잡나?,https://news.naver.com/main/read.nhn?mode=LSD&mid=shm&sid1=103&oid=056&aid=0010650646,KBS,"[앵커]끈질긴 K.. 어제(12일) 이 시간을 통해 유명가수들의 콘서트장 암표가 어떻게 공공연히 유통되고 있는지 생생하게 전해 드렸습니다.정부나 관계당국이 의지만 있다면 얼마든지 암표 유통을 막을 수 있는데도 '법이 없다.. 기술을 따라잡지 못한다..' 이런 저런 핑계로 사실상 손을 놓고 있습니다.암표 유통을 막을 방법은 무엇인지 김수영 기자가 전해드립니다.[리포트]가수 아이유의 데뷔 10주년 콘서트장입니다.입장하기 전  예매한 사람이 맞는지  일일이 확인합니다.[""휴대전화 번호 뒤에 4개요. 본인 맞으세요? 문자로도 (공지) 나갔어요. 본인 아니시면 티켓을 드릴 수 없어요.""]법이 없어 단속이 어렵다고  정부가 손을 놓고 있는 사이,보다 못한 연예기획사가  직접 나선 겁니다.[아이유 소속사 관계자 : ""부정거래 티켓이 만연하게 벌어지다 보니까 너무 가고 싶은데 갈 수 없는 팬분들의 안타까운 그런 이야기들을 많이 듣게 돼서 시작하게 됐습니다.""]팬들의 제보도  적극적으로 활용했습니다.[안아란/경기도 안산시 : ""고발하는 사람에게 그 표를 준다고 알고 있거든요. 적절한 대처라고 생각을 해요.""]그 결과 소속사는 2달 동안 암표 거래를 200건 넘게  적발할 수 있었습니다.[아이유 소속사 관계자  : ""판매자의 개인정보와 그 사람이 티켓 가격보다 높은 가격에 판매하고 있는 정황, 2가지 정도가 확인되면 부정 티켓 거래라고 간주하고 (적발했습니다).""]하지만 연예기획사들의  노력만으로는 한계가 분명합니다.그렇다면 암표상들이 쓰는 매크로를 막을 수 있는 방법은 없는 걸까.티켓 예매처들은  매크로로 의심되는 활동이 감지돼도  별다른 대응을 하지 않습니다.[티켓 예매처 관계자/음성변조 : ""암표는 판매된 이후 일어나는 거래 방식이라 예매처하고는 직접적인 상관이 없습니다.""]전문가들은  매크로가 계속 발전하긴 하지만, 의지만 있다면  방어할 방법도 분명 있다고 말합니다.[김승주/고려대 정보보호대학원 교수 : ""매크로를 차단하기 위해서 강력한 기술을 내놓을수록 표를 예매하는 데 불편해져서 (꺼리는 겁니다).""]단속할 법도, 의지도 없는 상황에서  사각지대에 놓인 암표 시장,표를 가로채는 기술과 거래 수법만 진화하고 있습니다.끈질긴K 김수영입니다.김수영[저작권자ⓒ KBS 무단복제-재배포 금지]▶ 네이버 채널 KBS뉴스 구독! 시원하게 털어드립니다▶ ‘TV보다 ㄹㅇ’ 당신의 진짜 뉴스 ‘케이야’"
143,2018-12-14,"이상징후 203곳, 문제지역은 어디?…'온수관 대책' 실효성은?",https://news.naver.com/main/read.nhn?mode=LSD&mid=shm&sid1=101&oid=437&aid=0000198328,JTBC,"203곳 중 서울이 96곳…수도권에 집중[앵커]이상징후가 발견된 온수관 203군데. 이 조사결과를 어제(12일) 저희들이 처음으로 보도한 이후에 오늘 한국지역난방 공사가 관리부실을 인정하고 긴급대책을 내놨죠. 우선 그 203군데 중에 서울지역이 절반 가까운 96곳이라는 것은 조금 전에 말씀을 드렸습니다. 다 인구밀집지역입니다. 그만큼 점검이 빨리 이뤄져야 한다는 것인데, 그러나 올겨울 내내 대책 없이 지내야 하는 곳들. 다시 말해서 사고가 안 나기를 바랄 수밖에 없는 그런 지역들이 꽤 많습니다.경제산업부 송지혜 기자와 대책을 좀 따져보도록 하겠습니다. 우선 난방공사가 이상징후가 발견된, 그러니까 주변과 온도차가 3도 이상 나는 곳. 심각한 곳은 10도 이상 난다고 말씀드렸습니다. 그 203군데가 주로 어디에 분포돼 있는지를 밝혔습니다. 어느 지역에 주로 집중이 돼 있습니까.[기자]전체 203곳 중에 서울 중앙지사가 관할하는 지역이 78곳으로 가장 많습니다.여의도나 상암동, 반포지역 일부가 해당됩니다.서울 강남지사 관할 18곳을 더하면 서울만 96곳입니다.이어서 분당, 고양시, 강남지사와 용인 등의 순인데요.이처럼 수도권에 집중된 것은 노후관이 주로 1990년대 초에 지어진 1기 신도시에 주로 배치돼있기 때문입니다.대구도 12곳이 있습니다.[앵커]그중에서도 이제 온도차가 다른 지표와 10도 이상 차이가 나서 바로 조치가 필요한 곳 16군데가 어딘지도 나왔죠.[기자]실제로 위험이 있어서 이미 조치에 들어간 곳이 16곳인데요.여기에는 고양시가 6곳으로 가장 많았습니다.전체 16곳 중의 5곳의 땅을 팠는데 4곳은 누수는 없었고 고양시 1곳은 미세하게 물이 새서 실제 배관 밸브를 교체했습니다.서울 잠원동 1곳은 이미 보수를 끝냈고 대치동 1곳은 구청의 인허가를 기다리고 있습니다.[앵커]대책을 내놓았는데 그 주요 내용이 어떤 것입니까, 그러면?[기자]한마디로 사고의 위험이 있는 온수관을 가능한 빨리 전량을 보수하거나 교체하겠다는 것입니다.이를 위해서 주변과 온도차가 3도 이상 나는 곳, 즉 누수가 의심되는 203곳은 내년 1월 12일까지 정밀진단을 실시하기로 했습니다.그 결과 문제가 많은 지점은 진단이 끝나는 즉시 보수나 교체하겠다는 계획입니다.또 백석역 사고 지점과 같은 용접부가 있는 443곳은 내년 3월까지 모두 일단 땅을 파서 살펴보기로 했는데요.그 결과 문제가 발견될 경우에는 내년 안으로 보수하거나 교체를 마친다는 계획입니다.[앵커]그것이 이제 아무 일 없으면 다행인데 굴착해서 다 볼 때까지 몇 달이 지나고 바로 그것이 겨울구간이기 때문에 겨울에 온수 또 많이 쓰잖아요. 그래서 내년 3월까지 일단 이 지역 주민들은 온수관이 터지지 않기만 바랄 수밖에 없는 그런 상황인가요, 그러면?[기자]난방공사는 일단 이 열화상 카메라로 매일 특별진단을 해서 문제가 심각한 곳부터 먼저 조치를 하겠다는 설명입니다.하지만 백석역 온수관 사고가 난 곳도 지난달 초 외주업체가 열화상 카메라를 통해서 점검했을 당시에는 이상이 없었다는 것이 바로 난방공사의 설명입니다.'이후에 한 달 만에 파열이 일어난 원인은 본인들도 아직 알 수가 없다. 그래서 그 부분은 경찰 조사가 진행 중'이라는 거고요.따라서 열화상 카메라로 점검을 하는 것만으로 불안을 완전히 해소하기는 어려울 거라는 지적도 나옵니다.[앵커]이거 뭐 필요 이상으로 불안감을 느낄 필요는 물론 없는 데 한 번 사고를 겪고 나니까 아무래도 걱정이 되는 것은 맞는 것 같습니다.◆ 관련 리포트안산서도 온수관 파열…곳곳 '끓는 물폭탄'에 난방공사 사과→ 기사 바로가기 : http://news.jtbc.joins.com/html/161/NB11742161.html◆ 관련 리포트땅 온도 10도 치솟은 16곳…인근엔 대규모 아파트 단지→ 기사 바로가기 : http://news.jtbc.joins.com/html/160/NB11742160.html송지혜(song.jihye@jtbc.co.kr)▶ 라이브 시청은 JTBC 뉴스앱!,제보는 뉴스룸으로!▶ 뉴스룸 뒤 이어지는 취재후기는 '소셜라이브'Copyright by JTBC(http://jtbc.joins.com)and JTBC Content Hub Co., Ltd. All Rights Reserved. 무단 전재 및 재배포 금지"
144,2018-12-14,조선족은 강력범죄의 원흉인가?,https://news.naver.com/main/read.nhn?mode=LSD&mid=shm&sid1=102&oid=056&aid=0010650650,KBS,"[앵커]다문화 가정 아이들이 우리 사회의 당당한 구성원으로 자라나는 데 가장 큰 장애물은 차별과 혐오의 시선일 겁니다.우리 안에는 이미 이들에 대한 부정적인 인식이 뿌리깊게 자리잡고 있는데요.외국인 범죄가 한국인 범죄보다 많다든가, 특히 조선족은  강력 범죄의 원흉이라든가, 이런 인식들은 실제로 얼마나 근거가 있는 걸까요?팩트체크K에서 임주현 기자와 짚어보겠습니다.임 기자 우선 방금 얘기했던 것, 중국 동포들이 강력범죄의 원흉이다, 이 얘기가 맞는 말인가요? 실제로 그런가요?[기자]차근차근 짚어보겠습니다.먼저 지난해 국내 범죄자 가운데  외국인 범죄자는 몇 명일까요?3만 4천명입니다. 이 가운데 중국인 범죄자 수가 제일 많습니다.당연합니다, 국내에 있는 외국인 중 중국인 수가 제일 많거든요.중국국적이 모두 중국동포인 건 아니고요.이른바 '조선족' 통계는 따로 없습니다.여기서 70% 정도가 한국계 중국인, 우리가 중국동포라고 부르는 이들입니다.[앵커]외국인 범죄자 중에 중국 국적자의 수가 가장 많다는 건 사실이네요.근데 이걸  인구 대비로 환산해서 따져봐야 앞서 얘기한 조선족이 강력범죄의 원흉이다, 아니다 얘기할 수 있는 것 아닐까요?[기자]맞습니다.그래서 형사정책연구원에서는 '10만명 당 범죄자 검거'라는 일종의 지수를 만들어서 씁니다.국적별 체류 인구 중 범죄자를 보는거죠. 이렇게보면 중국은 16개 국 가운데 7번째로, 중간입니다.인구 대비 범죄지수가  가장 높은 나라는 몽골로 집계됩니다.[앵커]근데 이건 모든 범죄를 다 포함한 것이고, 강력 범죄만 따져보면 어떤가요?[기자]외국인 밀집지역이 생기면서  특히 걱정이 많은데요.실제로  서울 구로와 경기 시흥 같은 4곳에선  외국인의 강력 범죄자 검거지수가  전체 평균보다 높습니다.해마다 증가하고 있는 것도 사실입니다.재래시장, 유흥업소들이 몰려있는 반면  방범시설은 부족한 곳들이다보니  우발적 요인과 환경적 요인이  함께 작용했다고 경찰청은 보고 있습니다.하지만  살인, 강도, 강간강제추행,  절도, 폭력 중에선  '폭력'이 32% 정도로 가장 많습니다.이건 한국인 범죄유형분포도 비슷합니다.여기서 중국인만 놓고 보면  전체 외국인 범죄 분포와 비교할 때  살인은 약간 높고, 강도는 낮습니다.강간, 강제추행은 많이 낮은 편입니다.[앵커]강력 범죄에도종류가 여럿인데, 얘기 들어보니 종류에 따라 차이가  커서요.꼭 중국 동포가 유독 강력범죄를 많이 저지른다, 이렇게 단정하긴 좀 어려운 것 아닌가 싶은데요?[기자]네, 조선족이 강력범죄의 원흉이라는 건 대체로 사실이 아닙니다.다만 최신 통계에서 외국인의 살인 검거 지수가  내국인에 비해 상당히 높게 나타나는데요.전문가들은 차별과 혐오가 강력범죄를 부추긴다는 연구결과를 잊지 말라고 당부합니다.지금까지 팩트체크K였습니다.임주현 기자 (leg@kbs.co.kr)[저작권자ⓒ KBS 무단복제-재배포 금지]▶ 네이버 채널 KBS뉴스 구독! 시원하게 털어드립니다▶ ‘TV보다 ㄹㅇ’ 당신의 진짜 뉴스 ‘케이야’"
145,2018-12-14,11명 숨졌는데 과태료 '0원'…책임 떠안는 하청업체들,https://news.naver.com/main/read.nhn?mode=LSD&mid=shm&sid1=102&oid=055&aid=0000696086,SBS,"<앵커>그런데 이렇게 하청업체 사람들에게 위험한 일을 맡긴 태안발전소는 정작 사고가 나도 별로 책임지는 게 없습니다. 하청업체가 모든 책임을 떠안는 구조기 때문입니다. 실제로 지난 8년 동안 태안 발전소에서 많은 인명사고가 났는데, 발전소가 낸 과태료는 한 푼도 없었습니다.그 이유를 백운 기자가 취재했습니다.<기자>태안 발전소의 하청을 맡으려면 '최저가 경쟁 입찰'을 통과해야 했습니다.고 김용균 씨가 속했던 업체도 6개 업체가 달려든 경쟁에서 수주 예상 가격에 한참 못 미치는 금액으로 선택된 것으로 알려졌습니다.그러다 보니 최소 인력으로 열악한 환경에서 일하도록 내몰렸다는 주장이 나옵니다.[이태성/발전비정규직연대회의 간사 : (화력발전소에서) 2인 1조는 한 번도 해본 적이 없습니다. 가슴 아팠던 건 우리 고인께서 헤드 랜턴조차 없는 일터에서 일을 하다가 사망을 하셨다는 겁니다.]인명 사고가 나면 책임은 하청 업체가 져야 했습니다.지난 8년 동안 태안 발전소에서 숨진 하청 노동자는 11명, 다친 노동자도 61명에 달합니다.그런데도 원청인 발전소가 인명사고 때문에 물은 과태료는 한 푼도 없었던 것으로 드러났습니다.지난해 11월 하청 노동자가 숨졌을 때 고용노동부는 특별근로감독을 벌여 과태료 1억 1천만 원을 부과했습니다.인명사고에 대한 책임이 아니라 설비 미비 등을 이유로 부과한 것이었습니다.그마저도 원청과 하청들이 절반씩 나눠 낸 것으로 확인됐습니다.[보령고용노동지청 공무원 : 산업(안전보건)법에서는 기본적으로 그 근로자에 대해서는 소속 사업장의 사업주가(하청업체)가 책임이 있거든요.]인명사고가 나도 발전소 측이 입는 직접적 피해는 거의 없었던 셈입니다.노동 전문가들은 이익을 많이 가져가는 쪽이 책임을 더 많이 지도록 법을 강화해야 한다고 요구하고 있습니다.[유성규/공인노무사 : 산재 사망이 발생했을 때 그 책임을 정말 능력 없는 소규모 영세 업체에 집중시키는 것이 아니라 진짜 이득을 가져가고, 진짜 의사결정을 하는 원청 대기업에 그 책임을 집중시키는 것(이 필요합니다.)]하청업체가 사고 책임을 모두 떠안는 지금의 구조에서는 수익성에 하청 노동자의 안전이 뒷전으로 밀리는 지금의 상황은 절대 바뀔 리 없다는 지적입니다.(영상취재 : 유동혁, 영상편집 : 채철호)백운 기자(cloud@sbs.co.kr)▶[제보하기] 모든 순간이 뉴스가 됩니다▶[끝까지 판다] 뿌리 깊은 사학 비리※ ⓒ SBS & SBS Digital News Lab. : 무단복제 및 재배포 금지"
146,2018-12-14,9·13 대책 약발 확산?…서울 아파트값 오른 지역 '0',https://news.naver.com/main/read.nhn?mode=LSD&mid=shm&sid1=101&oid=437&aid=0000198341,JTBC,"[앵커]이번 주 서울에서는 아파트값이 오른 지역이 단 1곳도 없습니다. 1년 4달 정도 만에 처음입니다. 올해 무섭게 오르던 서울의 아파트값은 9·13 부동산 종합대책이 나오고 한풀 꺾였는데, 강남 지역을 중심으로 시작해서 이제는 서울 전역이 하락세로 돌아서고 있습니다.송승환 기자입니다.[기자]이번 주 서울 아파트 평균 매매 가격은 지난주보다 0.05% 빠지면서 5주 연속 하락했습니다.서울 25개 구 전체에서 아파트값이 오른 지역은 단 1곳도 없었습니다.한국감정원 조사로는 2017년 8월 둘째 주 이후 68주만입니다.서울 아파트 평균 가격은 이미 1달 전부터 하락세로 돌아섰습니다.특히 '강남 4구'로 꼽는 서초·강남·송파·강동구가 9·13 부동산 종합대책에 가장 먼저 반응했습니다.대규모 개발 계획이 취소된 여의도와 용산 지역도 지난달 중순 하락세로 돌아섰습니다.지난달 말에는 강북·노원구 등 서울 동북 지역 집값도 내렸습니다.아파트 거래량도 급감했습니다.부동산 대책이 발표된 9월부터 절반 가까이 뚝 떨어졌고 계속 줄어들고 있는 상황입니다.대출 규제와 금리 인상 때문에 주택구입 자금을 구하기 어려워지면서 집값 하락세는 당분간 이어질 것으로 보입니다.(영상디자인 : 조승우)송승환(song.seunghwan@jtbc.co.kr) [영상편집: 강한승]▶ 라이브 시청은 JTBC 뉴스앱!,제보는 뉴스룸으로!▶ 뉴스룸 뒤 이어지는 취재후기는 '소셜라이브'Copyright by JTBC(http://jtbc.joins.com)and JTBC Content Hub Co., Ltd. All Rights Reserved. 무단 전재 및 재배포 금지"
147,2018-12-14,밤사이 기온 뚝…아침 서울 -7도 '강추위',https://news.naver.com/main/read.nhn?mode=LSD&mid=shm&sid1=103&oid=052&aid=0001228642,YTN,"눈이 그치고 바람이 더 차가워졌습니다.오늘 밤사이에는 기온이 큰 폭으로 떨어지면서 강추위가 찾아오겠는데요.경기 북부와 강원, 충북과 경북, 전북 동부에 한파특보가 내려진 가운데 내일 서울 아침 기온이 -7도까지 떨어지는 등 오늘보다 4도가량 낮겠고, 찬 바람이 더해지며 체감 온도는 이보다 더 낮겠습니다.한낮에도 서울 기온이 0도에 머무는 등 종일 영하권 추위가 기승을 부리겠습니다.내일 외출하실 때는 옷차림 더욱 따뜻하게 해주시기 바랍니다.내일 하늘 표정은 좋습니다.전국이 대체로 맑겠고, 미세먼지 농도도 보통에서 좋음 수준을 보이겠는데요.다만 호남 서해안에는 새벽부터 아침 사이 1cm 미만의 눈이 조금 내리겠습니다.내일 아침 기온 오늘보다 1~4도가량 낮겠습니다.서울 영하 7도, 대전 영하 7도, 광주 영하 3도, 부산 영하 3도로 예상됩니다.낮 기온은 오늘보다 2~3도가량 낮겠습니다.서울 0도, 대전 3도, 광주 5도, 부산 7도로 예상됩니다.주말까지 강추위가 이어지겠고, 일요일에는 전국에 비나 눈이 내릴 것으로 전망됩니다.지금까지 날씨 정보였습니다.▶ YTN 개편 구독하면 총 300만원의 행운이!▶ 네이버 메인에서 YTN을 구독해주세요![저작권자(c) YTN & YTN PLUS 무단전재 및 재배포 금지]"
